pos	nuc	motif.seq	motif.length	motif.start	motif.end	repeat.seq	repeat.start	repeat.end	repeat.hamming.distance	effective.length
8473	A	CACCTACCACCCTCACCAAA	20	8465	8484	CACCTTCCACCCTTACTACA	15400	15419	4	16
8473	A	ACCACCTACCACCCTCACCA	20	8463	8482	ATCACCTTCCACCCTTACTA	15398	15417	4	16
8473	A	CTACCACCCTCACCA	15	8468	8482	CAACCTCCCTCACCA	13445	13459	2	13
8473	A	CTACCACCCTCACCAA	16	8468	8483	CAACCTCCCTCACCAT	13445	13460	3	13
8473	A	CTACCACCCTCACCAA	16	8468	8483	CTAAAACACTCACCAA	14394	14409	3	13
8473	A	CCTACCACCCTCACCA	16	8467	8482	CCGATCAACCTCACCA	1225	1240	3	13
8473	A	CCTACCACCCTCACCA	16	8467	8482	TCAACCTCCCTCACCA	13444	13459	3	13
8473	A	CCACCTACCACCCTCA	16	8464	8479	CCTCCTACAAGCCTCA	9728	9743	3	13
8473	A	TACCACCTACCACCCT	16	8462	8477	AATCACCTTCCACCCT	15397	15412	3	13
8473	A	TACCACCTACCACCCT	16	8462	8477	TACCAACTATCTCCCT	15843	15858	3	13
8473	A	CTACCACCTACCACCC	16	8461	8476	CTAGCCCCTACCCCCC	9522	9537	3	13
8473	A	ACCACCCTCACCAAAG	16	8470	8485	ACCTCCCTCACCATTG	13447	13462	3	13
8473	A	CACCTACCACCCTCA	15	8465	8479	CACCTACACCCCTTA	8924	8938	3	12
8473	A	CTACCACCCTCACCA	15	8468	8482	CTACCTCCCTGACAA	13580	13594	3	12
8473	A	CTACCACCTACCACC	15	8461	8475	CCACCACACACCACC	9413	9427	3	12
8473	A	TACCACCTACCACCC	15	8462	8476	TTACACCAACCACCC	8801	8815	3	12
8473	A	TACCACCTACCACCC	15	8462	8476	TGCCACCTATCACAC	4377	4391	3	12
8473	A	ACCACCCTCACCA	13	8470	8482	AACACCCTCACCA	4009	4021	1	12
8473	A	ACCACCCTCACCAA	14	8470	8483	AACACCCTCACCAC	4009	4022	2	12
8473	A	TACCACCCTCACCA	14	8469	8482	AAACACCCTCACCA	4008	4021	2	12
8473	A	ACCCTCACCAAAGCC	15	8473	8487	ACACTCACCAAGACC	14399	14413	3	12
8473	A	CACCCTCACCAAAGC	15	8472	8486	CACCCTCACCACTAC	4011	4025	3	12
8473	A	CACCCTCACCAAAGC	15	8472	8486	CACACTCATCACAGC	4517	4531	3	12
8473	A	CCACCCTCACCAAAG	15	8471	8485	CCACACCCACCCAAG	3205	3219	3	12
8473	A	ACCACCCTCACCAAA	15	8470	8484	ACCCCCCTCCCCATA	3565	3579	3	12
8473	A	ACCACCCTCACCAAA	15	8470	8484	AACACCCTCACCACT	4009	4023	3	12
8473	A	ACCACCCTCACCAAA	15	8470	8484	ACCACTATCACGAAA	11020	11034	3	12
8473	A	CCACCTACCACCCTC	15	8464	8478	CCACCTATCACACCC	4379	4393	3	12
8473	A	TACCACCCTCACCAA	15	8469	8483	TACCACCCTCGTTAA	12396	12410	3	12
8473	A	CTACCACCCTCACCA	15	8468	8482	TAAACACCCTCACCA	4007	4021	3	12
8473	A	TACCACCCTCACCAA	15	8469	8483	AAACACCCTCACCAC	4008	4022	3	12
8473	A	ACCACCCTCACCAAA	15	8470	8484	ACCAGCCTAACCAGA	376	390	3	12
8473	A	ACCACCCTCACC	12	8470	8481	ACCACCCTAACC	12358	12369	1	11
8473	A	CCTACCACCCTC	12	8467	8478	CTTACCACCCTC	12394	12405	1	11
8473	A	CACCCTCACCAAA	13	8472	8484	CTCCCTCACTAAA	4906	4918	2	11
8473	A	CCACCCTCACCAA	13	8471	8483	CCACCCTTACTAA	13649	13661	2	11
8473	A	ACCACCCTCACCA	13	8470	8482	ACCACCCTAACCC	12358	12370	2	11
8473	A	TACCACCCTCACC	13	8469	8481	TCCCACCCTCACA	15262	15274	2	11
8473	A	CTACCACCCTCAC	13	8468	8480	GTCCCACCCTCAC	15261	15273	2	11
8473	A	CCTACCACCCTCA	13	8467	8479	CTTACCACCCTCG	12394	12406	2	11
8473	A	ACCTACCACCCTC	13	8466	8478	CCTTACCACCCTC	12393	12405	2	11
8473	A	CACCTACCACCCT	13	8465	8477	CACCAACCACCCA	8804	8816	2	11
8473	A	TACCACCCTCAC	12	8469	8480	TCCCACCCTCAC	15262	15273	1	11
8473	A	TACCACCCTCACC	13	8469	8481	AACCACCCTAACC	12357	12369	2	11
8473	A	CCACCCTCACCA	12	8471	8482	CCACCATCACCC	5317	5328	2	10
8473	A	CCTACCACCCTC	12	8467	8478	CCTACCTCCATC	14372	14383	2	10
8473	A	CACCTACCACCC	12	8465	8476	CAACCACCACCC	14331	14342	2	10
8473	A	CCACCCTCACCA	12	8471	8482	CCATCCTTACCA	12389	12400	2	10
8473	A	CACCTACCACCC	12	8465	8476	CACCTATCCCCC	12077	12088	2	10
8473	A	CCACCCTCACCA	12	8471	8482	CCACACTCAACA	14643	14654	2	10
8473	A	CCACCCTCACCA	12	8471	8482	CCACCCTCACAC	15264	15275	2	10
8473	A	CCACCCTCACCA	12	8471	8482	CCACCCTTAACA	16291	16302	2	10
8473	A	ACCACCCTCACC	12	8470	8481	GCCACCATCACC	5316	5327	2	10
8473	A	ACCACCCTCACC	12	8470	8481	ACCACTTTCACC	8129	8140	2	10
8473	A	ACCTACCACCCT	12	8466	8477	ATCTATCACCCT	2274	2285	2	10
8473	A	CCTACCACCCTC	12	8467	8478	CTTACCTCCCTC	6215	6226	2	10
8473	A	ACCACCCTCACC	12	8470	8481	ACCAACCACACC	13295	13306	2	10
8473	A	CCTACCACCCTC	12	8467	8478	CCATCCACCCTC	5202	5213	2	10
8473	A	CCTACCACCCTC	12	8467	8478	CCTACCACTCAC	4185	4196	2	10
8473	A	ACCACCCTCACC	12	8470	8481	ACCACCCACAGC	10841	10852	2	10
8473	A	CTACCACCCTCA	12	8468	8479	CAACCACCCACA	10839	10850	2	10
8473	A	CTACCACCCTCA	12	8468	8479	CTAACACCCTTA	5187	5198	2	10
8473	A	TACCACCCTCAC	12	8469	8480	TACCTCCCTCTC	6217	6228	2	10
8473	A	TACCACCCTCAC	12	8469	8480	TACAACCCTAAC	5055	5066	2	10
8473	A	TACCACCCTCAC	12	8469	8480	TATTACCCTCAC	2408	2419	2	10
8473	A	CCACCCTCACCA	12	8471	8482	CCTCCCTTACCA	7863	7874	2	10
8473	A	CCACCCTCACCA	12	8471	8482	CCACCCTTATCA	3794	3805	2	10
8473	A	CACCCTCACCAA	12	8472	8483	CCCCCGCACCAA	14244	14255	2	10
8473	A	CCACCCTCACC	11	8471	8481	CCACCATCACC	5317	5327	1	10
8473	A	ACCCTCACCAAA	12	8473	8484	ACCCTAACAAAA	12410	12421	2	10
8473	A	ACCCTCACCAAA	12	8473	8484	ACCCACAACAAA	12926	12937	2	10
8473	A	CACCCTCACCAA	12	8472	8483	CCCCCTCCCCAA	956	967	2	10
8473	A	CACCCTCACCAA	12	8472	8483	CAACCTCACCAC	1230	1241	2	10
8473	A	CACCCTCACCAA	12	8472	8483	CACCCTCCTCAA	1491	1502	2	10
8473	A	CACCCTCACCAA	12	8472	8483	CACCCTAATCAA	5704	5715	2	10
8473	A	ACCACCTACCAC	12	8463	8474	ACTTCCTACCAC	4181	4192	2	10
8473	A	ACCCTCACCA	10	8473	8482	ACCCTCAACA	10611	10620	1	9
8473	A	CACCCTCACCA	11	8472	8482	CCCCCTCCCCA	16184	16194	2	9
8473	A	ACCACCCTCA	10	8470	8479	AACACCCTCA	12059	12068	1	9
8473	A	CCTACCACCCT	11	8467	8477	CTTACCACGCT	5463	5473	2	9
8473	A	ACCTACCACCC	11	8466	8476	TCCTACCACTC	4184	4194	2	9
8473	A	CCTACCACCCT	11	8467	8477	GCTACCTCCCT	13579	13589	2	9
8473	A	CCTACCACCCT	11	8467	8477	CCTACCCCCCA	9528	9538	2	9
8473	A	CCTACCACCCT	11	8467	8477	CCTACCACACA	7405	7415	2	9
8473	A	CCTACCACCCT	11	8467	8477	CCCCCCACCCT	7397	7407	2	9
8473	A	CCTACCACCCT	11	8467	8477	CCTACCAGGCT	6644	6654	2	9
8473	A	CCTACCACCCT	11	8467	8477	ACTCCCACCCT	6310	6320	2	9
8473	A	CCTACCACCCT	11	8467	8477	ACTAACACCCT	5186	5196	2	9
8473	A	ACCACCCTCA	10	8470	8479	ACCCCCCTCA	16374	16383	1	9
8473	A	CCTACCACCCT	11	8467	8477	CGTACAACCCT	5053	5063	2	9
8473	A	CCTACCACCCT	11	8467	8477	ACTACAACCCT	3441	3451	2	9
8473	A	CCTACCACCCT	11	8467	8477	TCTATCACCCT	10	20	2	9
8473	A	CTACCACCCTC	11	8468	8478	CCACCATCCTC	16400	16410	2	9
8473	A	CTACCACCCTC	11	8468	8478	CTTCCACCCCC	13122	13132	2	9
8473	A	CTACCACCCTC	11	8468	8478	CAACCCCCCTC	10944	10954	2	9
8473	A	CTACCACCCTC	11	8468	8478	CCATCACCCTC	5320	5330	2	9
8473	A	ACCTACCACCC	11	8466	8476	ACCTATCTCCC	5480	5490	2	9
8473	A	ACCTACCACCC	11	8466	8476	CCCTACCACAC	7404	7414	2	9
8473	A	ACCTACCACCC	11	8466	8476	ACCTACCCACC	16285	16295	2	9
8473	A	CACCTACCACC	11	8465	8475	CACCCACTACC	2215	2225	2	9
8473	A	ACCACCTACCA	11	8463	8473	ATCACCTCCCA	15377	15387	2	9
8473	A	ACCACCTACCA	11	8463	8473	ACCCCCTAGCA	13127	13137	2	9
8473	A	ACCACCTACCA	11	8463	8473	ACCCCCTAACA	10935	10945	2	9
8473	A	ACCACCTACCA	11	8463	8473	AGCACATACCA	9399	9409	2	9
8473	A	ACCACCTACCA	11	8463	8473	ACCATATACCA	9363	9373	2	9
8473	A	ACCACCTACCA	11	8463	8473	ACCACCCAACA	8656	8666	2	9
8473	A	ACCACCTACCA	11	8463	8473	ACCCCCTGCCA	6419	6429	2	9
8473	A	CCACCTACCAC	11	8464	8474	CAACCAACCAC	13293	13303	2	9
8473	A	CCACCTACCAC	11	8464	8474	TCACCCACCAC	12015	12025	2	9
8473	A	CCACCTACCAC	11	8464	8474	CCACCAATCAC	9212	9222	2	9
8473	A	CCACCTACCAC	11	8464	8474	CACCCTACCAC	7402	7412	2	9
8473	A	CCACCTACCAC	11	8464	8474	CCAACTAACAC	437	447	2	9
8473	A	CCACCTACCAC	11	8464	8474	CCACTTTCCAC	261	271	2	9
8473	A	CACCTACCACC	11	8465	8475	CACCCACCACA	12016	12026	2	9
8473	A	CACCTACCACC	11	8465	8475	CATCTACCATC	3500	3510	2	9
8473	A	CTACCACCCTC	11	8468	8478	CCATCACCCTC	3506	3516	2	9
8473	A	CTACCACCCTC	11	8468	8478	CTACAACCCTT	3442	3452	2	9
8473	A	CTACCACCCTC	11	8468	8478	CTATCACCCTA	2276	2286	2	9
8473	A	CACCCTCACCA	11	8472	8482	CACACTAACCA	9356	9366	2	9
8473	A	CACCCTCACCA	11	8472	8482	CGCCCTTACCA	5459	5469	2	9
8473	A	CACCCTCACCA	11	8472	8482	CATCCCCACCA	5300	5310	2	9
8473	A	CACCCTCACCA	11	8472	8482	CACCCTAGCCA	3738	3748	2	9
8473	A	CACCCTCACCA	11	8472	8482	CACCCTCTACA	3510	3520	2	9
8473	A	ACCCTCACCAA	11	8473	8483	CCCCTCACCCA	16259	16269	2	9
8473	A	ACCCTCACCAA	11	8473	8483	ACCCTCAACTA	16220	16230	2	9
8473	A	ACCCTCACCAA	11	8473	8483	ACCCTAGCCAA	15515	15525	2	9
8473	A	ACCCTCACCAA	11	8473	8483	ACCCTCAACAC	10611	10621	2	9
8473	A	ACCCTCACCAA	11	8473	8483	ACCATAACCAA	4722	4732	2	9
8473	A	ACCCTCACCAA	11	8473	8483	ACCCACACCCA	3203	3213	2	9
8473	A	CACCTACCAC	10	8465	8474	CACCCACCAC	12016	12025	1	9
8473	A	CCTACCACCC	10	8467	8476	CCTACCACAC	7405	7414	1	9
8473	A	CTACCACCCT	10	8468	8477	CTCCCACCCT	6311	6320	1	9
8473	A	CTACCACCCT	10	8468	8477	CTACAACCCT	3442	3451	1	9
8473	A	CTACCACCCT	10	8468	8477	CTATCACCCT	11	20	1	9
8473	A	CACCCTCACCA	11	8472	8482	CAACCTCAACA	6542	6552	2	9
8473	A	CACCCTCACCA	11	8472	8482	AACCCTCAACA	10610	10620	2	9
8473	A	CTACCACCCTC	11	8468	8478	CTATCACCCTA	11	21	2	9
8473	A	CACCCTCACCA	11	8472	8482	CACCCACAGCA	14356	14366	2	9
8473	A	TACCACCCTCA	11	8469	8479	GACCCCCCTCA	16373	16383	2	9
8473	A	TACCACCCTCA	11	8469	8479	AAACACCCTCA	12058	12068	2	9
8473	A	TACCACCCTCA	11	8469	8479	TAAAACCCTCA	12036	12046	2	9
8473	A	ACCACCCTCAC	11	8470	8480	ACCCCCCTCAG	16374	16384	2	9
8473	A	ACCACCCTCAC	11	8470	8480	CCCACCCTTAC	13648	13658	2	9
8473	A	ACCACCCTCAC	11	8470	8480	AACACCCTCAT	12059	12069	2	9
8473	A	CCACCCTCACC	11	8471	8481	CACCCCTCACC	16257	16267	2	9
8473	A	CCACCCTCACC	11	8471	8481	CAACCCTCAAC	16218	16228	2	9
8473	A	CCACCCTCACC	11	8471	8481	CCATCCTCATC	15636	15646	2	9
8473	A	CCACCCTCACC	11	8471	8481	CAACCCTGACC	14272	14282	2	9
8473	A	CCACCCTCACC	11	8471	8481	CCATCATCACC	14057	14067	2	9
8473	A	CCACCCTCACC	11	8471	8481	CAAGCCTCACC	12959	12969	2	9
8473	A	CCACCCTCACC	11	8471	8481	CCACACTCATC	5449	5459	2	9
8473	A	CCACCCTCACC	11	8471	8481	CCACCCTCCTC	5206	5216	2	9
8473	A	CCACCCTCACC	11	8471	8481	CCCCCCTCCCC	304	314	2	9
8473	A	CCACCCTCACC	11	8471	8481	CTACCATCACC	3503	3513	2	9
8473	A	CTACCACCCTC	11	8468	8478	CTCCCACCCTG	6311	6321	2	9
8473	A	ACCACCCTCA	10	8470	8479	ATCACCCTCT	3508	3517	2	8
8473	A	ACCCTCACCA	10	8473	8482	AGCCTCATCA	5292	5301	2	8
8473	A	CCTACCACC	9	8467	8475	CCTAACACC	370	378	1	8
8473	A	ACCCTCACCA	10	8473	8482	GCTCTCACCA	3538	3547	2	8
8473	A	ACCCTCACCA	10	8473	8482	ACCATCACCC	3505	3514	2	8
8473	A	ACCCTCACCA	10	8473	8482	ACCCTAACCG	2576	2585	2	8
8473	A	ACCCTCACCA	10	8473	8482	AGCATCACCA	2518	2527	2	8
8473	A	ACCCTCACCA	10	8473	8482	ACCCTCACTG	2412	2421	2	8
8473	A	ACCCTCACCA	10	8473	8482	ACCCACTCCA	1688	1697	2	8
8473	A	ACCCTCACCA	10	8473	8482	AACCTCAACA	1103	1112	2	8
8473	A	CACCTACCA	9	8465	8473	CACCTAGCA	13303	13311	1	8
8473	A	CACCTACCA	9	8465	8473	CCCCTACCA	10278	10286	1	8
8473	A	CACCTACCA	9	8465	8473	CACCTAGCA	6354	6362	1	8
8473	A	ACCTACCAC	9	8466	8474	ACCTGCCAC	10306	10314	1	8
8473	A	CTACCACCC	9	8468	8476	GTACCACCC	16049	16057	1	8
8473	A	TACCACCC	8	8469	8476	TACCACCC	16050	16057	0	8
8473	A	TACCACCCT	9	8469	8477	TACCACCCA	16050	16058	1	8
8473	A	ACCACCCTC	9	8470	8478	ACCACCATC	16399	16407	1	8
8473	A	ACCACCCTC	9	8470	8478	AACACCCTC	10086	10094	1	8
8473	A	ACCACCCTC	9	8470	8478	ACCACCTTC	6552	6560	1	8
8473	A	CCACCCTCA	9	8471	8479	CCACCATCA	5305	5313	1	8
8473	A	CACCCTCAC	9	8472	8480	CACCCTAAC	13623	13631	1	8
8473	A	CACCCTCAC	9	8472	8480	CACTCTCAC	11296	11304	1	8
8473	A	CACCCTCAC	9	8472	8480	CACCCCCAC	5893	5901	1	8
8473	A	CACCCTCAC	9	8472	8480	CACCCCCAC	800	808	1	8
8473	A	ACCCTCACC	9	8473	8481	ACCCTAACC	2576	2584	1	8
8473	A	ACCCTCACC	9	8473	8481	ACCCTCACT	2412	2420	1	8
8473	A	ACCCTCACCA	10	8473	8482	AACCTCTCCA	3787	3796	2	8
8473	A	ACCCTCACCA	10	8473	8482	ACCCACCCCA	5432	5441	2	8
8473	A	CCTACCACCC	10	8467	8476	ACAACCACCC	10838	10847	2	8
8473	A	TACCACCCTC	10	8469	8478	AACCCCCCTC	3564	3573	2	8
8473	A	CCTACCACCC	10	8467	8476	CTTACCCCCC	11863	11872	2	8
8473	A	CCTACCACCC	10	8467	8476	CCTACCCCTC	10975	10984	2	8
8473	A	CCTACCACCC	10	8467	8476	CCTAACAACC	10939	10948	2	8
8473	A	CCTACCACCC	10	8467	8476	CCTCCGACCC	10929	10938	2	8
8473	A	ACCCTCACCA	10	8473	8482	ACACTCACAA	7718	7727	2	8
8473	A	CCTACCACCC	10	8467	8476	CCTACTAACC	9344	9353	2	8
8473	A	CCTACCACCC	10	8467	8476	CCTACCCGCC	8574	8583	2	8
8473	A	CCTACCACCC	10	8467	8476	CCTCCCATCC	7816	7825	2	8
8473	A	CCTACCACCC	10	8467	8476	CCTAACACTC	7714	7723	2	8
8473	A	CCTACCACCC	10	8467	8476	CCTACTACTC	5117	5126	2	8
8473	A	CCTACCACCC	10	8467	8476	CCTAAAACCC	3486	3495	2	8
8473	A	CCTACCACCC	10	8467	8476	CCTCACACCC	2254	2263	2	8
8473	A	CCTACCACCC	10	8467	8476	CCTCCCACTC	458	467	2	8
8473	A	CCTACCACCC	10	8467	8476	CCTAACACCA	370	379	2	8
8473	A	CTACCACCCT	10	8468	8477	GTACCACCCA	16049	16058	2	8
8473	A	CTACCACCCT	10	8468	8477	CTAACCCCCT	14766	14775	2	8
8473	A	CTACCACCCT	10	8468	8477	CCACCACCCC	14334	14343	2	8
8473	A	CTACCACCCT	10	8468	8477	CTAACAACCT	12737	12746	2	8
8473	A	CTACCACCCT	10	8468	8477	TAACCACCCT	12356	12365	2	8
8473	A	CTACCACCCT	10	8468	8477	CTTCGACCCT	10178	10187	2	8
8473	A	CTACCACCCT	10	8468	8477	CCACGACCCT	5143	5152	2	8
8473	A	CTACCACCCT	10	8468	8477	CTACCATCTT	4501	4510	2	8
8473	A	TACCACCCTC	10	8469	8478	GACCACCATC	16398	16407	2	8
8473	A	TACCACCCTC	10	8469	8478	TACCACCCAA	16050	16059	2	8
8473	A	TACCACCCTC	10	8469	8478	TATCACTCTC	11929	11938	2	8
8473	A	TACCACCCTC	10	8469	8478	TACCCCCCAC	11865	11874	2	8
8473	A	TACCACCCTC	10	8469	8478	CAACACCCTC	10085	10094	2	8
8473	A	TACCACCCTC	10	8469	8478	TAGCACCCCC	8267	8276	2	8
8473	A	TACCACCCTC	10	8469	8478	CACCACCTTC	6551	6560	2	8
8473	A	CCTACCACCC	10	8467	8476	CTTACGACCC	12187	12196	2	8
8473	A	CCTACCACCC	10	8467	8476	GCTTCCACCC	13121	13130	2	8
8473	A	CCTACCACCC	10	8467	8476	CCGACCACAC	14558	14567	2	8
8473	A	CACCTACCAC	10	8465	8474	AACCTGCCAC	10305	10314	2	8
8473	A	CCACCTACCA	10	8464	8473	CCAGCCACCA	16107	16116	2	8
8473	A	CCACCTACCA	10	8464	8473	CCACCTCCTA	15331	15340	2	8
8473	A	CCACCTACCA	10	8464	8473	CCCCCTTCCA	13763	13772	2	8
8473	A	CCACCTACCA	10	8464	8473	ACACCTAGCA	13302	13311	2	8
8473	A	CCACCTACCA	10	8464	8473	CCTCCTAGCA	12984	12993	2	8
8473	A	CCACCTACCA	10	8464	8473	CCACCTACTC	9027	9036	2	8
8473	A	CCACCTACCA	10	8464	8473	CCACCTCCAA	8621	8630	2	8
8473	A	CCACCTACCA	10	8464	8473	ACACCTAGCA	6353	6362	2	8
8473	A	CCACCTACCA	10	8464	8473	ACATCTACCA	3499	3508	2	8
8473	A	CACCTACCAC	10	8465	8474	CAACTATCAC	16225	16234	2	8
8473	A	CACCTACCAC	10	8465	8474	CACCTCCCAT	15379	15388	2	8
8473	A	CACCTACCAC	10	8465	8474	CACCTAGCAT	13303	13312	2	8
8473	A	CACCTACCAC	10	8465	8474	CTCCTACCCC	10973	10982	2	8
8473	A	CACCTACCAC	10	8465	8474	CCCCTACCAT	10278	10287	2	8
8473	A	CCTACCACCC	10	8467	8476	GGTACCACCC	16048	16057	2	8
8473	A	CACCTACCAC	10	8465	8474	CACATACCAA	9401	9410	2	8
8473	A	CACCTACCAC	10	8465	8474	CACCGACTAC	7915	7924	2	8
8473	A	CACCTACCAC	10	8465	8474	CACGTACTAC	7010	7019	2	8
8473	A	CACCTACCAC	10	8465	8474	CACCTAGCAG	6354	6363	2	8
8473	A	CACCTACCAC	10	8465	8474	CATCTACAAC	6059	6068	2	8
8473	A	CACCTACCAC	10	8465	8474	CCCTTACCAC	5461	5470	2	8
8473	A	CACCTACCAC	10	8465	8474	CACCCCCCAC	566	575	2	8
8473	A	CACCTACCAC	10	8465	8474	CCCCTCCCAC	456	465	2	8
8473	A	ACCTACCACC	10	8466	8475	TCCTACCTCC	14371	14380	2	8
8473	A	ACCTACCACC	10	8466	8475	ACCTGCCACT	10306	10315	2	8
8473	A	ACCTACCACC	10	8466	8475	AACTACTACC	5102	5111	2	8
8473	A	ACCTACCACC	10	8466	8475	ACCTAGCCCC	1676	1685	2	8
8473	A	ACCTACCACC	10	8466	8475	CCCTAACACC	369	378	2	8
8473	A	TACCACCCTC	10	8469	8478	TACCACGCTA	5465	5474	2	8
8473	A	CTACCACCCT	10	8468	8477	CTACCTCTCT	11041	11050	2	8
8473	A	TACCACCCTC	10	8469	8478	TACCGCCATC	1259	1268	2	8
8473	A	CCACCCTCAC	10	8471	8480	CCTGCCTCAC	8787	8796	2	8
8473	A	CCACCCTCAC	10	8471	8480	CTACCCTCCC	6287	6296	2	8
8473	A	CCACCCTCAC	10	8471	8480	TCACCCCCAC	5892	5901	2	8
8473	A	CCACCCTCAC	10	8471	8480	CCACCATCAT	5305	5314	2	8
8473	A	CCACCCTCAC	10	8471	8480	TCTCCCTCAC	4905	4914	2	8
8473	A	CCACCCTCAC	10	8471	8480	ACACCCCCAC	799	808	2	8
8473	A	CACCCTCACC	10	8472	8481	CATCCTAACC	14121	14130	2	8
8473	A	CACCCTCACC	10	8472	8481	CACCCTAACA	13623	13632	2	8
8473	A	CACCCTCACC	10	8472	8481	CATCCTCGCC	12882	12891	2	8
8473	A	CACCCTCACC	10	8472	8481	CACCCTCATG	12061	12070	2	8
8473	A	CACCCTCACC	10	8472	8481	CTCACTCACC	12010	12019	2	8
8473	A	TACCACCCTC	10	8469	8478	TACAACCCCC	489	498	2	8
8473	A	CACCCTCACC	10	8472	8481	CACCCACTCC	10619	10628	2	8
8473	A	CACCCTCACC	10	8472	8481	CACCCCCACT	5893	5902	2	8
8473	A	CACCCTCACC	10	8472	8481	CACTCTCCCC	4052	4061	2	8
8473	A	CACCCTCACC	10	8472	8481	CAACCTCAAC	3594	3603	2	8
8473	A	CACCCTCACC	10	8472	8481	TACCCACACC	3202	3211	2	8
8473	A	CACCCTCACC	10	8472	8481	TACCCTAACC	2575	2584	2	8
8473	A	CACCCTCACC	10	8472	8481	TACCCTCACT	2411	2420	2	8
8473	A	CACCCTCACC	10	8472	8481	CACCCCCTCC	954	963	2	8
8473	A	CACCCTCACC	10	8472	8481	CACCCCCACG	800	809	2	8
8473	A	CACCCTCACC	10	8472	8481	CACACACACC	516	525	2	8
8473	A	ACCCTCACCA	10	8473	8482	CCCCTCCCCA	15537	15546	2	8
8473	A	ACCCTCACCA	10	8473	8482	ATTCTCACCA	15478	15487	2	8
8473	A	ACCCTCACCA	10	8473	8482	ACCCTGACCC	14274	14283	2	8
8473	A	ACCCTCACCA	10	8473	8482	AGCCTCACCC	12961	12970	2	8
8473	A	ACCCTCACCA	10	8473	8482	ACACTCACAA	11256	11265	2	8
8473	A	ACCCTCACCA	10	8473	8482	CCCCTCACAA	10979	10988	2	8
8473	A	ACCCTCACCA	10	8473	8482	ACCCCTACCA	10277	10286	2	8
8473	A	ACCCTCACCA	10	8473	8482	CCCTTCACCA	9759	9768	2	8
8473	A	CCACCCTCAC	10	8471	8480	CCACCCTACC	7401	7410	2	8
8473	A	CACCCTCACC	10	8472	8481	CACTCTCACT	11296	11305	2	8
8473	A	CCACCCTCAC	10	8471	8480	CCACCCTAGC	9056	9065	2	8
8473	A	ACCACCCTCA	10	8470	8479	AACACCCTCC	10086	10095	2	8
8473	A	ACCACCCTCA	10	8470	8479	ACCATCCTCC	16402	16411	2	8
8473	A	ACCACCCTCA	10	8470	8479	ACCACCATCC	16399	16408	2	8
8473	A	CCACCCTCAC	10	8471	8480	TCACTCTCAC	11295	11304	2	8
8473	A	ACCACCCTCA	10	8470	8479	TCAACCCTCA	16217	16226	2	8
8473	A	ACCACCCTCA	10	8470	8479	TCCATCCTCA	15635	15644	2	8
8473	A	ACCACCCTCA	10	8470	8479	CCCACACTCA	14642	14651	2	8
8473	A	ACCACCCTCA	10	8470	8479	ACCTCCCCCA	14527	14536	2	8
8473	A	ACCACCCTCA	10	8470	8479	ACAACCATCA	14477	14486	2	8
8473	A	ACCACCCTCA	10	8470	8479	ACCTCCATCA	14053	14062	2	8
8473	A	ACCACCCTCA	10	8470	8479	ACTCCCCTCA	13032	13041	2	8
8473	A	ACCACCCTCA	10	8470	8479	ACCACACTTA	11129	11138	2	8
8473	A	ACCACCCTCA	10	8470	8479	ACCCCCCTCC	10946	10955	2	8
8473	A	ACCACCCTCA	10	8470	8479	ATAACCCTCA	10608	10617	2	8
8473	A	ACCACCCTCA	10	8470	8479	CCCACCCTTA	16290	16299	2	8
8473	A	ACCACCCTCA	10	8470	8479	ACTAACCTCA	8679	8688	2	8
8473	A	ACCACCCTCA	10	8470	8479	TCCACCCTCC	5205	5214	2	8
8473	A	ACCACCCTCA	10	8470	8479	ACCACCTTCT	6552	6561	2	8
8473	A	CCACCCTCAC	10	8471	8480	TCACCCTAAC	13622	13631	2	8
8473	A	ACCACCCTCA	10	8470	8479	ACCCCCCACA	567	576	2	8
8473	A	ACCACCCTCA	10	8470	8479	ACCACGATCA	735	744	2	8
8473	A	ACCACCCTCA	10	8470	8479	TCCACCCTTA	3793	3802	2	8
8473	A	CCACCCTCAC	10	8471	8480	CTACCTTCAC	14986	14995	2	8
8473	A	ACCACCCTCA	10	8470	8479	CCCACCATCA	5304	5313	2	8
8473	A	ACCACCCTCA	10	8470	8479	ATCACCCTCC	5322	5331	2	8
8473	A	ACCACCCTCA	10	8470	8479	CCCACACTCA	5448	5457	2	8
8473	A	ACCACCCTCA	10	8470	8479	AGCACCCTAA	5702	5711	2	8
8473	A	CTACCACC	8	8468	8475	CTACCCCC	8278	8285	1	7
8473	A	CTACCACC	8	8468	8475	CTACAACC	14688	14695	1	7
8473	A	CTACCACC	8	8468	8475	CTATCACC	13181	13188	1	7
8473	A	CTACCACC	8	8468	8475	CTACCACT	10793	10800	1	7
8473	A	CTACCACC	8	8468	8475	CTACCACA	10128	10135	1	7
8473	A	TACCACCC	8	8469	8476	TAGCACCC	15984	15991	1	7
8473	A	CTACCACC	8	8468	8475	CTACGACC	4149	4156	1	7
8473	A	TACCACCC	8	8469	8476	TAACACCC	2159	2166	1	7
8473	A	TACCACCC	8	8469	8476	TACCACTC	9510	9517	1	7
8473	A	TACCACCC	8	8469	8476	CACCACCC	8655	8662	1	7
8473	A	CCTACCAC	8	8467	8474	CTTACCAC	8910	8917	1	7
8473	A	ACCACCCT	8	8470	8477	CCCACCCT	13678	13685	1	7
8473	A	CCTACCAC	8	8467	8474	CCTACTAC	5150	5157	1	7
8473	A	ACCTACCA	8	8466	8473	ACCTACCG	1995	2002	1	7
8473	A	CCTACCAC	8	8467	8474	ACTACCAC	10127	10134	1	7
8473	A	CCTACCAC	8	8467	8474	ACTACCAC	10792	10799	1	7
8473	A	CCTACCAC	8	8467	8474	CCTACCCC	11532	11539	1	7
8473	A	CCTACCAC	8	8467	8474	CCTACGAC	11587	11594	1	7
8473	A	ACCTACCA	8	8466	8473	ACCAACCA	547	554	1	7
8473	A	ACCTACCA	8	8466	8473	ACCTAACA	2760	2767	1	7
8473	A	ACCTACCA	8	8466	8473	AACTACCA	2783	2790	1	7
8473	A	ACCTACCA	8	8466	8473	TCCTACCA	6643	6650	1	7
8473	A	ACCTACCA	8	8466	8473	ACCTACGA	7904	7911	1	7
8473	A	ACCTACCA	8	8466	8473	ACCCACCA	9210	9217	1	7
8473	A	ACCACCCT	8	8470	8477	AACACCCT	11264	11271	1	7
8473	A	ACCACCCT	8	8470	8477	ACCACTCT	13186	13193	1	7
8473	A	ACCACCCT	8	8470	8477	GCCACCCT	9055	9062	1	7
8473	A	ACCACCCT	8	8470	8477	ACCTCCCT	4105	4112	1	7
8473	A	CACCCTC	7	8472	8478	CACCCTC	722	728	0	7
8473	A	CCACCCT	7	8471	8477	CCACCCT	13679	13685	0	7
8473	A	TACCACC	7	8469	8475	TACCACC	8462	8468	0	7
8473	A	CTACCAC	7	8468	8474	CTACCAC	8461	8467	0	7
8473	A	CTACCAC	7	8468	8474	CTACCAC	10128	10134	0	7
8473	A	CTACCAC	7	8468	8474	CTACCAC	10793	10799	0	7
8473	A	ACCCTCAC	8	8473	8480	ACCCTAAC	368	375	1	7
8473	A	ACCCTCAC	8	8473	8480	ACCCTCAT	12040	12047	1	7
8473	A	ACCCTCAC	8	8473	8480	ACCCTGAC	12367	12374	1	7
8473	A	ACCCTCAC	8	8473	8480	ACCCACAC	14641	14648	1	7
8473	A	CACCCTCA	8	8472	8479	CACCCTCT	722	729	1	7
8473	A	CACCCTCA	8	8472	8479	CCCCCTCA	4249	4256	1	7
8473	A	CACCCTCA	8	8472	8479	CACCCTGA	6621	6628	1	7
8473	A	CACCCTCA	8	8472	8479	CGCCCTCA	7663	7670	1	7
8473	A	CACCCTCA	8	8472	8479	CACACTCA	11497	11504	1	7
8473	A	CACCCTCA	8	8472	8479	CATCCTCA	11724	11731	1	7
8473	A	CCACCCTC	8	8471	8478	TCACCCTC	721	728	1	7
8473	A	CCACCCTC	8	8471	8478	TCACCCTC	1490	1497	1	7
8473	A	CCACCCTC	8	8471	8478	CCAACCTC	2835	2842	1	7
8473	A	CCACCCTC	8	8471	8478	CCAACCTC	3317	3324	1	7
8473	A	CCACCCTC	8	8471	8478	CCACACTC	6877	6884	1	7
8473	A	CCACCCTC	8	8471	8478	CCACCCTA	13679	13686	1	7
8473	A	CCACCCTC	8	8471	8478	CCATCCTC	15660	15667	1	7
8473	A	ACCACCCT	8	8470	8477	AGCACCCT	108	115	1	7
8473	A	CCACCCT	7	8471	8477	CCTCCCT	6291	6297	1	6
8473	A	CACCCTC	7	8472	8478	CCCCCTC	13782	13788	1	6
8473	A	CCACCCT	7	8471	8477	CCATCCT	4393	4399	1	6
8473	A	CACCCTC	7	8472	8478	CTCCCTC	10625	10631	1	6
8473	A	CACCCTC	7	8472	8478	CACCCTA	11215	11221	1	6
8473	A	CACCCTC	7	8472	8478	CACCCTA	11266	11272	1	6
8473	A	CACCCTC	7	8472	8478	CTCCCTC	11977	11983	1	6
8473	A	CACCCTC	7	8472	8478	CAACCTC	13636	13642	1	6
8473	A	CCACCCT	7	8471	8477	CCACCTT	1695	1701	1	6
8473	A	CACCCTC	7	8472	8478	CGCCCTC	15430	15436	1	6
8473	A	CACCCTC	7	8472	8478	CACCCAC	16264	16270	1	6
8473	A	CCACCCT	7	8471	8477	CCATCCT	501	507	1	6
8473	A	CCACCCT	7	8471	8477	TCACCCT	4193	4199	1	6
8473	A	CCACCCT	7	8471	8477	CCTCCCT	3116	3122	1	6
8473	A	CCACCCT	7	8471	8477	TCACCCT	3737	3743	1	6
8473	A	CCACCCT	7	8471	8477	CCACACT	3869	3875	1	6
8473	A	CCACCCT	7	8471	8477	CCACTCT	5603	5609	1	6
8473	A	CACCCTC	7	8472	8478	CACCCTA	110	116	1	6
8473	A	CCACCCT	7	8471	8477	TCACCCT	6620	6626	1	6
8473	A	CCACCCT	7	8471	8477	ACACCCT	7111	7117	1	6
8473	A	CCACCCT	7	8471	8477	CCACCAT	15977	15983	1	6
8473	A	CCACCCT	7	8471	8477	CTACCCT	15778	15784	1	6
8473	A	CCACCCT	7	8471	8477	CCACCCC	14811	14817	1	6
8473	A	CCACCCT	7	8471	8477	CTACCCT	13920	13926	1	6
8473	A	CCACCCT	7	8471	8477	CCACCCC	13055	13061	1	6
8473	A	CCACCCT	7	8471	8477	CCACCCC	13023	13029	1	6
8473	A	CCACCCT	7	8471	8477	CCACCTT	12461	12467	1	6
8473	A	CCACCCT	7	8471	8477	ACACCCT	11214	11220	1	6
8473	A	CCACCCT	7	8471	8477	CCACCTT	11142	11148	1	6
8473	A	CCACCCT	7	8471	8477	CCAACCT	10919	10925	1	6
8473	A	CCACCCT	7	8471	8477	CCTCCCT	10552	10558	1	6
8473	A	CCACCCT	7	8471	8477	CCACCCC	10159	10165	1	6
8473	A	CCACCCT	7	8471	8477	CCAGCCT	9517	9523	1	6
8473	A	CACCCTC	7	8472	8478	CCCCCTC	8605	8611	1	6
8473	A	CCACCCT	7	8471	8477	CCACCAT	8394	8400	1	6
8473	A	CACCCTC	7	8472	8478	TACCCTC	9725	9731	1	6
8473	A	ACCCTCA	7	8473	8479	ACTCTCA	13570	13576	1	6
8473	A	CACCCTC	7	8472	8478	CCCCCTC	8281	8287	1	6
8473	A	CACCCTC	7	8472	8478	CCCCCTC	8272	8278	1	6
8473	A	ACCCTCA	7	8473	8479	ACCATCA	8962	8968	1	6
8473	A	ACCCTCA	7	8473	8479	ACCCTGA	8512	8518	1	6
8473	A	ACCCTCA	7	8473	8479	ACCCCCA	8405	8411	1	6
8473	A	ACCCTCA	7	8473	8479	ACCATCA	7871	7877	1	6
8473	A	ACCCTCA	7	8473	8479	ACGCTCA	7755	7761	1	6
8473	A	ACCCTCA	7	8473	8479	ACCCTCC	7364	7370	1	6
8473	A	ACCCTCA	7	8473	8479	ACCCACA	5676	5682	1	6
8473	A	ACCCTCA	7	8473	8479	GCCCTCA	5549	5555	1	6
8473	A	ACCCTCA	7	8473	8479	ACCCACA	5022	5028	1	6
8473	A	ACCCTCA	7	8473	8479	ACCCTCG	4615	4621	1	6
8473	A	ACCCTCA	7	8473	8479	ACCCACA	2769	2775	1	6
8473	A	ACCCTCA	7	8473	8479	ACCCTCT	2065	2071	1	6
8473	A	ACCCTCA	7	8473	8479	ACCCTGA	1277	1283	1	6
8473	A	CTACCA	6	8468	8473	CTACCA	6826	6831	0	6
8473	A	CTACCA	6	8468	8473	CTACCA	4735	4740	0	6
8473	A	ACCCTCA	7	8473	8479	ACCCTCC	9726	9732	1	6
8473	A	ACCCTCA	7	8473	8479	CCCCTCA	10473	10479	1	6
8473	A	ACCCTCA	7	8473	8479	ACTCTCA	10602	10608	1	6
8473	A	CACCCTC	7	8472	8478	CACCATC	3543	3549	1	6
8473	A	CACCCTC	7	8472	8478	CGCCCTC	7813	7819	1	6
8473	A	CACCCTC	7	8472	8478	AACCCTC	7363	7369	1	6
8473	A	CACCCTC	7	8472	8478	CACCCTA	7112	7118	1	6
8473	A	CACCCTC	7	8472	8478	CACTCTC	4934	4940	1	6
8473	A	CACCCTC	7	8472	8478	AACCCTC	4614	4620	1	6
8473	A	CACCCTC	7	8472	8478	CACCCTA	4194	4200	1	6
8473	A	CACCCTC	7	8472	8478	AACCCTC	2064	2070	1	6
8473	A	ACCCTCA	7	8473	8479	TCCCTCA	12101	12107	1	6
8473	A	CACCCTC	7	8472	8478	CACCCCC	431	437	1	6
8473	A	ACCCTCA	7	8473	8479	ACCATCA	15788	15794	1	6
8473	A	ACCCTCA	7	8473	8479	ACCCCCA	14587	14593	1	6
8473	A	ACCCTCA	7	8473	8479	ACCCCCA	14424	14430	1	6
8473	A	CCACCCT	7	8471	8477	CCACCCC	16256	16262	1	6
8473	A	ACCCTCA	7	8473	8479	ACCCCCA	12431	12437	1	6
8473	A	CCACCCT	7	8471	8477	CCACCAT	16111	16117	1	6
8473	A	ACCACCC	7	8470	8476	ACCACTC	25	31	1	6
8473	A	TACCAC	6	8469	8474	TACCAC	14326	14331	0	6
8473	A	CTACCAC	7	8468	8474	CTTCCAC	9314	9320	1	6
8473	A	CCTACCA	7	8467	8473	CCTACCC	505	511	1	6
8473	A	CTACCAC	7	8468	8474	CAACCAC	14691	14697	1	6
8473	A	CTACCAC	7	8468	8474	TTACCAC	14325	14331	1	6
8473	A	CTACCAC	7	8468	8474	CTACTAC	14211	14217	1	6
8473	A	CTACCAC	7	8468	8474	CTAACAC	13162	13168	1	6
8473	A	CTACCAC	7	8468	8474	TTACCAC	11991	11997	1	6
8473	A	CTACCAC	7	8468	8474	CTCCCAC	11813	11819	1	6
8473	A	CTACCAC	7	8468	8474	CTACTAC	11288	11294	1	6
8473	A	CTACCAC	7	8468	8474	CTTCCAC	9812	9818	1	6
8473	A	CTACCAC	7	8468	8474	TTACCAC	9509	9515	1	6
8473	A	CTACCAC	7	8468	8474	CTACCCC	7229	7235	1	6
8473	A	TACCACC	7	8469	8475	TACCATC	15787	15793	1	6
8473	A	CTACCAC	7	8468	8474	CTTCCAC	7031	7037	1	6
8473	A	CTACCAC	7	8468	8474	CTACCAT	6826	6832	1	6
8473	A	CTACCAC	7	8468	8474	CGACCAC	6053	6059	1	6
8473	A	CTACCAC	7	8468	8474	CTACCGC	5107	5113	1	6
8473	A	CTACCAC	7	8468	8474	CTACCAA	4735	4741	1	6
8473	A	CTACCAC	7	8468	8474	CTACTAC	3439	3445	1	6
8473	A	CTACCAC	7	8468	8474	CTACCAA	2785	2791	1	6
8473	A	CTACCAC	7	8468	8474	CTACCAG	1703	1709	1	6
8473	A	CTACCAC	7	8468	8474	CTACCCC	1372	1378	1	6
8473	A	TACCACC	7	8469	8475	TACCAAC	16276	16282	1	6
8473	A	CCTACCA	7	8467	8473	ACTACCA	1702	1708	1	6
8473	A	CCTACCA	7	8467	8473	CCTGCCA	3831	3837	1	6
8473	A	CCTACCA	7	8467	8473	CCTAGCA	4197	4203	1	6
8473	A	CCTACCA	7	8467	8473	TCTACCA	4500	4506	1	6
8473	A	CCTACCA	7	8467	8473	CCTAGCA	15319	15325	1	6
8473	A	CCTACCA	7	8467	8473	CCTAGCA	13924	13930	1	6
8473	A	CCTACCA	7	8467	8473	CCTACTA	13683	13689	1	6
8473	A	CCTACCA	7	8467	8473	CCTAGCA	13467	13473	1	6
8473	A	CCTACCA	7	8467	8473	CCTAGCA	11743	11749	1	6
8473	A	CCTACCA	7	8467	8473	CCTACAA	11062	11068	1	6
8473	A	CCTACCA	7	8467	8473	CCTACTA	10697	10703	1	6
8473	A	CCTACCA	7	8467	8473	CCTACTA	10556	10562	1	6
8473	A	CCTACCA	7	8467	8473	CCTACAA	10292	10298	1	6
8473	A	CCTACCA	7	8467	8473	CCTAACA	9257	9263	1	6
8473	A	CCTACCA	7	8467	8473	CCTATCA	9226	9232	1	6
8473	A	CCTACCA	7	8467	8473	CCTAGCA	9060	9066	1	6
8473	A	CCTACCA	7	8467	8473	ACTACCA	8460	8466	1	6
8473	A	CCTACCA	7	8467	8473	CCCACCA	8393	8399	1	6
8473	A	CCTACCA	7	8467	8473	CCTATCA	7628	7634	1	6
8473	A	CCTACCA	7	8467	8473	CCTATCA	7259	7265	1	6
8473	A	CCTACCA	7	8467	8473	CCTATCA	7043	7049	1	6
8473	A	CCTACCA	7	8467	8473	GCTACCA	6825	6831	1	6
8473	A	CCTACCA	7	8467	8473	CCTACCT	5477	5483	1	6
8473	A	CCTACCA	7	8467	8473	CCTAACA	5061	5067	1	6
8473	A	CCTACCA	7	8467	8473	ACTACCA	4734	4740	1	6
8473	A	TACCACC	7	8469	8475	GACCACC	16145	16151	1	6
8473	A	TACCACC	7	8469	8475	TACCACA	14326	14332	1	6
8473	A	ACCACCC	7	8470	8476	ACCCCCC	302	308	1	6
8473	A	ACCACCC	7	8470	8476	ATCACCC	8432	8438	1	6
8473	A	ACCACCC	7	8470	8476	ACAACCC	12553	12559	1	6
8473	A	ACCACCC	7	8470	8476	ACAACCC	12544	12550	1	6
8473	A	ACCACCC	7	8470	8476	ACCAGCC	11172	11178	1	6
8473	A	ACCACCC	7	8470	8476	ATCACCC	11156	11162	1	6
8473	A	ACCACCC	7	8470	8476	ACAACCC	10943	10949	1	6
8473	A	ACCACCC	7	8470	8476	AACACCC	10617	10623	1	6
8473	A	ACCACCC	7	8470	8476	TCCACCC	10158	10164	1	6
8473	A	ACCACCC	7	8470	8476	ATCACCC	9567	9573	1	6
8473	A	ACCACCC	7	8470	8476	ACCACCT	9422	9428	1	6
8473	A	ACCACCC	7	8470	8476	ACCACCT	8463	8469	1	6
8473	A	ACCACCC	7	8470	8476	ACCCCCC	7465	7471	1	6
8473	A	TACCACC	7	8469	8475	TACAACC	12856	12862	1	6
8473	A	ACCACCC	7	8470	8476	ACTACCC	7228	7234	1	6
8473	A	ACCACCC	7	8470	8476	ACCAACC	3883	3889	1	6
8473	A	ACCACCC	7	8470	8476	ACCGCCC	3523	3529	1	6
8473	A	ACCACCC	7	8470	8476	AACACCC	2213	2219	1	6
8473	A	ACCACCC	7	8470	8476	AGCACCC	1622	1628	1	6
8473	A	ACCACCC	7	8470	8476	ACCGCCC	1482	1488	1	6
8473	A	ACCACCC	7	8470	8476	ACCACCT	1237	1243	1	6
8473	A	ACCACCC	7	8470	8476	ATCACCC	952	958	1	6
8473	A	ACCACCC	7	8470	8476	ATCACCC	633	639	1	6
8473	A	ACCACCC	7	8470	8476	ACCCCCC	432	438	1	6
8473	A	ACCACCC	7	8470	8476	TCCACCC	13022	13028	1	6
8473	A	ACCACCC	7	8470	8476	CCCACCC	13054	13060	1	6
8473	A	ACCACCC	7	8470	8476	ACCACTC	14790	14796	1	6
8473	A	ACCACCC	7	8470	8476	ACCTCCC	14805	14811	1	6
8473	A	TACCACC	7	8469	8475	TACCCCC	12430	12436	1	6
8473	A	TACCACC	7	8469	8475	TACCACA	11992	11998	1	6
8473	A	TACCACC	7	8469	8475	TACTACC	10791	10797	1	6
8473	A	TACCACC	7	8469	8475	TACCATC	10505	10511	1	6
8473	A	TACCACC	7	8469	8475	TACCACA	8912	8918	1	6
8473	A	TACCACC	7	8469	8475	TACCCCC	8404	8410	1	6
8473	A	TACCACC	7	8469	8475	TACTACC	8380	8386	1	6
8473	A	TACCACC	7	8469	8475	TACCATC	7870	7876	1	6
8473	A	TACCACC	7	8469	8475	TATCACC	7645	7651	1	6
8473	A	TACCACC	7	8469	8475	TACCAAC	6594	6600	1	6
8473	A	TACCACC	7	8469	8475	TACTACC	4733	4739	1	6
8473	A	TACCACC	7	8469	8475	TACCCCC	4135	4141	1	6
8473	A	TACCACC	7	8469	8475	TACGACC	2980	2986	1	6
8473	A	TACCACC	7	8469	8475	TACTACC	1701	1707	1	6
8473	A	TACCACC	7	8469	8475	CACCACC	1236	1242	1	6
8473	A	TACCACC	7	8469	8475	TACCTCC	589	595	1	6
8473	A	ACCACCC	7	8470	8476	GCCACCC	16255	16261	1	6
8473	A	ACCACCC	7	8470	8476	ACCACCT	16146	16152	1	6
8473	A	ACCACCC	7	8470	8476	AACACCC	15533	15539	1	6
8473	A	ACCACCC	7	8470	8476	ACAACCC	15363	15369	1	6
8473	A	ACCACCC	7	8470	8476	CCCACCC	14810	14816	1	6
8473	A	CTACCA	6	8468	8473	CTACCA	1703	1708	0	6
8473	A	ACCCTC	6	8473	8478	ACCCTC	2065	2070	0	6
8473	A	TACCAC	6	8469	8474	TACCAC	11992	11997	0	6
8473	A	ACCACC	6	8470	8475	ACCACC	16146	16151	0	6
8473	A	CACCCT	6	8472	8477	CACCCT	4194	4199	0	6
8473	A	ACCACC	6	8470	8475	ACCACC	1237	1242	0	6
8473	A	CCACCC	6	8471	8476	CCACCC	16256	16261	0	6
8473	A	CCACCC	6	8471	8476	CCACCC	14811	14816	0	6
8473	A	CCACCC	6	8471	8476	CCACCC	13055	13060	0	6
8473	A	CCACCC	6	8471	8476	CCACCC	13023	13028	0	6
8473	A	CCACCC	6	8471	8476	CCACCC	10159	10164	0	6
8473	A	CACCCT	6	8472	8477	CACCCT	11215	11220	0	6
8473	A	CACCCT	6	8472	8477	CACCCT	7112	7117	0	6
8473	A	ACCCTC	6	8473	8478	ACCCTC	9726	9731	0	6
8473	A	ACCCTC	6	8473	8478	ACCCTC	7364	7369	0	6
8473	A	ACCCTC	6	8473	8478	ACCCTC	4615	4620	0	6
8473	A	CCTACCA	7	8467	8473	CCTAGCA	15646	15652	1	6
8473	A	CCTACCA	7	8467	8473	CCTAACA	15599	15605	1	6
8473	A	TACCACC	7	8469	8475	TTCCACC	293	299	1	6
8473	A	ACCCTC	6	8473	8478	ACCCCC	1900	1905	1	5
8473	A	CTACCA	6	8468	8473	CTACTA	14214	14219	1	5
8473	A	CTACCA	6	8468	8473	CTACCT	10965	10970	1	5
8473	A	CTACCA	6	8468	8473	CTATCA	11151	11156	1	5
8473	A	CTACCA	6	8468	8473	CAACCA	11170	11175	1	5
8473	A	CTACCA	6	8468	8473	CTATCA	11315	11320	1	5
8473	A	CTACCA	6	8468	8473	CTACGA	11758	11763	1	5
8473	A	CTACCA	6	8468	8473	CTAGCA	11840	11845	1	5
8473	A	CTACCA	6	8468	8473	CTAACA	12246	12251	1	5
8473	A	CTACCA	6	8468	8473	CTACTA	12350	12355	1	5
8473	A	CTACCA	6	8468	8473	TTACCA	12713	12718	1	5
8473	A	CTACCA	6	8468	8473	CTACTA	12973	12978	1	5
8473	A	CTACCA	6	8468	8473	CTAACA	13658	13663	1	5
8473	A	CTACCA	6	8468	8473	CTAACA	13742	13747	1	5
8473	A	CTACCA	6	8468	8473	CTACCT	13788	13793	1	5
8473	A	CTACCA	6	8468	8473	CTAACA	13831	13836	1	5
8473	A	CTACCA	6	8468	8473	CTACCT	13851	13856	1	5
8473	A	CTACCA	6	8468	8473	CTACTA	10874	10879	1	5
8473	A	CTACCA	6	8468	8473	TTACCA	10504	10509	1	5
8473	A	CTACCA	6	8468	8473	CTAGCA	10497	10502	1	5
8473	A	CTACCA	6	8468	8473	CTACCG	8382	8387	1	5
8473	A	CTACCA	6	8468	8473	ATACCA	6593	6598	1	5
8473	A	CTACCA	6	8468	8473	CTCCCA	6665	6670	1	5
8473	A	CTACCA	6	8468	8473	CTATCA	7147	7152	1	5
8473	A	CTACCA	6	8468	8473	CTAACA	7287	7292	1	5
8473	A	CTACCA	6	8468	8473	CTACAA	7610	7615	1	5
8473	A	CTACCA	6	8468	8473	CTAACA	7743	7748	1	5
8473	A	CTACCA	6	8468	8473	CAACCA	8980	8985	1	5
8473	A	CTACCA	6	8468	8473	TTACCA	10463	10468	1	5
8473	A	CTACCA	6	8468	8473	CTAACA	9011	9016	1	5
8473	A	CTACCA	6	8468	8473	CAACCA	9071	9076	1	5
8473	A	CTACCA	6	8468	8473	CTACCT	9186	9191	1	5
8473	A	CTACCA	6	8468	8473	CTTCCA	10019	10024	1	5
8473	A	CTACCA	6	8468	8473	CTACTA	10104	10109	1	5
8473	A	CTACCA	6	8468	8473	CTACAA	10377	10382	1	5
8473	A	CTACCA	6	8468	8473	CAACCA	14201	14206	1	5
8473	A	CTACCA	6	8468	8473	CTAACA	14570	14575	1	5
8473	A	CTACCA	6	8468	8473	CTACTA	6528	6533	1	5
8473	A	CTACCA	6	8468	8473	CGACCA	14697	14702	1	5
8473	A	CTACCA	6	8468	8473	ATACCA	16275	16280	1	5
8473	A	CTACCA	6	8468	8473	CTACAA	14733	14738	1	5
8473	A	CTACCA	6	8468	8473	CAACCA	15767	15772	1	5
8473	A	CTACCA	6	8468	8473	TTACCA	15786	15791	1	5
8473	A	CTACCA	6	8468	8473	ATACCA	15842	15847	1	5
8473	A	CTACCA	6	8468	8473	CTGCCA	16104	16109	1	5
8473	A	CTACCA	6	8468	8473	GTACCA	16130	16135	1	5
8473	A	CTACCA	6	8468	8473	CTAACA	6531	6536	1	5
8473	A	CTACCA	6	8468	8473	CTCCCA	6498	6503	1	5
8473	A	TACCAC	6	8469	8474	TAACAC	2705	2710	1	5
8473	A	TACCAC	6	8469	8474	TCCCAC	14114	14119	1	5
8473	A	TACCAC	6	8469	8474	TAACAC	9388	9393	1	5
8473	A	TACCAC	6	8469	8474	TACCTC	9467	9472	1	5
8473	A	TACCAC	6	8469	8474	TCCCAC	9592	9597	1	5
8473	A	TACCAC	6	8469	8474	TACTAC	10102	10107	1	5
8473	A	TACCAC	6	8469	8474	TACCCC	10276	10281	1	5
8473	A	TACCAC	6	8469	8474	TACCAA	10464	10469	1	5
8473	A	TACCAC	6	8469	8474	AACCAC	11019	11024	1	5
8473	A	TACCAC	6	8469	8474	AACCAC	11128	11133	1	5
8473	A	TACCAC	6	8469	8474	TACCTC	11379	11384	1	5
8473	A	TACCAC	6	8469	8474	AACCAC	11908	11913	1	5
8473	A	TACCAC	6	8469	8474	TACCAT	12714	12719	1	5
8473	A	TACCAC	6	8469	8474	TACCGC	12732	12737	1	5
8473	A	TACCAC	6	8469	8474	CACCAC	13185	13190	1	5
8473	A	TACCAC	6	8469	8474	TACCTC	13433	13438	1	5
8473	A	TACCAC	6	8469	8474	GACCAC	13513	13518	1	5
8473	A	TACCAC	6	8469	8474	TACCAA	9369	9374	1	5
8473	A	TACCAC	6	8469	8474	TGCCAC	8763	8768	1	5
8473	A	TACCAC	6	8469	8474	AACCAC	8192	8197	1	5
8473	A	TACCAC	6	8469	8474	AACCAC	5934	5939	1	5
8473	A	TACCAC	6	8469	8474	TATCAC	3801	3806	1	5
8473	A	TACCAC	6	8469	8474	TACCCC	4434	4439	1	5
8473	A	TACCAC	6	8469	8474	TTCCAC	4622	4627	1	5
8473	A	TACCAC	6	8469	8474	TACCAA	4896	4901	1	5
8473	A	TACCAC	6	8469	8474	CACCAC	5141	5146	1	5
8473	A	TACCAC	6	8469	8474	TACCTC	5888	5893	1	5
8473	A	TACCAC	6	8469	8474	TACCAA	6438	6443	1	5
8473	A	TACCAC	6	8469	8474	TACTAC	8159	8164	1	5
8473	A	TACCAC	6	8469	8474	TACTAC	6526	6531	1	5
8473	A	TACCAC	6	8469	8474	TACTAC	6681	6686	1	5
8473	A	TACCAC	6	8469	8474	TACTAC	7000	7005	1	5
8473	A	TACCAC	6	8469	8474	TCCCAC	7180	7185	1	5
8473	A	TACCAC	6	8469	8474	CACCAC	7244	7249	1	5
8473	A	TACCAC	6	8469	8474	AACCAC	8128	8133	1	5
8473	A	TACCAC	6	8469	8474	TAGCAC	13602	13607	1	5
8473	A	TACCAC	6	8469	8474	TAACAC	14550	14555	1	5
8473	A	CTACCA	6	8468	8473	ATACCA	6437	6442	1	5
8473	A	TACCAC	6	8469	8474	AACCAC	14789	14794	1	5
8473	A	CTACCA	6	8468	8473	CTACTA	2881	2886	1	5
8473	A	CTACCA	6	8468	8473	CTACTA	3556	3561	1	5
8473	A	CTACCA	6	8468	8473	CTACTA	3754	3759	1	5
8473	A	CTACCA	6	8468	8473	CTATCA	3757	3762	1	5
8473	A	CTACCA	6	8468	8473	CTAGCA	3874	3879	1	5
8473	A	CTACCA	6	8468	8473	CTACAA	4022	4027	1	5
8473	A	CTACCA	6	8468	8473	CGACCA	4152	4157	1	5
8473	A	CTACCA	6	8468	8473	CTGCCA	4633	4638	1	5
8473	A	CTACCA	6	8468	8473	ATACCA	4895	4900	1	5
8473	A	CTACCA	6	8468	8473	CTACCG	5049	5054	1	5
8473	A	CTACCA	6	8468	8473	CTACTA	5154	5159	1	5
8473	A	CTACCA	6	8468	8473	CTAACA	5178	5183	1	5
8473	A	CTACCA	6	8468	8473	CTACCT	5345	5350	1	5
8473	A	CTACCA	6	8468	8473	CTAACA	5392	5397	1	5
8473	A	CTACCA	6	8468	8473	CTACAA	5929	5934	1	5
8473	A	CTACCA	6	8468	8473	CTAGCA	2516	2521	1	5
8473	A	CTACCA	6	8468	8473	TTACCA	2498	2503	1	5
8473	A	CTACCA	6	8468	8473	CAACCA	2393	2398	1	5
8473	A	CTACCA	6	8468	8473	CTCCCA	465	470	1	5
8473	A	TACCAC	6	8469	8474	CACCAC	14881	14886	1	5
8473	A	TACCAC	6	8469	8474	TAACAC	15471	15476	1	5
8473	A	TACCAC	6	8469	8474	TACCAT	16131	16136	1	5
8473	A	TACCAC	6	8469	8474	TAGCAC	16334	16339	1	5
8473	A	TACCAC	6	8469	8474	TAACAC	16462	16467	1	5
8473	A	CTACCA	6	8468	8473	CTGCCA	345	350	1	5
8473	A	CTACCA	6	8468	8473	CTACTA	473	478	1	5
8473	A	CTACCA	6	8468	8473	CTACAA	2386	2391	1	5
8473	A	CTACCA	6	8468	8473	CTACGA	1020	1025	1	5
8473	A	CTACCA	6	8468	8473	CTACGA	1143	1148	1	5
8473	A	CTACCA	6	8468	8473	CTACAA	1290	1295	1	5
8473	A	CTACCA	6	8468	8473	CTACGA	1385	1390	1	5
8473	A	CTACCA	6	8468	8473	CTACCT	1919	1924	1	5
8473	A	CTACCA	6	8468	8473	CTACCT	2221	2226	1	5
8473	A	TACCAC	6	8469	8474	TACAAC	3398	3403	1	5
8473	A	TACCAC	6	8469	8474	TACCAA	2499	2504	1	5
8473	A	ACCCTC	6	8473	8478	ACCTTC	1844	1849	1	5
8473	A	CACCCT	6	8472	8477	CGCCCT	3687	3692	1	5
8473	A	ACCCTC	6	8473	8478	ACTCTC	16441	16446	1	5
8473	A	CACCCT	6	8472	8477	CATCCT	147	152	1	5
8473	A	CACCCT	6	8472	8477	AACCCT	367	372	1	5
8473	A	CACCCT	6	8472	8477	CACCCC	635	640	1	5
8473	A	CACCCT	6	8472	8477	CAGCCT	1250	1255	1	5
8473	A	CACCCT	6	8472	8477	AACCCT	1276	1281	1	5
8473	A	CACCCT	6	8472	8477	CACCCA	1624	1629	1	5
8473	A	CACCCT	6	8472	8477	CAACCT	1711	1716	1	5
8473	A	CACCCT	6	8472	8477	CACCCG	1944	1949	1	5
8473	A	CACCCT	6	8472	8477	CACCCA	2162	2167	1	5
8473	A	CACCCT	6	8472	8477	CACCCA	2259	2264	1	5
8473	A	CACCCT	6	8472	8477	GACCCT	2724	2729	1	5
8473	A	CACCCT	6	8472	8477	TACCCT	2925	2930	1	5
8473	A	CACCCT	6	8472	8477	CCCCCT	3585	3590	1	5
8473	A	ACCCTC	6	8473	8478	ACCCCC	16183	16188	1	5
8473	A	ACCCTC	6	8473	8478	ACCCTT	15780	15785	1	5
8473	A	ACCCTC	6	8473	8478	ACCCCC	15366	15371	1	5
8473	A	ACCCTC	6	8473	8478	ACCCTA	13922	13927	1	5
8473	A	ACCCTC	6	8473	8478	AGCCTC	11846	11851	1	5
8473	A	ACCCTC	6	8473	8478	AACCTC	11855	11860	1	5
8473	A	ACCCTC	6	8473	8478	ACTCTC	11893	11898	1	5
8473	A	ACCCTC	6	8473	8478	ACACTC	12909	12914	1	5
8473	A	ACCCTC	6	8473	8478	ACCCAC	13327	13332	1	5
8473	A	ACCCTC	6	8473	8478	GCCCTC	13804	13809	1	5
8473	A	ACCCTC	6	8473	8478	ACCCTA	14128	14133	1	5
8473	A	ACCCTC	6	8473	8478	ACACTC	15326	15331	1	5
8473	A	ACCCTC	6	8473	8478	ATCCTC	14260	14265	1	5
8473	A	ACCCTC	6	8473	8478	CCCCTC	14281	14286	1	5
8473	A	ACCCTC	6	8473	8478	AACCTC	14526	14531	1	5
8473	A	ACCCTC	6	8473	8478	ACCATC	14715	14720	1	5
8473	A	ACCCTC	6	8473	8478	ATCCTC	14870	14875	1	5
8473	A	ACCCTC	6	8473	8478	ATCCTC	15098	15103	1	5
8473	A	CACCCT	6	8472	8477	CAACCT	3600	3605	1	5
8473	A	CACCCT	6	8472	8477	GACCCT	3842	3847	1	5
8473	A	ACCCTC	6	8473	8478	ACCCCC	11672	11677	1	5
8473	A	CACCCT	6	8472	8477	CCCCCT	3893	3898	1	5
8473	A	CACCCT	6	8472	8477	AACCCT	8511	8516	1	5
8473	A	CACCCT	6	8472	8477	CAGCCT	8967	8972	1	5
8473	A	CACCCT	6	8472	8477	CACACT	9168	9173	1	5
8473	A	CACCCT	6	8472	8477	CACCCC	9569	9574	1	5
8473	A	CACCCT	6	8472	8477	CACCAT	9648	9653	1	5
8473	A	CACCCT	6	8472	8477	CTCCCT	9757	9762	1	5
8473	A	CACCCT	6	8472	8477	CACCAT	9764	9769	1	5
8473	A	CACCCT	6	8472	8477	CATCCT	10346	10351	1	5
8473	A	CACCCT	6	8472	8477	CAGCCT	10849	10854	1	5
8473	A	CACCCT	6	8472	8477	CAACCT	10900	10905	1	5
8473	A	CACCCT	6	8472	8477	CTCCCT	11059	11064	1	5
8473	A	CACCCT	6	8472	8477	CACCCG	11158	11163	1	5
8473	A	CACCCT	6	8472	8477	CTCCCT	11227	11232	1	5
8473	A	CACCCT	6	8472	8477	CTCCCT	11405	11410	1	5
8473	A	CACCCT	6	8472	8477	CCCCCT	11512	11517	1	5
8473	A	CACCCT	6	8472	8477	CACCCA	8434	8439	1	5
8473	A	CACCCT	6	8472	8477	TACCCT	8260	8265	1	5
8473	A	CACCCT	6	8472	8477	CATCCT	7831	7836	1	5
8473	A	CACCCT	6	8472	8477	CACCCC	4832	4837	1	5
8473	A	CACCCT	6	8472	8477	CGCCCT	3966	3971	1	5
8473	A	CACCCT	6	8472	8477	GACCCT	4092	4097	1	5
8473	A	CACCCT	6	8472	8477	CCCCCT	4318	4323	1	5
8473	A	CACCCT	6	8472	8477	CACCCC	4389	4394	1	5
8473	A	CACCCT	6	8472	8477	TACCCT	4454	4459	1	5
8473	A	CACCCT	6	8472	8477	CCCCCT	4795	4800	1	5
8473	A	CACCCT	6	8472	8477	CTCCCT	5216	5221	1	5
8473	A	CACCCT	6	8472	8477	CATCCT	7798	7803	1	5
8473	A	CACCCT	6	8472	8477	CACACT	5375	5380	1	5
8473	A	CACCCT	6	8472	8477	CAACCT	6038	6043	1	5
8473	A	CACCCT	6	8472	8477	CACCAT	6771	6776	1	5
8473	A	CACCCT	6	8472	8477	CACCGT	6947	6952	1	5
8473	A	CACCCT	6	8472	8477	CATCCT	7256	7261	1	5
8473	A	CACCCT	6	8472	8477	CACCTT	7648	7653	1	5
8473	A	ACCCTC	6	8473	8478	ATCCTC	11786	11791	1	5
8473	A	ACCCTC	6	8473	8478	GCCCTC	11642	11647	1	5
8473	A	TACCAC	6	8469	8474	TACCCC	2486	2491	1	5
8473	A	ACCCTC	6	8473	8478	ACCCTA	2926	2931	1	5
8473	A	CCACC	5	8471	8475	CCACC	5365	5369	0	5
8473	A	CCACC	5	8471	8475	CCACC	3626	3630	0	5
8473	A	CCACC	5	8471	8475	CCACC	2186	2190	0	5
8473	A	CCACC	5	8471	8475	CCACC	894	898	0	5
8473	A	CACCC	5	8472	8476	CACCC	16069	16073	0	5
8473	A	CACCC	5	8472	8476	CACCC	14555	14559	0	5
8473	A	CACCC	5	8472	8476	CACCC	4832	4836	0	5
8473	A	CACCC	5	8472	8476	CACCC	1944	1948	0	5
8473	A	ACCCT	5	8473	8477	ACCCT	14128	14132	0	5
8473	A	ACCCT	5	8473	8477	ACCCT	8261	8265	0	5
8473	A	ACCCT	5	8473	8477	ACCCT	4455	4459	0	5
8473	A	ACCCT	5	8473	8477	ACCCT	4093	4097	0	5
8473	A	ACCCT	5	8473	8477	ACCCT	3843	3847	0	5
8473	A	ACCCT	5	8473	8477	ACCCT	2926	2930	0	5
8473	A	ACCCT	5	8473	8477	ACCCT	2725	2729	0	5
8473	A	CCACC	5	8471	8475	CCACC	6847	6851	0	5
8473	A	CCACC	5	8471	8475	CCACC	7888	7892	0	5
8473	A	CCACC	5	8471	8475	CCACC	14051	14055	0	5
8473	A	TACCA	5	8469	8473	TACCA	4896	4900	0	5
8473	A	ACCCTC	6	8473	8478	ACCCAC	1309	1314	1	5
8473	A	ACCCTC	6	8473	8478	TCCCTC	1189	1194	1	5
8473	A	TACCA	5	8469	8473	TACCA	16131	16135	0	5
8473	A	TACCA	5	8469	8473	TACCA	12714	12718	0	5
8473	A	TACCA	5	8469	8473	TACCA	10464	10468	0	5
8473	A	TACCA	5	8469	8473	TACCA	6438	6442	0	5
8473	A	TACCA	5	8469	8473	TACCA	2499	2503	0	5
8473	A	ACCAC	5	8470	8474	ACCAC	5142	5146	0	5
8473	A	ACCAC	5	8470	8474	ACCAC	14882	14886	0	5
8473	A	ACCAC	5	8470	8474	ACCAC	13514	13518	0	5
8473	A	ACCAC	5	8470	8474	ACCAC	11909	11913	0	5
8473	A	ACCAC	5	8470	8474	ACCAC	8193	8197	0	5
8473	A	ACCAC	5	8470	8474	ACCAC	7245	7249	0	5
8473	A	ACCAC	5	8470	8474	ACCAC	5935	5939	0	5
8473	A	ACCCTC	6	8473	8478	ACCCTA	2725	2730	1	5
8473	A	ACCCTC	6	8473	8478	ACCCGC	3492	3497	1	5
8473	A	ACCCTC	6	8473	8478	ACCCCC	11511	11516	1	5
8473	A	ACCCTC	6	8473	8478	ACCCCC	3584	3589	1	5
8473	A	ACCCTC	6	8473	8478	TCCCTC	7861	7866	1	5
8473	A	ACCCTC	6	8473	8478	ACCCTA	8261	8266	1	5
8473	A	ACCCTC	6	8473	8478	AACCTC	8773	8778	1	5
8473	A	ACCCTC	6	8473	8478	ACCTTC	9080	9085	1	5
8473	A	ACCCTC	6	8473	8478	TCCCTC	9084	9089	1	5
8473	A	ACCCTC	6	8473	8478	AGCCTC	9181	9186	1	5
8473	A	ACCCTC	6	8473	8478	GCCCTC	9267	9272	1	5
8473	A	ACCCTC	6	8473	8478	GCCCTC	9276	9281	1	5
8473	A	ACCCTC	6	8473	8478	ACGCTC	9327	9332	1	5
8473	A	ACCCTC	6	8473	8478	ACCCTA	10183	10188	1	5
8473	A	ACCCTC	6	8473	8478	ACCTTC	10239	10244	1	5
8473	A	ACCCTC	6	8473	8478	GCCCTC	10266	10271	1	5
8473	A	ACCCTC	6	8473	8478	TCCCTC	10329	10334	1	5
8473	A	ACCCTC	6	8473	8478	ATCCTC	10550	10555	1	5
8473	A	ACCCTC	6	8473	8478	TCCCTC	10869	10874	1	5
8473	A	ACCCTC	6	8473	8478	ACCGTC	7772	7777	1	5
8473	A	ACCCTC	6	8473	8478	CCCCTC	6447	6452	1	5
8473	A	ACCCTC	6	8473	8478	ACCATC	6339	6344	1	5
8473	A	ACCCTC	6	8473	8478	ACCCTT	4455	4460	1	5
8473	A	ACCCTC	6	8473	8478	ATCCTC	3652	3657	1	5
8473	A	ACCCTC	6	8473	8478	ACCCTT	3843	3848	1	5
8473	A	ACCCTC	6	8473	8478	ACCCCC	3892	3897	1	5
8473	A	ACCCTC	6	8473	8478	ACCCTA	4093	4098	1	5
8473	A	ACCCTC	6	8473	8478	AACCTC	4104	4109	1	5
8473	A	ACCCTC	6	8473	8478	ACCCCC	4317	4322	1	5
8473	A	ACCCTC	6	8473	8478	ATCCTC	4689	4694	1	5
8473	A	ACCCTC	6	8473	8478	AGCCTC	6323	6328	1	5
8473	A	ACCCTC	6	8473	8478	ACTCTC	4706	4711	1	5
8473	A	ACCCTC	6	8473	8478	CCCCTC	4834	4839	1	5
8473	A	ACCCTC	6	8473	8478	ACCCTA	5148	5153	1	5
8473	A	ACCCTC	6	8473	8478	AACCTC	5334	5339	1	5
8473	A	ACCCTC	6	8473	8478	AGCCTC	6003	6008	1	5
8473	A	ACCCTC	6	8473	8478	ACCTTC	6040	6045	1	5
8473	A	CACCCT	6	8472	8477	CCCCCT	11673	11678	1	5
8473	A	CACCCT	6	8472	8477	CACACT	12346	12351	1	5
8473	A	CACCCT	6	8472	8477	AACCCT	12366	12371	1	5
8473	A	ACCACC	6	8470	8475	GCCACC	9412	9417	1	5
8473	A	ACCACC	6	8470	8475	AACACC	6598	6603	1	5
8473	A	ACCACC	6	8470	8475	ACCTCC	6819	6824	1	5
8473	A	ACCACC	6	8470	8475	CCCACC	6846	6851	1	5
8473	A	ACCACC	6	8470	8475	ACCACA	7245	7250	1	5
8473	A	ACCACC	6	8470	8475	GCCACC	7887	7892	1	5
8473	A	ACCACC	6	8470	8475	ACGACC	8146	8151	1	5
8473	A	ACCACC	6	8470	8475	ACCACA	8193	8198	1	5
8473	A	ACCACC	6	8470	8475	ACCAAC	8344	8349	1	5
8473	A	ACCACC	6	8470	8475	AACACC	8347	8352	1	5
8473	A	ACCACC	6	8470	8475	CCCACC	8620	8625	1	5
8473	A	ACCACC	6	8470	8475	ACAACC	8642	8647	1	5
8473	A	ACCACC	6	8470	8475	ATCACC	8653	8658	1	5
8473	A	ACCACC	6	8470	8475	ACCTCC	8774	8779	1	5
8473	A	ACCACC	6	8470	8475	GCCACC	9026	9031	1	5
8473	A	ACCACC	6	8470	8475	ACCTCC	9288	9293	1	5
8473	A	ACCACC	6	8470	8475	AACACC	6549	6554	1	5
8473	A	ACCACC	6	8470	8475	ACCACA	6055	6060	1	5
8473	A	ACCACC	6	8470	8475	ACGACC	6052	6057	1	5
8473	A	ACCACC	6	8470	8475	GCCACC	3625	3630	1	5
8473	A	ACCACC	6	8470	8475	ATCACC	2509	2514	1	5
8473	A	ACCACC	6	8470	8475	ACCGCC	2539	2544	1	5
8473	A	ACCACC	6	8470	8475	ACCTCC	2838	2843	1	5
8473	A	ACCACC	6	8470	8475	ACCAAC	2910	2915	1	5
8473	A	ACCACC	6	8470	8475	ACCTCC	3320	3325	1	5
8473	A	ACCACC	6	8470	8475	ATCACC	3520	3525	1	5
8473	A	ACCACC	6	8470	8475	AACACC	3815	3820	1	5
8473	A	ACCACC	6	8470	8475	ACCACA	5935	5940	1	5
8473	A	ACCACC	6	8470	8475	ACCAAC	4154	4159	1	5
8473	A	ACCACC	6	8470	8475	ACCTCC	4166	4171	1	5
8473	A	ACCACC	6	8470	8475	AGCACC	5139	5144	1	5
8473	A	ACCACC	6	8470	8475	ACCACG	5142	5147	1	5
8473	A	ACCACC	6	8470	8475	TCCACC	5364	5369	1	5
8473	A	ACCACC	6	8470	8475	ATCACC	5813	5818	1	5
8473	A	ACCACC	6	8470	8475	ACCAAC	9351	9356	1	5
8473	A	ACCACC	6	8470	8475	ATCACC	9636	9641	1	5
8473	A	CACCCT	6	8472	8477	AACCCT	12409	12414	1	5
8473	A	ACCACC	6	8470	8475	ACAACC	9667	9672	1	5
8473	A	ACCACC	6	8470	8475	ACCACA	14882	14887	1	5
8473	A	ACCACC	6	8470	8475	ACCGCC	14927	14932	1	5
8473	A	ACCACC	6	8470	8475	TCCACC	15330	15335	1	5
8473	A	ACCACC	6	8470	8475	ACCTCC	15489	15494	1	5
8473	A	ACCACC	6	8470	8475	ACCTCC	15738	15743	1	5
8473	A	ACCACC	6	8470	8475	ACAACC	15766	15771	1	5
8473	A	ACCACC	6	8470	8475	TCCACC	15976	15981	1	5
8473	A	ACCACC	6	8470	8475	ACAACC	16078	16083	1	5
8473	A	TACCAC	6	8469	8474	AACCAC	24	29	1	5
8473	A	TACCAC	6	8469	8474	TACTAC	471	476	1	5
8473	A	TACCAC	6	8469	8474	TACCCC	539	544	1	5
8473	A	TACCAC	6	8469	8474	CACCAC	734	739	1	5
8473	A	TACCAC	6	8469	8474	TACCCC	1081	1086	1	5
8473	A	TACCAC	6	8469	8474	TAACAC	1614	1619	1	5
8473	A	TACCAC	6	8469	8474	TACCGC	1783	1788	1	5
8473	A	ACCACC	6	8470	8475	ATCACC	14879	14884	1	5
8473	A	ACCACC	6	8470	8475	AACACC	14740	14745	1	5
8473	A	ACCACC	6	8470	8475	ACGACC	14696	14701	1	5
8473	A	ACCACC	6	8470	8475	ACCACA	13514	13519	1	5
8473	A	ACCACC	6	8470	8475	ACAACC	10899	10904	1	5
8473	A	ACCACC	6	8470	8475	ACTACC	10964	10969	1	5
8473	A	ACCACC	6	8470	8475	CCCACC	11141	11146	1	5
8473	A	ACCACC	6	8470	8475	ACCACG	11909	11914	1	5
8473	A	ACCACC	6	8470	8475	TCCACC	12460	12465	1	5
8473	A	ACCACC	6	8470	8475	ACAACC	13379	13384	1	5
8473	A	ACCACC	6	8470	8475	ACTACC	13850	13855	1	5
8473	A	ACCACC	6	8470	8475	ACCACG	14693	14698	1	5
8473	A	ACCACC	6	8470	8475	ACCAAC	13858	13863	1	5
8473	A	ACCACC	6	8470	8475	AGCACC	14039	14044	1	5
8473	A	ACCACC	6	8470	8475	TCCACC	14050	14055	1	5
8473	A	ACCACC	6	8470	8475	ACCAAC	14185	14190	1	5
8473	A	ACCACC	6	8470	8475	ACAACC	14330	14335	1	5
8473	A	ACCACC	6	8470	8475	AGCACC	14363	14368	1	5
8473	A	ACCACC	6	8470	8475	ACCAAC	2395	2400	1	5
8473	A	ACCACC	6	8470	8475	GCCACC	2185	2190	1	5
8473	A	ACCACC	6	8470	8475	ACAACC	1710	1715	1	5
8473	A	ACCACC	6	8470	8475	TCCACC	1694	1699	1	5
8473	A	CCACCC	6	8471	8476	CCGCCC	497	502	1	5
8473	A	CCACCC	6	8471	8476	ACACCC	565	570	1	5
8473	A	CCACCC	6	8471	8476	CCACAC	797	802	1	5
8473	A	CCACCC	6	8471	8476	CCAGCC	890	895	1	5
8473	A	CCACCC	6	8471	8476	CCACCG	894	899	1	5
8473	A	CCACCC	6	8471	8476	ACACCC	1943	1948	1	5
8473	A	CCACCC	6	8471	8476	CCACCA	2186	2191	1	5
8473	A	CCACCC	6	8471	8476	CAACCC	2423	2428	1	5
8473	A	CCACCC	6	8471	8476	CCAACC	3581	3586	1	5
8473	A	CCACCC	6	8471	8476	CAACCC	3582	3587	1	5
8473	A	CCACCC	6	8471	8476	CCACCT	3626	3631	1	5
8473	A	CCACCC	6	8471	8476	CCATCC	4350	4355	1	5
8473	A	CCACCC	6	8471	8476	CCAACC	4484	4489	1	5
8473	A	CCACCC	6	8471	8476	CAACCC	4485	4490	1	5
8473	A	CCACCC	6	8471	8476	GCACCC	4831	4836	1	5
8473	A	CCACCC	6	8471	8476	TCACCC	430	435	1	5
8473	A	CCACCC	6	8471	8476	CCACCA	295	300	1	5
8473	A	CCACCC	6	8471	8476	CCACAC	268	273	1	5
8473	A	CACCCT	6	8472	8477	CCCCCT	14489	14494	1	5
8473	A	CACCCT	6	8472	8477	CTCCCT	12564	12569	1	5
8473	A	CACCCT	6	8472	8477	CACCCC	12966	12971	1	5
8473	A	CACCCT	6	8472	8477	CGCCCT	13209	13214	1	5
8473	A	CACCCT	6	8472	8477	CAACCT	13380	13385	1	5
8473	A	CACCCT	6	8472	8477	CAGCCT	13464	13469	1	5
8473	A	CACCCT	6	8472	8477	AACCCT	14127	14132	1	5
8473	A	CACCCT	6	8472	8477	CACCCG	14555	14560	1	5
8473	A	CACCCT	6	8472	8477	CACCCA	16069	16074	1	5
8473	A	CACCCT	6	8472	8477	CAGCCT	15123	15128	1	5
8473	A	CACCCT	6	8472	8477	CCCCCT	15367	15372	1	5
8473	A	CACCCT	6	8472	8477	TACCCT	15514	15519	1	5
8473	A	CACCCT	6	8472	8477	CACCCC	15535	15540	1	5
8473	A	CACCCT	6	8472	8477	CATCCT	15643	15648	1	5
8473	A	CACCCT	6	8472	8477	CACCCA	15987	15992	1	5
8473	A	CCACCC	6	8471	8476	CCACCT	5365	5370	1	5
8473	A	CCACCC	6	8471	8476	CCTCCC	5444	5449	1	5
8473	A	CCACCC	6	8471	8476	CCAGCC	6029	6034	1	5
8473	A	CCACCC	6	8471	8476	CCATCC	15201	15206	1	5
8473	A	CCACCC	6	8471	8476	CCTCCC	14262	14267	1	5
8473	A	CCACCC	6	8471	8476	TCACCC	14355	14360	1	5
8473	A	CCACCC	6	8471	8476	CAACCC	14415	14420	1	5
8473	A	CCACCC	6	8471	8476	ACACCC	14554	14559	1	5
8473	A	CCACCC	6	8471	8476	CCATCC	14816	14821	1	5
8473	A	CCACCC	6	8471	8476	CCTCCC	15142	15147	1	5
8473	A	CCACCC	6	8471	8476	CGACCC	15499	15504	1	5
8473	A	CCACCC	6	8471	8476	CAACCC	14069	14074	1	5
8473	A	CCACCC	6	8471	8476	CCAACC	15522	15527	1	5
8473	A	CCACCC	6	8471	8476	CAACCC	15523	15528	1	5
8473	A	CCACCC	6	8471	8476	TCACCC	16068	16073	1	5
8473	A	CCACCC	6	8471	8476	CCACAC	16537	16542	1	5
8473	A	ACCACC	6	8470	8475	ATCACC	732	737	1	5
8473	A	ACCACC	6	8470	8475	GCCACC	893	898	1	5
8473	A	CCACCC	6	8471	8476	CCACTC	14116	14121	1	5
8473	A	CCACCC	6	8471	8476	CCACCT	14051	14056	1	5
8473	A	CCACCC	6	8471	8476	CCAGCC	9244	9249	1	5
8473	A	CCACCC	6	8471	8476	CGACCC	6563	6568	1	5
8473	A	CCACCC	6	8471	8476	CCACCG	6847	6852	1	5
8473	A	CCACCC	6	8471	8476	CCAACC	7487	7492	1	5
8473	A	CCACCC	6	8471	8476	CAACCC	7488	7493	1	5
8473	A	CCACCC	6	8471	8476	CCACCA	7888	7893	1	5
8473	A	CCACCC	6	8471	8476	CCATCC	8840	8845	1	5
8473	A	CCACCC	6	8471	8476	CCACTC	9317	9322	1	5
8473	A	CCACCC	6	8471	8476	CCACGC	13329	13334	1	5
8473	A	CCACCC	6	8471	8476	CCACTC	9594	9599	1	5
8473	A	CCACCC	6	8471	8476	CCGCCC	10195	10200	1	5
8473	A	CCACCC	6	8471	8476	CAACCC	11509	11514	1	5
8473	A	CCACCC	6	8471	8476	CAACCC	12106	12111	1	5
8473	A	CCACCC	6	8471	8476	CCCCCC	12385	12390	1	5
8473	A	CCACCC	6	8471	8476	CCACTC	13077	13082	1	5
8473	A	CACCC	5	8472	8476	AACCC	532	536	1	4
8473	A	CACCC	5	8472	8476	TACCC	1730	1734	1	4
8473	A	CACCC	5	8472	8476	AACCC	1687	1691	1	4
8473	A	CACCC	5	8472	8476	AACCC	1529	1533	1	4
8473	A	CACCC	5	8472	8476	CACCG	1481	1485	1	4
8473	A	CACCC	5	8472	8476	CACAC	1479	1483	1	4
8473	A	CACCC	5	8472	8476	TACCC	1308	1312	1	4
8473	A	CACCC	5	8472	8476	AACCC	1221	1225	1	4
8473	A	CACCC	5	8472	8476	AACCC	913	917	1	4
8473	A	CACCC	5	8472	8476	GACCC	1062	1066	1	4
8473	A	CACCC	5	8472	8476	CACAC	1048	1052	1	4
8473	A	CACCC	5	8472	8476	CACCT	981	985	1	4
8473	A	CACCC	5	8472	8476	CACAC	904	908	1	4
8473	A	CACCC	5	8472	8476	AACCC	865	869	1	4
8473	A	CACCC	5	8472	8476	CACGC	763	767	1	4
8473	A	CACCC	5	8472	8476	CATCC	702	706	1	4
8473	A	CACCC	5	8472	8476	AACCC	555	559	1	4
8473	A	CACCC	5	8472	8476	AACCC	1835	1839	1	4
8473	A	CACCC	5	8472	8476	CACCA	2865	2869	1	4
8473	A	CACCC	5	8472	8476	GACCC	1899	1903	1	4
8473	A	CACCC	5	8472	8476	CACAC	1942	1946	1	4
8473	A	CACCC	5	8472	8476	AACCC	3891	3895	1	4
8473	A	CACCC	5	8472	8476	CACCT	3817	3821	1	4
8473	A	CACCC	5	8472	8476	TACCC	3578	3582	1	4
8473	A	CACCC	5	8472	8476	CACAC	514	518	1	4
8473	A	CACCC	5	8472	8476	CACCG	3522	3526	1	4
8473	A	CACCC	5	8472	8476	CACCA	3474	3478	1	4
8473	A	CACCC	5	8472	8476	TACCC	3338	3342	1	4
8473	A	CACCC	5	8472	8476	TACCC	3308	3312	1	4
8473	A	CACCC	5	8472	8476	CCCCC	3168	3172	1	4
8473	A	CACCC	5	8472	8476	CAGCC	3017	3021	1	4
8473	A	CACCC	5	8472	8476	CATCC	3004	3008	1	4
8473	A	CACCC	5	8472	8476	AACCC	2832	2836	1	4
8473	A	CACCC	5	8472	8476	AACCC	2768	2772	1	4
8473	A	CACCC	5	8472	8476	CACCG	2538	2542	1	4
8473	A	CACCC	5	8472	8476	CACCT	2511	2515	1	4
8473	A	CACCC	5	8472	8476	CAGCC	2375	2379	1	4
8473	A	CACCC	5	8472	8476	CAGCC	2183	2187	1	4
8473	A	CACCC	5	8472	8476	CACCG	522	526	1	4
8473	A	ACCCT	5	8473	8477	TCCCT	15597	15601	1	4
8473	A	CACCC	5	8472	8476	AACCC	351	355	1	4
8473	A	CACCC	5	8472	8476	CCCCC	311	315	1	4
8473	A	ACCCT	5	8473	8477	ACCCA	15501	15505	1	4
8473	A	ACCCT	5	8473	8477	ACACT	15473	15477	1	4
8473	A	ACCCT	5	8473	8477	GCCCT	15317	15321	1	4
8473	A	ACCCT	5	8473	8477	GCCCT	15301	15305	1	4
8473	A	ACCCT	5	8473	8477	ACCTT	15284	15288	1	4
8473	A	ACCCT	5	8473	8477	AACCT	15079	15083	1	4
8473	A	ACCCT	5	8473	8477	ACCCC	14750	14754	1	4
8473	A	ACCCT	5	8473	8477	ACCCC	14628	14632	1	4
8473	A	ACCCT	5	8473	8477	ACCCC	14619	14623	1	4
8473	A	ACCCT	5	8473	8477	ACCCA	14518	14522	1	4
8473	A	ACCCT	5	8473	8477	CCCCT	14418	14422	1	4
8473	A	ACCCT	5	8473	8477	ACCCC	14417	14421	1	4
8473	A	ACCCT	5	8473	8477	ACCCC	14388	14392	1	4
8473	A	ACCCT	5	8473	8477	ATCCT	14370	14374	1	4
8473	A	CACCC	5	8472	8476	CACCT	4165	4169	1	4
8473	A	ACCCT	5	8473	8477	ACACT	14312	14316	1	4
8473	A	ACCCT	5	8473	8477	ACTCT	14349	14353	1	4
8473	A	ACCCT	5	8473	8477	ACCCC	15525	15529	1	4
8473	A	ACCCT	5	8473	8477	CCCCT	15526	15530	1	4
8473	A	ACCCT	5	8473	8477	GCCCT	15623	15627	1	4
8473	A	ACCCT	5	8473	8477	TCCCT	16392	16396	1	4
8473	A	CACCC	5	8472	8476	AACCC	301	305	1	4
8473	A	CACCC	5	8472	8476	CAGCC	258	262	1	4
8473	A	CACCC	5	8472	8476	CACCT	164	168	1	4
8473	A	CACCC	5	8472	8476	CACGC	76	80	1	4
8473	A	ACCCT	5	8473	8477	CCCCT	16546	16550	1	4
8473	A	ACCCT	5	8473	8477	AGCCT	16525	16529	1	4
8473	A	ACCCT	5	8473	8477	ACACT	16464	16468	1	4
8473	A	ACCCT	5	8473	8477	TCCCT	16352	16356	1	4
8473	A	ACCCT	5	8473	8477	AACCT	15751	15755	1	4
8473	A	ACCCT	5	8473	8477	ACCGT	16326	16330	1	4
8473	A	ACCCT	5	8473	8477	AACCT	16284	16288	1	4
8473	A	ACCCT	5	8473	8477	ACCCA	16166	16170	1	4
8473	A	ACCCT	5	8473	8477	ACCTT	15937	15941	1	4
8473	A	ACCCT	5	8473	8477	AACCT	15936	15940	1	4
8473	A	ACCCT	5	8473	8477	ATCCT	15836	15840	1	4
8473	A	ACCCT	5	8473	8477	ATCCT	15830	15834	1	4
8473	A	CACCC	5	8472	8476	CACCA	4086	4090	1	4
8473	A	CACCC	5	8472	8476	CCCCC	8558	8562	1	4
8473	A	CACCC	5	8472	8476	TACCC	4226	4230	1	4
8473	A	CACCC	5	8472	8476	CACCG	8137	8141	1	4
8473	A	CACCC	5	8472	8476	CACCT	10542	10546	1	4
8473	A	CACCC	5	8472	8476	CACAC	10540	10544	1	4
8473	A	CACCC	5	8472	8476	CATCC	10327	10331	1	4
8473	A	CACCC	5	8472	8476	CCCCC	10192	10196	1	4
8473	A	CACCC	5	8472	8476	CATCC	9889	9893	1	4
8473	A	CACCC	5	8472	8476	CATCC	9863	9867	1	4
8473	A	CACCC	5	8472	8476	CACCT	9638	9642	1	4
8473	A	CACCC	5	8472	8476	CATCC	9607	9611	1	4
8473	A	CACCC	5	8472	8476	CCCCC	9555	9559	1	4
8473	A	CACCC	5	8472	8476	CAGCC	9274	9278	1	4
8473	A	CACCC	5	8472	8476	GACCC	9253	9257	1	4
8473	A	CACCC	5	8472	8476	AACCC	9241	9245	1	4
8473	A	CACCC	5	8472	8476	GACCC	9209	9213	1	4
8473	A	CACCC	5	8472	8476	CACCT	9040	9044	1	4
8473	A	CACCC	5	8472	8476	CACAC	8922	8926	1	4
8473	A	CACCC	5	8472	8476	CACTC	8794	8798	1	4
8473	A	CACCC	5	8472	8476	CACCA	8478	8482	1	4
8473	A	CACCC	5	8472	8476	CATCC	10867	10871	1	4
8473	A	CACCC	5	8472	8476	GACCC	12925	12929	1	4
8473	A	CACCC	5	8472	8476	CAGCC	12836	12840	1	4
8473	A	CACCC	5	8472	8476	CACCG	11686	11690	1	4
8473	A	CACCC	5	8472	8476	CAGCC	11091	11095	1	4
8473	A	ACCCT	5	8473	8477	AACCT	14147	14151	1	4
8473	A	CACCC	5	8472	8476	CCCCC	11427	11431	1	4
8473	A	CACCC	5	8472	8476	CAGCC	11632	11636	1	4
8473	A	CACCC	5	8472	8476	CAGCC	11655	11659	1	4
8473	A	CACCC	5	8472	8476	CATCC	11665	11669	1	4
8473	A	CACCC	5	8472	8476	AACCC	11671	11675	1	4
8473	A	CACCC	5	8472	8476	CGCCC	11710	11714	1	4
8473	A	CACCC	5	8472	8476	CGCCC	12813	12817	1	4
8473	A	CACCC	5	8472	8476	CACTC	11767	11771	1	4
8473	A	CACCC	5	8472	8476	CAGCC	11967	11971	1	4
8473	A	CACCC	5	8472	8476	CACAC	12049	12053	1	4
8473	A	CACCC	5	8472	8476	CCCCC	12237	12241	1	4
8473	A	CACCC	5	8472	8476	CATCC	12458	12462	1	4
8473	A	CACCC	5	8472	8476	CATCC	12603	12607	1	4
8473	A	CACCC	5	8472	8476	GACCC	12667	12671	1	4
8473	A	CACCC	5	8472	8476	CACCT	8349	8353	1	4
8473	A	CACCC	5	8472	8476	CACTC	8066	8070	1	4
8473	A	CACCC	5	8472	8476	AACCC	4316	4320	1	4
8473	A	CACCC	5	8472	8476	CCCCC	8028	8032	1	4
8473	A	CACCC	5	8472	8476	CTCCC	5733	5737	1	4
8473	A	CACCC	5	8472	8476	AACCC	5675	5679	1	4
8473	A	CACCC	5	8472	8476	CAGCC	5629	5633	1	4
8473	A	CACCC	5	8472	8476	AACCC	5599	5603	1	4
8473	A	CACCC	5	8472	8476	AACCC	5431	5435	1	4
8473	A	CACCC	5	8472	8476	CTCCC	5382	5386	1	4
8473	A	CACCC	5	8472	8476	CCCCC	5232	5236	1	4
8473	A	CACCC	5	8472	8476	CACCT	5165	5169	1	4
8473	A	CACCC	5	8472	8476	TACCC	5021	5025	1	4
8473	A	CACCC	5	8472	8476	AACCC	4985	4989	1	4
8473	A	CACCC	5	8472	8476	CCCCC	4879	4883	1	4
8473	A	CACCC	5	8472	8476	CATCC	4843	4847	1	4
8473	A	CACCC	5	8472	8476	TACCC	4823	4827	1	4
8473	A	CACCC	5	8472	8476	CATCC	4666	4670	1	4
8473	A	CACCC	5	8472	8476	CAACC	4660	4664	1	4
8473	A	CACCC	5	8472	8476	CACGC	4652	4656	1	4
8473	A	CACCC	5	8472	8476	AACCC	4347	4351	1	4
8473	A	CACCC	5	8472	8476	CACCT	5815	5819	1	4
8473	A	CACCC	5	8472	8476	AACCC	5842	5846	1	4
8473	A	CACCC	5	8472	8476	CACTC	5875	5879	1	4
8473	A	CACCC	5	8472	8476	CACAC	6769	6773	1	4
8473	A	CACCC	5	8472	8476	CTCCC	8015	8019	1	4
8473	A	CACCC	5	8472	8476	CCCCC	7955	7959	1	4
8473	A	CACCC	5	8472	8476	CACGC	7661	7665	1	4
8473	A	CACCC	5	8472	8476	AACCC	7464	7468	1	4
8473	A	CACCC	5	8472	8476	AACCC	7423	7427	1	4
8473	A	CACCC	5	8472	8476	CACCT	6818	6822	1	4
8473	A	CACCC	5	8472	8476	CACAC	6803	6807	1	4
8473	A	CACCC	5	8472	8476	CACCT	6600	6604	1	4
8473	A	CACCC	5	8472	8476	CAGCC	5879	5883	1	4
8473	A	CACCC	5	8472	8476	GACCC	6582	6586	1	4
8473	A	CACCC	5	8472	8476	CGCCC	6445	6449	1	4
8473	A	CACCC	5	8472	8476	AACCC	6431	6435	1	4
8473	A	CACCC	5	8472	8476	AACCC	6418	6422	1	4
8473	A	CACCC	5	8472	8476	CCCCC	6169	6173	1	4
8473	A	CACCC	5	8472	8476	TACCC	6115	6119	1	4
8473	A	CACCC	5	8472	8476	CAGCC	6079	6083	1	4
8473	A	ACCCT	5	8473	8477	ACCCC	14280	14284	1	4
8473	A	ACCCT	5	8473	8477	ACCCC	6583	6587	1	4
8473	A	ACCCT	5	8473	8477	ACCCA	14071	14075	1	4
8473	A	ACCCT	5	8473	8477	ACCCG	4487	4491	1	4
8473	A	ACCCT	5	8473	8477	ACCCA	6116	6120	1	4
8473	A	ACCCT	5	8473	8477	ACACT	5952	5956	1	4
8473	A	ACCCT	5	8473	8477	ACCGT	5914	5918	1	4
8473	A	ACCCT	5	8473	8477	CCCCT	5844	5848	1	4
8473	A	ACCCT	5	8473	8477	ACCCC	5843	5847	1	4
8473	A	ACCCT	5	8473	8477	ACACT	5684	5688	1	4
8473	A	ACCCT	5	8473	8477	GCCCT	5650	5654	1	4
8473	A	ACCCT	5	8473	8477	ACCCC	5600	5604	1	4
8473	A	ACCCT	5	8473	8477	AGCCT	5539	5543	1	4
8473	A	ACCCT	5	8473	8477	CCCCT	5488	5492	1	4
8473	A	ACCCT	5	8473	8477	ATCCT	5097	5101	1	4
8473	A	ACCCT	5	8473	8477	ACCAT	5070	5074	1	4
8473	A	ACCCT	5	8473	8477	ACCGT	5051	5055	1	4
8473	A	ACCCT	5	8473	8477	ACCCA	4986	4990	1	4
8473	A	ACCCT	5	8473	8477	AGCCT	4923	4927	1	4
8473	A	ACCCT	5	8473	8477	ACCCA	4824	4828	1	4
8473	A	ACCCT	5	8473	8477	ATCCT	4674	4678	1	4
8473	A	ACCCT	5	8473	8477	CCCCT	6153	6157	1	4
8473	A	ACCCT	5	8473	8477	ACTCT	6212	6216	1	4
8473	A	ACCCT	5	8473	8477	ACCCA	6432	6436	1	4
8473	A	ACCCT	5	8473	8477	AACCT	7374	7378	1	4
8473	A	ACCCT	5	8473	8477	GCCCT	7706	7710	1	4
8473	A	ACCCT	5	8473	8477	CCCCT	7626	7630	1	4
8473	A	ACCCT	5	8473	8477	ACGCT	7617	7621	1	4
8473	A	ACCCT	5	8473	8477	ATCCT	7571	7575	1	4
8473	A	ACCCT	5	8473	8477	ACCAT	7532	7536	1	4
8473	A	ACCCT	5	8473	8477	ACCCC	7490	7494	1	4
8473	A	ACCCT	5	8473	8477	ACCCG	7424	7428	1	4
8473	A	ACCCT	5	8473	8477	AGCCT	7325	7329	1	4
8473	A	ACCCT	5	8473	8477	ACCCC	6565	6569	1	4
8473	A	ACCCT	5	8473	8477	ACACT	7187	7191	1	4
8473	A	ACCCT	5	8473	8477	AACCT	7124	7128	1	4
8473	A	ACCCT	5	8473	8477	CCCCT	7095	7099	1	4
8473	A	ACCCT	5	8473	8477	GCCCT	6924	6928	1	4
8473	A	ACCCT	5	8473	8477	ACCAT	6701	6705	1	4
8473	A	ACCCT	5	8473	8477	ATCCT	6642	6646	1	4
8473	A	CACCC	5	8472	8476	CAGCC	13040	13044	1	4
8473	A	ACCCT	5	8473	8477	ACTCT	4498	4502	1	4
8473	A	ACCCT	5	8473	8477	CCCCT	4476	4480	1	4
8473	A	ACCCT	5	8473	8477	AACCT	14001	14005	1	4
8473	A	ACCCT	5	8473	8477	TCCCT	4353	4357	1	4
8473	A	ACCCT	5	8473	8477	ACACT	2356	2360	1	4
8473	A	ACCCT	5	8473	8477	AGCCT	2338	2342	1	4
8473	A	ACCCT	5	8473	8477	ACCTT	2135	2139	1	4
8473	A	ACCCT	5	8473	8477	AACCT	2134	2138	1	4
8473	A	ACCCT	5	8473	8477	ACACT	2122	2126	1	4
8473	A	ACCCT	5	8473	8477	CCCCT	2076	2080	1	4
8473	A	ACCCT	5	8473	8477	AGCCT	2003	2007	1	4
8473	A	ACCCT	5	8473	8477	AACCT	1994	1998	1	4
8473	A	ACCCT	5	8473	8477	CCCCT	1837	1841	1	4
8473	A	ACCCT	5	8473	8477	ACCCC	1836	1840	1	4
8473	A	ACCCT	5	8473	8477	AACCT	1762	1766	1	4
8473	A	ACCCT	5	8473	8477	ACCCA	1731	1735	1	4
8473	A	ACCCT	5	8473	8477	ACCAT	1724	1728	1	4
8473	A	ACCCT	5	8473	8477	ACCTT	1713	1717	1	4
8473	A	ACCCT	5	8473	8477	AACCT	1675	1679	1	4
8473	A	ACCCT	5	8473	8477	ACACT	1634	1638	1	4
8473	A	ACCCT	5	8473	8477	CCCCT	1531	1535	1	4
8473	A	ACCCT	5	8473	8477	ACCCA	2425	2429	1	4
8473	A	ACCCT	5	8473	8477	ACCGT	2582	2586	1	4
8473	A	ACCCT	5	8473	8477	AACCT	2791	2795	1	4
8473	A	ACCCT	5	8473	8477	AGCCT	3634	3638	1	4
8473	A	ACCCT	5	8473	8477	ACCCA	4348	4352	1	4
8473	A	ACCCT	5	8473	8477	AACCT	4257	4261	1	4
8473	A	ACCCT	5	8473	8477	ACCCA	4227	4231	1	4
8473	A	ACCCT	5	8473	8477	ACTCT	4065	4069	1	4
8473	A	ACCCT	5	8473	8477	CCCCT	4058	4062	1	4
8473	A	ACCCT	5	8473	8477	CCCCT	3960	3964	1	4
8473	A	ACCCT	5	8473	8477	ACCTT	3902	3906	1	4
8473	A	ACCCT	5	8473	8477	ACCCA	3579	3583	1	4
8473	A	ACCCT	5	8473	8477	ACCCA	2833	2837	1	4
8473	A	ACCCT	5	8473	8477	ACCTT	3532	3536	1	4
8473	A	ACCCT	5	8473	8477	CCCCT	3484	3488	1	4
8473	A	ACCCT	5	8473	8477	ACTCT	3468	3472	1	4
8473	A	ACCCT	5	8473	8477	CCCCT	3429	3433	1	4
8473	A	ACCCT	5	8473	8477	ACCCA	3339	3343	1	4
8473	A	ACCCT	5	8473	8477	ACCCA	3309	3313	1	4
8473	A	ACCCT	5	8473	8477	ATCCT	2946	2950	1	4
8473	A	ACCCT	5	8473	8477	ATCCT	7784	7788	1	4
8473	A	ACCCT	5	8473	8477	TCCCT	7823	7827	1	4
8473	A	ACCCT	5	8473	8477	AACCT	7903	7907	1	4
8473	A	ACCCT	5	8473	8477	CCCCT	8228	8232	1	4
8473	A	ACCCT	5	8473	8477	ATCCT	12850	12854	1	4
8473	A	ACCCT	5	8473	8477	ATCCT	12786	12790	1	4
8473	A	ACCCT	5	8473	8477	ACCCA	12668	12672	1	4
8473	A	ACCCT	5	8473	8477	TCCCT	12605	12609	1	4
8473	A	ACCCT	5	8473	8477	ACCCA	12556	12560	1	4
8473	A	ACCCT	5	8473	8477	ACCCA	12547	12551	1	4
8473	A	ACCCT	5	8473	8477	ACACT	12534	12538	1	4
8473	A	ACCCT	5	8473	8477	TCCCT	12376	12380	1	4
8473	A	ACCCT	5	8473	8477	ACCAT	12340	12344	1	4
8473	A	ACCCT	5	8473	8477	CCCCT	12194	12198	1	4
8473	A	ACCCT	5	8473	8477	ACCCC	12193	12197	1	4
8473	A	ACCCT	5	8473	8477	ACCCC	12108	12112	1	4
8473	A	ACCCT	5	8473	8477	GCCCT	11969	11973	1	4
8473	A	ACCCT	5	8473	8477	AACCT	11879	11883	1	4
8473	A	ACCCT	5	8473	8477	ACTCT	11807	11811	1	4
8473	A	ACCCT	5	8473	8477	ACTCT	11622	11626	1	4
8473	A	ACCCT	5	8473	8477	TCCCT	11552	11556	1	4
8473	A	ACCCT	5	8473	8477	ACCGT	12860	12864	1	4
8473	A	ACCCT	5	8473	8477	ATCCT	12904	12908	1	4
8473	A	ACCCT	5	8473	8477	GCCCT	12940	12944	1	4
8473	A	ACCCT	5	8473	8477	GCCCT	13558	13562	1	4
8473	A	ACCCT	5	8473	8477	CCCCT	13981	13985	1	4
8473	A	ACCCT	5	8473	8477	AACCT	13975	13979	1	4
8473	A	ACCCT	5	8473	8477	CCCCT	13947	13951	1	4
8473	A	ACCCT	5	8473	8477	GCCCT	13837	13841	1	4
8473	A	ACCCT	5	8473	8477	AGCCT	13717	13721	1	4
8473	A	ACCCT	5	8473	8477	ACCCC	13691	13695	1	4
8473	A	ACCCT	5	8473	8477	ACCCC	13676	13680	1	4
8473	A	ACCCT	5	8473	8477	ACCTT	13485	13489	1	4
8473	A	ACCCT	5	8473	8477	ACGCT	12950	12954	1	4
8473	A	ACCCT	5	8473	8477	ACCAT	13429	13433	1	4
8473	A	ACCCT	5	8473	8477	ACCTT	13382	13386	1	4
8473	A	ACCCT	5	8473	8477	AGCCT	13242	13246	1	4
8473	A	ACCCT	5	8473	8477	ACACT	13165	13169	1	4
8473	A	ACCCT	5	8473	8477	ACTCT	13159	13163	1	4
8473	A	ACCCT	5	8473	8477	GCCCT	13069	13073	1	4
8473	A	ACCCT	5	8473	8477	CCCCT	13026	13030	1	4
8473	A	ACCCT	5	8473	8477	CCCCT	11536	11540	1	4
8473	A	ACCCT	5	8473	8477	AGCCT	11530	11534	1	4
8473	A	ACCCT	5	8473	8477	ACTCT	11461	11465	1	4
8473	A	ACCCT	5	8473	8477	ATCCT	8745	8749	1	4
8473	A	ACCCT	5	8473	8477	ACACT	9091	9095	1	4
8473	A	ACCCT	5	8473	8477	AACCT	9079	9083	1	4
8473	A	ACCCT	5	8473	8477	ACCAT	9073	9077	1	4
8473	A	ACCCT	5	8473	8477	GCCCT	8989	8993	1	4
8473	A	ACCCT	5	8473	8477	GCCCT	8896	8900	1	4
8473	A	ACCCT	5	8473	8477	CCCCT	8844	8848	1	4
8473	A	ACCCT	5	8473	8477	AACCT	8827	8831	1	4
8473	A	ACCCT	5	8473	8477	AACCT	8724	8728	1	4
8473	A	ACCCT	5	8473	8477	AGCCT	9156	9160	1	4
8473	A	ACCCT	5	8473	8477	ACACT	8711	8715	1	4
8473	A	ACCCT	5	8473	8477	ACCAT	8701	8705	1	4
8473	A	ACCCT	5	8473	8477	ATCCT	8566	8570	1	4
8473	A	ACCCT	5	8473	8477	ACACT	8420	8424	1	4
8473	A	ACCCT	5	8473	8477	ACCGT	8384	8388	1	4
8473	A	ACCCT	5	8473	8477	ACCTT	8319	8323	1	4
8473	A	ACCCT	5	8473	8477	AACCT	8318	8322	1	4
8473	A	ACCCT	5	8473	8477	ATCCT	9127	9131	1	4
8473	A	ACCCT	5	8473	8477	ACCCA	9242	9246	1	4
8473	A	ACCCT	5	8473	8477	CCCCT	11234	11238	1	4
8473	A	ACCCT	5	8473	8477	TCCCT	10204	10208	1	4
8473	A	ACCCT	5	8473	8477	ACTCT	11038	11042	1	4
8473	A	ACCCT	5	8473	8477	ACCTT	10922	10926	1	4
8473	A	ACCCT	5	8473	8477	AACCT	10749	10753	1	4
8473	A	ACCCT	5	8473	8477	AACCT	10743	10747	1	4
8473	A	ACCCT	5	8473	8477	GCCCT	10695	10699	1	4
8473	A	ACCCT	5	8473	8477	GCCCT	10353	10357	1	4
8473	A	ACCCT	5	8473	8477	GCCCT	10290	10294	1	4
8473	A	ACCCT	5	8473	8477	CCCCT	10162	10166	1	4
8473	A	ACCCT	5	8473	8477	ACCCC	9254	9258	1	4
8473	A	ACCCT	5	8473	8477	AGCCT	10097	10101	1	4
8473	A	ACCCT	5	8473	8477	ACCGT	10011	10015	1	4
8473	A	ACCCT	5	8473	8477	ACTCT	9991	9995	1	4
8473	A	ACCCT	5	8473	8477	CCCCT	9582	9586	1	4
8473	A	ACCCT	5	8473	8477	AGCCT	9503	9507	1	4
8473	A	ACCCT	5	8473	8477	ATCCT	9456	9460	1	4
8473	A	ACCCT	5	8473	8477	CCCCT	9255	9259	1	4
8473	A	CACCC	5	8472	8476	CAGCC	13007	13011	1	4
8473	A	CACCC	5	8472	8476	CAGCC	13067	13071	1	4
8473	A	ACCCT	5	8473	8477	GCCCT	1464	1468	1	4
8473	A	ACCAC	5	8470	8474	CCCAC	14946	14950	1	4
8473	A	ACCAC	5	8470	8474	ACTAC	14907	14911	1	4
8473	A	ACCAC	5	8470	8474	ACCAA	14743	14747	1	4
8473	A	ACCAC	5	8470	8474	ACTAC	14732	14736	1	4
8473	A	ACCAC	5	8470	8474	ACCAA	14699	14703	1	4
8473	A	ACCAC	5	8470	8474	ACTAC	14687	14691	1	4
8473	A	ACCAC	5	8470	8474	CCCAC	14621	14625	1	4
8473	A	ACCAC	5	8470	8474	ACCGC	14566	14570	1	4
8473	A	ACCAC	5	8470	8474	ACCTC	14411	14415	1	4
8473	A	ACCAC	5	8470	8474	CCCAC	14390	14394	1	4
8473	A	ACCAC	5	8470	8474	ACCAA	14366	14370	1	4
8473	A	ACCAC	5	8470	8474	ACTAC	14210	14214	1	4
8473	A	ACCAC	5	8470	8474	ACCAG	14203	14207	1	4
8473	A	ACCAC	5	8470	8474	ATCAC	14140	14144	1	4
8473	A	ACCAC	5	8470	8474	ACCTC	14065	14069	1	4
8473	A	ACCAC	5	8470	8474	ACCAA	14042	14046	1	4
8473	A	ACCAC	5	8470	8474	ACCGC	13937	13941	1	4
8473	A	ACCAC	5	8470	8474	ATCAC	13930	13934	1	4
8473	A	ACCAC	5	8470	8474	CCCAC	13881	13885	1	4
8473	A	ACCAC	5	8470	8474	ACCTC	13844	13848	1	4
8473	A	ACCAC	5	8470	8474	ACAAC	13774	13778	1	4
8473	A	ACCAC	5	8470	8474	ACAAC	13745	13749	1	4
8473	A	ACCAC	5	8470	8474	ACCGC	13528	13532	1	4
8473	A	ACCAC	5	8470	8474	ACTAC	13419	13423	1	4
8473	A	ACCAC	5	8470	8474	TCCAC	13376	13380	1	4
8473	A	ACCAC	5	8470	8474	TCCAC	13249	13253	1	4
8473	A	ACCAC	5	8470	8474	CCCAC	13146	13150	1	4
8473	A	ACCAC	5	8470	8474	AGCAC	13084	13088	1	4
8473	A	ACCAC	5	8470	8474	TCCAC	13076	13080	1	4
8473	A	ACCAC	5	8470	8474	ACTAC	12972	12976	1	4
8473	A	ACCAC	5	8470	8474	ACCAG	14914	14918	1	4
8473	A	ACCAC	5	8470	8474	ATCAC	14951	14955	1	4
8473	A	TACCA	5	8469	8473	TACCT	1843	1847	1	4
8473	A	ACCAC	5	8470	8474	GCCAC	15173	15177	1	4
8473	A	TACCA	5	8469	8473	AACCA	1810	1814	1	4
8473	A	TACCA	5	8469	8473	AACCA	1723	1727	1	4
8473	A	TACCA	5	8469	8473	AACCA	1599	1603	1	4
8473	A	TACCA	5	8469	8473	TAACA	1563	1567	1	4
8473	A	TACCA	5	8469	8473	TAGCA	1426	1430	1	4
8473	A	TACCA	5	8469	8473	TAACA	1035	1039	1	4
8473	A	TACCA	5	8469	8473	TGCCA	888	892	1	4
8473	A	TACCA	5	8469	8473	TACTA	861	865	1	4
8473	A	TACCA	5	8469	8473	TAGCA	832	836	1	4
8473	A	TACCA	5	8469	8473	TTCCA	710	714	1	4
8473	A	TACCA	5	8469	8473	AACCA	546	550	1	4
8473	A	TACCA	5	8469	8473	TAACA	424	428	1	4
8473	A	TACCA	5	8469	8473	TAACA	282	286	1	4
8473	A	TACCA	5	8469	8473	TAACA	239	243	1	4
8473	A	TACCA	5	8469	8473	TACTA	196	200	1	4
8473	A	TACCA	5	8469	8473	TAGCA	83	87	1	4
8473	A	ACCAC	5	8470	8474	ATCAC	16561	16565	1	4
8473	A	ACCAC	5	8470	8474	CCCAC	16536	16540	1	4
8473	A	ACCAC	5	8470	8474	TCCAC	16172	16176	1	4
8473	A	ACCAC	5	8470	8474	ACCGC	16081	16085	1	4
8473	A	ACCAC	5	8470	8474	ACCAG	15911	15915	1	4
8473	A	ACCAC	5	8470	8474	ACAAC	15824	15828	1	4
8473	A	ACCAC	5	8470	8474	ACCAG	15769	15773	1	4
8473	A	ACCAC	5	8470	8474	ATCAC	15712	15716	1	4
8473	A	ACCAC	5	8470	8474	CCCAC	15700	15704	1	4
8473	A	ACCAC	5	8470	8474	ACAAC	15679	15683	1	4
8473	A	ACCAC	5	8470	8474	CCCAC	15543	15547	1	4
8473	A	ACCAC	5	8470	8474	ACCAG	15484	15488	1	4
8473	A	ACCAC	5	8470	8474	AACAC	15325	15329	1	4
8473	A	ACCAC	5	8470	8474	CCCAC	12969	12973	1	4
8473	A	ACCAC	5	8470	8474	AACAC	12829	12833	1	4
8473	A	ACCAC	5	8470	8474	ACTAC	12584	12588	1	4
8473	A	ACCAC	5	8470	8474	GCCAC	12541	12545	1	4
8473	A	ACCAC	5	8470	8474	AGCAC	9689	9693	1	4
8473	A	ACCAC	5	8470	8474	ACCAA	9676	9680	1	4
8473	A	ACCAC	5	8470	8474	AACAC	9603	9607	1	4
8473	A	ACCAC	5	8470	8474	AACAC	9354	9358	1	4
8473	A	ACCAC	5	8470	8474	AACAC	9199	9203	1	4
8473	A	ACCAC	5	8470	8474	ACAAC	9197	9201	1	4
8473	A	ACCAC	5	8470	8474	ACGAC	9194	9198	1	4
8473	A	ACCAC	5	8470	8474	ACCGC	9007	9011	1	4
8473	A	ACCAC	5	8470	8474	ACCAA	8982	8986	1	4
8473	A	ACCAC	5	8470	8474	CCCAC	8903	8907	1	4
8473	A	ACCAC	5	8470	8474	ACAAC	8767	8771	1	4
8473	A	ACCAC	5	8470	8474	AACAC	8710	8714	1	4
8473	A	ACCAC	5	8470	8474	ACAAC	8708	8712	1	4
8473	A	ACCAC	5	8470	8474	CCCAC	8560	8564	1	4
8473	A	ACCAC	5	8470	8474	ACCAA	8521	8525	1	4
8473	A	ACCAC	5	8470	8474	ACCAA	8479	8483	1	4
8473	A	ACCAC	5	8470	8474	AACAC	8453	8457	1	4
8473	A	ACCAC	5	8470	8474	ACCTC	8350	8354	1	4
8473	A	ACCAC	5	8470	8474	CCCAC	8293	8297	1	4
8473	A	ACCAC	5	8470	8474	ACCGC	8138	8142	1	4
8473	A	ACCAC	5	8470	8474	ACCAA	8124	8128	1	4
8473	A	ACCAC	5	8470	8474	CCCAC	8081	8085	1	4
8473	A	ACCAC	5	8470	8474	ATCAC	8050	8054	1	4
8473	A	ACCAC	5	8470	8474	ACCAG	7972	7976	1	4
8473	A	ACCAC	5	8470	8474	ACCAA	7890	7894	1	4
8473	A	ACCAC	5	8470	8474	ACAAC	7724	7728	1	4
8473	A	ACCAC	5	8470	8474	ATCAC	7659	7663	1	4
8473	A	ACCAC	5	8470	8474	AACAC	7186	7190	1	4
8473	A	ACCAC	5	8470	8474	ACAAC	7184	7188	1	4
8473	A	ACCAC	5	8470	8474	GCCAC	9804	9808	1	4
8473	A	ACCAC	5	8470	8474	ATCAC	9898	9902	1	4
8473	A	ACCAC	5	8470	8474	ACAAC	10039	10043	1	4
8473	A	ACCAC	5	8470	8474	AACAC	11523	11527	1	4
8473	A	ACCAC	5	8470	8474	ACCAA	12509	12513	1	4
8473	A	ACCAC	5	8470	8474	ACAAC	12487	12491	1	4
8473	A	ACCAC	5	8470	8474	CCCAC	12484	12488	1	4
8473	A	ACCAC	5	8470	8474	ACTAC	12349	12353	1	4
8473	A	ACCAC	5	8470	8474	ACAAC	12249	12253	1	4
8473	A	ACCAC	5	8470	8474	ACAAC	12177	12181	1	4
8473	A	ACCAC	5	8470	8474	ACCAA	12152	12156	1	4
8473	A	ACCAC	5	8470	8474	ACAAC	12030	12034	1	4
8473	A	ACCAC	5	8470	8474	AACAC	11998	12002	1	4
8473	A	ACCAC	5	8470	8474	ACAAC	11996	12000	1	4
8473	A	ACCAC	5	8470	8474	ACTAC	11757	11761	1	4
8473	A	ACCAC	5	8470	8474	CCCAC	11712	11716	1	4
8473	A	ACCAC	5	8470	8474	GCCAC	11634	11638	1	4
8473	A	ACCAC	5	8470	8474	TCCAC	11394	11398	1	4
8473	A	ACCAC	5	8470	8474	ACAAC	10133	10137	1	4
8473	A	ACCAC	5	8470	8474	ACAAC	11334	11338	1	4
8473	A	ACCAC	5	8470	8474	ACAAC	11262	11266	1	4
8473	A	ACCAC	5	8470	8474	GCCAC	11093	11097	1	4
8473	A	ACCAC	5	8470	8474	GCCAC	11004	11008	1	4
8473	A	ACCAC	5	8470	8474	ACAAC	10896	10900	1	4
8473	A	ACCAC	5	8470	8474	ACCAA	10887	10891	1	4
8473	A	ACCAC	5	8470	8474	AACAC	10835	10839	1	4
8473	A	ACCAC	5	8470	8474	AACAC	10818	10822	1	4
8473	A	ACCAC	5	8470	8474	ACTAC	10732	10736	1	4
8473	A	ACCAC	5	8470	8474	AACAC	10716	10720	1	4
8473	A	ACCAC	5	8470	8474	ACCTC	10543	10547	1	4
8473	A	ACCAC	5	8470	8474	ACTAC	10376	10380	1	4
8473	A	ACCAC	5	8470	8474	ACAAC	10299	10303	1	4
8473	A	TACCA	5	8469	8473	TAGCA	1824	1828	1	4
8473	A	TACCA	5	8469	8473	AACCA	1908	1912	1	4
8473	A	ACCAC	5	8470	8474	CCCAC	7027	7031	1	4
8473	A	TACCA	5	8469	8473	TACTA	12719	12723	1	4
8473	A	TACCA	5	8469	8473	GACCA	12508	12512	1	4
8473	A	TACCA	5	8469	8473	TATCA	12471	12475	1	4
8473	A	TACCA	5	8469	8473	AACCA	12339	12343	1	4
8473	A	TACCA	5	8469	8473	TAACA	12278	12282	1	4
8473	A	TACCA	5	8469	8473	TACCG	12203	12207	1	4
8473	A	TACCA	5	8469	8473	AACCA	12151	12155	1	4
8473	A	TACCA	5	8469	8473	TACCG	12121	12125	1	4
8473	A	TACCA	5	8469	8473	TAACA	12028	12032	1	4
8473	A	TACCA	5	8469	8473	TACTA	11958	11962	1	4
8473	A	TACCA	5	8469	8473	TACTA	11733	11737	1	4
8473	A	TACCA	5	8469	8473	TAACA	11652	11656	1	4
8473	A	TACCA	5	8469	8473	TAACA	11571	11575	1	4
8473	A	TACCA	5	8469	8473	TACTA	11547	11551	1	4
8473	A	TACCA	5	8469	8473	TAACA	11082	11086	1	4
8473	A	TACCA	5	8469	8473	TACTA	11052	11056	1	4
8473	A	TACCA	5	8469	8473	TACTA	10959	10963	1	4
8473	A	TACCA	5	8469	8473	AACCA	10886	10890	1	4
8473	A	TACCA	5	8469	8473	TAGCA	10861	10865	1	4
8473	A	TACCA	5	8469	8473	TTCCA	10810	10814	1	4
8473	A	TACCA	5	8469	8473	TCCCA	10776	10780	1	4
8473	A	TACCA	5	8469	8473	TACTA	10657	10661	1	4
8473	A	TACCA	5	8469	8473	TGCCA	10652	10656	1	4
8473	A	TACCA	5	8469	8473	TACTA	10579	10583	1	4
8473	A	TACCA	5	8469	8473	TACTA	10525	10529	1	4
8473	A	TACCA	5	8469	8473	TACTA	10495	10499	1	4
8473	A	TACCA	5	8469	8473	TACCT	10238	10242	1	4
8473	A	TACCA	5	8469	8473	TACGA	10167	10171	1	4
8473	A	TACCA	5	8469	8473	TACCG	10010	10014	1	4
8473	A	TACCA	5	8469	8473	TACAA	9701	9705	1	4
8473	A	TACCA	5	8469	8473	TAGCA	12611	12615	1	4
8473	A	TACCA	5	8469	8473	TTCCA	12748	12752	1	4
8473	A	TACCA	5	8469	8473	TAGCA	1956	1960	1	4
8473	A	TACCA	5	8469	8473	TGCCA	12825	12829	1	4
8473	A	TACCA	5	8469	8473	TACAA	16199	16203	1	4
8473	A	TACCA	5	8469	8473	TTCCA	15943	15947	1	4
8473	A	TACCA	5	8469	8473	TACTA	15813	15817	1	4
8473	A	TACCA	5	8469	8473	TAGCA	15804	15808	1	4
8473	A	TACCA	5	8469	8473	TACTA	15630	15634	1	4
8473	A	TACCA	5	8469	8473	TACCT	15283	15287	1	4
8473	A	TACCA	5	8469	8473	TCCCA	15204	15208	1	4
8473	A	TACCA	5	8469	8473	TACTA	15192	15196	1	4
8473	A	TACCA	5	8469	8473	TACAA	15184	15188	1	4
8473	A	TACCA	5	8469	8473	TATCA	15159	15163	1	4
8473	A	TACCA	5	8469	8473	TAGCA	15117	15121	1	4
8473	A	TACCA	5	8469	8473	AACCA	14714	14718	1	4
8473	A	TACCA	5	8469	8473	TACTA	14635	14639	1	4
8473	A	TACCA	5	8469	8473	TACTA	14581	14585	1	4
8473	A	TACCA	5	8469	8473	TACAA	14237	14241	1	4
8473	A	TACCA	5	8469	8473	TACAA	14173	14177	1	4
8473	A	TACCA	5	8469	8473	TACCT	14021	14025	1	4
8473	A	TACCA	5	8469	8473	TACGA	13965	13969	1	4
8473	A	TACCA	5	8469	8473	AACCA	13857	13861	1	4
8473	A	TACCA	5	8469	8473	TACTA	13740	13744	1	4
8473	A	TACCA	5	8469	8473	TATCA	13538	13542	1	4
8473	A	TACCA	5	8469	8473	TACCT	13484	13488	1	4
8473	A	TACCA	5	8469	8473	TAGCA	13475	13479	1	4
8473	A	TACCA	5	8469	8473	AACCA	13428	13432	1	4
8473	A	TACCA	5	8469	8473	TAACA	13386	13390	1	4
8473	A	TACCA	5	8469	8473	TACTA	13349	13353	1	4
8473	A	TACCA	5	8469	8473	TACAA	13281	13285	1	4
8473	A	TACCA	5	8469	8473	TAGCA	13097	13101	1	4
8473	A	TACCA	5	8469	8473	TAGCA	12893	12897	1	4
8473	A	TACCA	5	8469	8473	AACCA	9675	9679	1	4
8473	A	TACCA	5	8469	8473	TATCA	9631	9635	1	4
8473	A	TACCA	5	8469	8473	AACCA	9350	9354	1	4
8473	A	TACCA	5	8469	8473	TACTA	9337	9341	1	4
8473	A	TACCA	5	8469	8473	AACCA	5069	5073	1	4
8473	A	TACCA	5	8469	8473	TAGCA	5041	5045	1	4
8473	A	TACCA	5	8469	8473	TAGCA	5005	5009	1	4
8473	A	TACCA	5	8469	8473	AACCA	4980	4984	1	4
8473	A	TACCA	5	8469	8473	TAGCA	4957	4961	1	4
8473	A	TACCA	5	8469	8473	TCCCA	4813	4817	1	4
8473	A	TACCA	5	8469	8473	TAGCA	4774	4778	1	4
8473	A	TACCA	5	8469	8473	AACCA	4721	4725	1	4
8473	A	TACCA	5	8469	8473	AACCA	4601	4605	1	4
8473	A	TACCA	5	8469	8473	TTCCA	4591	4595	1	4
8473	A	TACCA	5	8469	8473	TACCT	4553	4557	1	4
8473	A	TACCA	5	8469	8473	TACTA	4465	4469	1	4
8473	A	TACCA	5	8469	8473	TACAA	4233	4237	1	4
8473	A	TACCA	5	8469	8473	GACCA	3882	3886	1	4
8473	A	TACCA	5	8469	8473	TACTA	3767	3771	1	4
8473	A	TACCA	5	8469	8473	TACCG	3372	3376	1	4
8473	A	TACCA	5	8469	8473	TAACA	3300	3304	1	4
8473	A	TACCA	5	8469	8473	TATCA	3181	3185	1	4
8473	A	TACCA	5	8469	8473	TACGA	3124	3128	1	4
8473	A	TACCA	5	8469	8473	TATCA	2964	2968	1	4
8473	A	TACCA	5	8469	8473	TAACA	2936	2940	1	4
8473	A	TACCA	5	8469	8473	GACCA	2909	2913	1	4
8473	A	TACCA	5	8469	8473	TACCT	2759	2763	1	4
8473	A	TACCA	5	8469	8473	AACCA	2668	2672	1	4
8473	A	TACCA	5	8469	8473	TAGCA	2594	2598	1	4
8473	A	TACCA	5	8469	8473	TAACA	2372	2376	1	4
8473	A	TACCA	5	8469	8473	TAACA	2311	2315	1	4
8473	A	TACCA	5	8469	8473	GACCA	2269	2273	1	4
8473	A	TACCA	5	8469	8473	TCCCA	2233	2237	1	4
8473	A	TACCA	5	8469	8473	TTCCA	5200	5204	1	4
8473	A	TACCA	5	8469	8473	TACAA	5426	5430	1	4
8473	A	TACCA	5	8469	8473	TACTA	5497	5501	1	4
8473	A	TACCA	5	8469	8473	TACTA	7741	7745	1	4
8473	A	TACCA	5	8469	8473	TATCA	9096	9100	1	4
8473	A	TACCA	5	8469	8473	TATCA	9068	9072	1	4
8473	A	TACCA	5	8469	8473	AACCA	8961	8965	1	4
8473	A	TACCA	5	8469	8473	TACTA	8945	8949	1	4
8473	A	TACCA	5	8469	8473	TACTA	8738	8742	1	4
8473	A	TACCA	5	8469	8473	AACCA	8700	8704	1	4
8473	A	TACCA	5	8469	8473	AACCA	8520	8524	1	4
8473	A	TACCA	5	8469	8473	TAACA	8506	8510	1	4
8473	A	TACCA	5	8469	8473	AACCA	8343	8347	1	4
8473	A	TACCA	5	8469	8473	TAGCA	8311	8315	1	4
8473	A	TACCA	5	8469	8473	AACCA	8123	8127	1	4
8473	A	TACCA	5	8469	8473	AACCA	7971	7975	1	4
8473	A	TACCA	5	8469	8473	TAACA	7842	7846	1	4
8473	A	TACCA	5	8469	8473	AACCA	7531	7535	1	4
8473	A	TACCA	5	8469	8473	GACCA	5532	5536	1	4
8473	A	TACCA	5	8469	8473	GACCA	7119	7123	1	4
8473	A	TACCA	5	8469	8473	TGCCA	7064	7068	1	4
8473	A	TACCA	5	8469	8473	TAGCA	6976	6980	1	4
8473	A	TACCA	5	8469	8473	TATCA	6736	6740	1	4
8473	A	TACCA	5	8469	8473	AACCA	6700	6704	1	4
8473	A	TACCA	5	8469	8473	TATCA	6407	6411	1	4
8473	A	TACCA	5	8469	8473	AACCA	6338	6342	1	4
8473	A	TACCA	5	8469	8473	TAGCA	6298	6302	1	4
8473	A	TACCA	5	8469	8473	TACCT	5958	5962	1	4
8473	A	TACCA	5	8469	8473	TAACA	5693	5697	1	4
8473	A	TACCA	5	8469	8473	GACCA	5660	5664	1	4
8473	A	TACCA	5	8469	8473	TACTA	5655	5659	1	4
8473	A	TACCA	5	8469	8473	TAACA	5580	5584	1	4
8473	A	ACCAC	5	8470	8474	ACCAA	7120	7124	1	4
8473	A	ACCAC	5	8470	8474	ACGAC	7006	7010	1	4
8473	A	CACCC	5	8472	8476	CATCC	13116	13120	1	4
8473	A	CCACC	5	8471	8475	CCATC	7066	7070	1	4
8473	A	CCACC	5	8471	8475	CCACT	7028	7032	1	4
8473	A	CCACC	5	8471	8475	TCACC	6946	6950	1	4
8473	A	CCACC	5	8471	8475	CCACG	6884	6888	1	4
8473	A	CCACC	5	8471	8475	TCACC	6817	6821	1	4
8473	A	CCACC	5	8471	8475	ACACC	6770	6774	1	4
8473	A	CCACC	5	8471	8475	CCGCC	6568	6572	1	4
8473	A	CCACC	5	8471	8475	CCATC	6385	6389	1	4
8473	A	CCACC	5	8471	8475	CCTCC	6325	6329	1	4
8473	A	CCACC	5	8471	8475	CCATC	6118	6122	1	4
8473	A	CCACC	5	8471	8475	CCTCC	6005	6009	1	4
8473	A	CCACC	5	8471	8475	CGACC	5912	5916	1	4
8473	A	CCACC	5	8471	8475	CCGCC	5739	5743	1	4
8473	A	CCACC	5	8471	8475	CCGCC	5736	5740	1	4
8473	A	CCACC	5	8471	8475	CCACT	5632	5636	1	4
8473	A	CCACC	5	8471	8475	GCACC	5164	5168	1	4
8473	A	CCACC	5	8471	8475	CCAGC	5137	5141	1	4
8473	A	CCACC	5	8471	8475	CCAGC	4988	4992	1	4
8473	A	CCACC	5	8471	8475	CCATC	4951	4955	1	4
8473	A	CCACC	5	8471	8475	CCATC	4882	4886	1	4
8473	A	CCACC	5	8471	8475	CCATC	4636	4640	1	4
8473	A	CCACC	5	8471	8475	CCACA	4624	4628	1	4
8473	A	CCACC	5	8471	8475	CCAGC	4241	4245	1	4
8473	A	CCACC	5	8471	8475	ACACC	4164	4168	1	4
8473	A	CCACC	5	8471	8475	TCACC	4085	4089	1	4
8473	A	CCACC	5	8471	8475	CGACC	3900	3904	1	4
8473	A	CCACC	5	8471	8475	CCATC	3835	3839	1	4
8473	A	CCACC	5	8471	8475	CCATC	3746	3750	1	4
8473	A	CCACC	5	8471	8475	CCTCC	3609	3613	1	4
8473	A	CCACC	5	8471	8475	CGACC	3530	3534	1	4
8473	A	CCACC	5	8471	8475	CCACT	7034	7038	1	4
8473	A	CCACC	5	8471	8475	CCACA	7182	7186	1	4
8473	A	CCACC	5	8471	8475	CCAAC	10714	10718	1	4
8473	A	CCACC	5	8471	8475	ACACC	7243	7247	1	4
8473	A	CCACC	5	8471	8475	ACACC	10541	10545	1	4
8473	A	CCACC	5	8471	8475	CCTCC	10268	10272	1	4
8473	A	CCACC	5	8471	8475	CCATC	9970	9974	1	4
8473	A	CCACC	5	8471	8475	CCGCC	9919	9923	1	4
8473	A	CCACC	5	8471	8475	CCGCC	9916	9920	1	4
8473	A	CCACC	5	8471	8475	CCAAC	9869	9873	1	4
8473	A	CCACC	5	8471	8475	CCGCC	9866	9870	1	4
8473	A	CCACC	5	8471	8475	CCACG	9815	9819	1	4
8473	A	CCACC	5	8471	8475	CCACA	9805	9809	1	4
8473	A	CCACC	5	8471	8475	TCACC	9647	9651	1	4
8473	A	CCACC	5	8471	8475	CCAAC	9558	9562	1	4
8473	A	CCACC	5	8471	8475	CCTCC	9278	9282	1	4
8473	A	CCACC	5	8471	8475	GCACC	9039	9043	1	4
8473	A	CCACC	5	8471	8475	ACACC	8923	8927	1	4
8473	A	CCACC	5	8471	8475	CCACT	8904	8908	1	4
8473	A	CCACC	5	8471	8475	CCAAC	8814	8818	1	4
8473	A	CCACC	5	8471	8475	CCACA	8765	8769	1	4
8473	A	CCACC	5	8471	8475	CCACA	8561	8565	1	4
8473	A	CCACC	5	8471	8475	TCACC	8477	8481	1	4
8473	A	CCACC	5	8471	8475	CCAAC	8437	8441	1	4
8473	A	CCACC	5	8471	8475	CCAAC	8371	8375	1	4
8473	A	CCACC	5	8471	8475	CCACT	8294	8298	1	4
8473	A	CCACC	5	8471	8475	CCATC	8208	8212	1	4
8473	A	CCACC	5	8471	8475	CCACA	8082	8086	1	4
8473	A	CCACC	5	8471	8475	CGACC	7978	7982	1	4
8473	A	CCACC	5	8471	8475	ACACC	7914	7918	1	4
8473	A	CCACC	5	8471	8475	CCATC	7794	7798	1	4
8473	A	CCACC	5	8471	8475	CCGCC	7791	7795	1	4
8473	A	CCACC	5	8471	8475	CCTCC	7499	7503	1	4
8473	A	CCACC	5	8471	8475	CCACA	3497	3501	1	4
8473	A	CCACC	5	8471	8475	CCGCC	3494	3498	1	4
8473	A	CCACC	5	8471	8475	TCACC	3473	3477	1	4
8473	A	CCACC	5	8471	8475	CCAAC	3416	3420	1	4
8473	A	CACCC	5	8472	8476	CACCA	14742	14746	1	4
8473	A	CACCC	5	8472	8476	AACCC	14640	14644	1	4
8473	A	CACCC	5	8472	8476	AACCC	14627	14631	1	4
8473	A	CACCC	5	8472	8476	AACCC	14618	14622	1	4
8473	A	CACCC	5	8472	8476	AACCC	14586	14590	1	4
8473	A	CACCC	5	8472	8476	CACCG	14565	14569	1	4
8473	A	CACCC	5	8472	8476	CACAC	14553	14557	1	4
8473	A	CACCC	5	8472	8476	AACCC	14517	14521	1	4
8473	A	CACCC	5	8472	8476	GACCC	14423	14427	1	4
8473	A	CACCC	5	8472	8476	AACCC	14387	14391	1	4
8473	A	CACCC	5	8472	8476	CACCA	14365	14369	1	4
8473	A	CACCC	5	8472	8476	CGCCC	14225	14229	1	4
8473	A	CACCC	5	8472	8476	CACCA	14184	14188	1	4
8473	A	CACCC	5	8472	8476	CCCCC	14155	14159	1	4
8473	A	CACCC	5	8472	8476	CACCT	14064	14068	1	4
8473	A	CACCC	5	8472	8476	CACCA	14041	14045	1	4
8473	A	CACCC	5	8472	8476	CACCG	13936	13940	1	4
8473	A	CACCC	5	8472	8476	CACAC	13934	13938	1	4
8473	A	CACCC	5	8472	8476	CACAC	13932	13936	1	4
8473	A	CACCC	5	8472	8476	CAGCC	13835	13839	1	4
8473	A	CACCC	5	8472	8476	CAGCC	13802	13806	1	4
8473	A	CACCC	5	8472	8476	CATCC	13760	13764	1	4
8473	A	CACCC	5	8472	8476	CCCCC	13754	13758	1	4
8473	A	CACCC	5	8472	8476	CAGCC	13709	13713	1	4
8473	A	CACCC	5	8472	8476	AACCC	13690	13694	1	4
8473	A	CACCC	5	8472	8476	AACCC	13675	13679	1	4
8473	A	CACCC	5	8472	8476	CACTC	13605	13609	1	4
8473	A	CACCC	5	8472	8476	CATCC	13374	13378	1	4
8473	A	CACCC	5	8472	8476	TACCC	13326	13330	1	4
8473	A	CACCC	5	8472	8476	GACCC	14749	14753	1	4
8473	A	CACCC	5	8472	8476	CACTC	14850	14854	1	4
8473	A	CACCC	5	8472	8476	CACCA	14913	14917	1	4
8473	A	CCACC	5	8471	8475	TCACC	980	984	1	4
8473	A	CCACC	5	8471	8475	TCACC	2864	2868	1	4
8473	A	CCACC	5	8471	8475	CGACC	2818	2822	1	4
8473	A	CCACC	5	8471	8475	CCACG	2639	2643	1	4
8473	A	CCACC	5	8471	8475	GCACC	2537	2541	1	4
8473	A	CCACC	5	8471	8475	CCGCC	2490	2494	1	4
8473	A	CCACC	5	8471	8475	CCAAC	2427	2431	1	4
8473	A	CCACC	5	8471	8475	CCTCC	2328	2332	1	4
8473	A	CCACC	5	8471	8475	CCACA	2058	2062	1	4
8473	A	CCACC	5	8471	8475	CCAAC	1627	1631	1	4
8473	A	CCACC	5	8471	8475	ACACC	1480	1484	1	4
8473	A	CCACC	5	8471	8475	CCACG	1311	1315	1	4
8473	A	CCACC	5	8471	8475	CCACA	1150	1154	1	4
8473	A	CCACC	5	8471	8475	CCACT	1085	1089	1	4
8473	A	CCACC	5	8471	8475	CCAGC	510	514	1	4
8473	A	CACCC	5	8472	8476	CAACC	14925	14929	1	4
8473	A	CCACC	5	8471	8475	CCACA	324	328	1	4
8473	A	CCACC	5	8471	8475	GCACC	163	167	1	4
8473	A	CACCC	5	8472	8476	CACAC	16232	16236	1	4
8473	A	CACCC	5	8472	8476	AACCC	16182	16186	1	4
8473	A	CACCC	5	8472	8476	AACCC	16165	16169	1	4
8473	A	CACCC	5	8472	8476	CACCA	15910	15914	1	4
8473	A	CACCC	5	8472	8476	CATCC	15807	15811	1	4
8473	A	CACCC	5	8472	8476	CGCCC	15698	15702	1	4
8473	A	CACCC	5	8472	8476	CAGCC	15315	15319	1	4
8473	A	CACCC	5	8472	8476	CACGC	14993	14997	1	4
8473	A	CACCC	5	8472	8476	CATCC	14980	14984	1	4
8473	A	CACCC	5	8472	8476	CACTC	14953	14957	1	4
8473	A	CACCC	5	8472	8476	CGCCC	14944	14948	1	4
8473	A	CCACC	5	8471	8475	CCGCC	10669	10673	1	4
8473	A	CCACC	5	8471	8475	CCAAC	10778	10782	1	4
8473	A	ACCAC	5	8470	8474	ATCAC	6986	6990	1	4
8473	A	ACCAC	5	8470	8474	ACTAC	3683	3687	1	4
8473	A	ACCAC	5	8470	8474	GCCAC	3496	3500	1	4
8473	A	ACCAC	5	8470	8474	ACCAA	3475	3479	1	4
8473	A	ACCAC	5	8470	8474	ACTAC	3402	3406	1	4
8473	A	ACCAC	5	8470	8474	ACAAC	3302	3306	1	4
8473	A	ACCAC	5	8470	8474	ACCTC	2984	2988	1	4
8473	A	ACCAC	5	8470	8474	ACTAC	2880	2884	1	4
8473	A	ACCAC	5	8470	8474	ACCAG	2866	2870	1	4
8473	A	ACCAC	5	8470	8474	ACCTC	2820	2824	1	4
8473	A	ACCAC	5	8470	8474	ACCAG	2669	2673	1	4
8473	A	ACCAC	5	8470	8474	TCCAC	2638	2642	1	4
8473	A	ACCAC	5	8470	8474	ATCAC	2601	2605	1	4
8473	A	ACCAC	5	8470	8474	ACCAG	2524	2528	1	4
8473	A	ACCAC	5	8470	8474	ACCTC	2512	2516	1	4
8473	A	ACCAC	5	8470	8474	AACAC	2429	2433	1	4
8473	A	ACCAC	5	8470	8474	AACAC	2355	2359	1	4
8473	A	ACCAC	5	8470	8474	ACCAA	2270	2274	1	4
8473	A	ACCAC	5	8470	8474	ACCAA	2188	2192	1	4
8473	A	ACCAC	5	8470	8474	CCCAC	2057	2061	1	4
8473	A	ACCAC	5	8470	8474	AGCAC	1940	1944	1	4
8473	A	ACCAC	5	8470	8474	ACCAG	1909	1913	1	4
8473	A	ACCAC	5	8470	8474	ACCAA	1811	1815	1	4
8473	A	ACCAC	5	8470	8474	ACCGC	1661	1665	1	4
8473	A	ACCAC	5	8470	8474	ACCAG	1600	1604	1	4
8473	A	ACCAC	5	8470	8474	ACTAC	1384	1388	1	4
8473	A	ACCAC	5	8470	8474	ACCTC	1240	1244	1	4
8473	A	ACCAC	5	8470	8474	GCCAC	1149	1153	1	4
8473	A	ACCAC	5	8470	8474	ACTAC	1142	1146	1	4
8473	A	ACCAC	5	8470	8474	AACAC	1139	1143	1	4
8473	A	ACCAC	5	8470	8474	CCCAC	1084	1088	1	4
8473	A	ACCAC	5	8470	8474	ACCTC	3628	3632	1	4
8473	A	ACCAC	5	8470	8474	ACAAC	3805	3809	1	4
8473	A	CCACC	5	8471	8475	CCAAC	10999	11003	1	4
8473	A	ACCAC	5	8470	8474	AACAC	3807	3811	1	4
8473	A	ACCAC	5	8470	8474	TCCAC	6883	6887	1	4
8473	A	ACCAC	5	8470	8474	GCCAC	6876	6880	1	4
8473	A	ACCAC	5	8470	8474	AGCAC	6767	6771	1	4
8473	A	ACCAC	5	8470	8474	ACCGC	6538	6542	1	4
8473	A	ACCAC	5	8470	8474	ATCAC	6519	6523	1	4
8473	A	ACCAC	5	8470	8474	ATCAC	6471	6475	1	4
8473	A	ACCAC	5	8470	8474	ACAAC	6399	6403	1	4
8473	A	ACCAC	5	8470	8474	ATCAC	6396	6400	1	4
8473	A	ACCAC	5	8470	8474	ACTAC	6307	6311	1	4
8473	A	ACCAC	5	8470	8474	ACAAC	6196	6200	1	4
8473	A	ACCAC	5	8470	8474	AACAC	5951	5955	1	4
8473	A	ACCAC	5	8470	8474	ACCTC	5816	5820	1	4
8473	A	ACCAC	5	8470	8474	AACAC	5683	5687	1	4
8473	A	ACCAC	5	8470	8474	ACCAA	5661	5665	1	4
8473	A	ACCAC	5	8470	8474	GCCAC	5631	5635	1	4
8473	A	ACCAC	5	8470	8474	CCCAC	5602	5606	1	4
8473	A	ACCAC	5	8470	8474	ACCAA	5533	5537	1	4
8473	A	ACCAC	5	8470	8474	ACAAC	5395	5399	1	4
8473	A	ACCAC	5	8470	8474	ACTAC	5378	5382	1	4
8473	A	ACCAC	5	8470	8474	ATCAC	5373	5377	1	4
8473	A	ACCAC	5	8470	8474	ACCTC	5367	5371	1	4
8473	A	ACCAC	5	8470	8474	ACCAA	4981	4985	1	4
8473	A	ACCAC	5	8470	8474	ACCGC	4662	4666	1	4
8473	A	ACCAC	5	8470	8474	ACCAA	4602	4606	1	4
8473	A	ACCAC	5	8470	8474	ACCAA	4087	4091	1	4
8473	A	ACCAC	5	8470	8474	ACAAC	4072	4076	1	4
8473	A	ACCAC	5	8470	8474	ACAAC	4039	4043	1	4
8473	A	ACCAC	5	8470	8474	TCCAC	3868	3872	1	4
8473	A	ACCAC	5	8470	8474	ACCTC	3818	3822	1	4
8473	A	ACCAC	5	8470	8474	AACAC	1046	1050	1	4
8473	A	ACCAC	5	8470	8474	ACTAC	1019	1023	1	4
8473	A	ACCAC	5	8470	8474	ACCGC	896	900	1	4
8473	A	ACCAC	5	8470	8474	GCCAC	796	800	1	4
8473	A	CCACC	5	8471	8475	ACACC	13935	13939	1	4
8473	A	CCACC	5	8471	8475	CCAAC	13904	13908	1	4
8473	A	CCACC	5	8471	8475	CCACT	13882	13886	1	4
8473	A	CCACC	5	8471	8475	CCACA	13377	13381	1	4
8473	A	CCACC	5	8471	8475	CCATC	13370	13374	1	4
8473	A	CCACC	5	8471	8475	CCACT	13250	13254	1	4
8473	A	CCACC	5	8471	8475	CCACT	13147	13151	1	4
8473	A	CCACC	5	8471	8475	CCTCC	12981	12985	1	4
8473	A	CCACC	5	8471	8475	CCACT	12970	12974	1	4
8473	A	CCACC	5	8471	8475	CCAAC	12914	12918	1	4
8473	A	CCACC	5	8471	8475	CCAAC	12827	12831	1	4
8473	A	CCACC	5	8471	8475	CCAAC	12750	12754	1	4
8473	A	CCACC	5	8471	8475	CCATC	12632	12636	1	4
8473	A	CCACC	5	8471	8475	CCAGC	12558	12562	1	4
8473	A	CCACC	5	8471	8475	CCACA	12542	12546	1	4
8473	A	CCACC	5	8471	8475	CCACA	12485	12489	1	4
8473	A	CCACC	5	8471	8475	CCTCC	12094	12098	1	4
8473	A	CCACC	5	8471	8475	ACACC	12076	12080	1	4
8473	A	CCACC	5	8471	8475	CCACT	11871	11875	1	4
8473	A	CCACC	5	8471	8475	CCACT	11816	11820	1	4
8473	A	CCACC	5	8471	8475	CCACG	11713	11717	1	4
8473	A	CCACC	5	8471	8475	TCACC	11685	11689	1	4
8473	A	CCACC	5	8471	8475	CCACA	11635	11639	1	4
8473	A	CCACC	5	8471	8475	CCATC	11580	11584	1	4
8473	A	CCACC	5	8471	8475	CCATC	11430	11434	1	4
8473	A	CCACC	5	8471	8475	CCACT	11395	11399	1	4
8473	A	CCACC	5	8471	8475	CCAAC	11331	11335	1	4
8473	A	CCACC	5	8471	8475	CCACA	11094	11098	1	4
8473	A	CCACC	5	8471	8475	CCACT	11005	11009	1	4
8473	A	CCACC	5	8471	8475	CCTCC	13989	13993	1	4
8473	A	CCACC	5	8471	8475	ACACC	14183	14187	1	4
8473	A	CCACC	5	8471	8475	CCATC	14342	14346	1	4
8473	A	CCACC	5	8471	8475	ACACC	15909	15913	1	4
8473	A	ACCAC	5	8470	8474	AGCAC	761	765	1	4
8473	A	ACCAC	5	8470	8474	ACCAA	551	555	1	4
8473	A	ACCAC	5	8470	8474	ACCGC	523	527	1	4
8473	A	ACCAC	5	8470	8474	AGCAC	512	516	1	4
8473	A	ACCAC	5	8470	8474	AACAC	336	340	1	4
8473	A	ACCAC	5	8470	8474	AGCAC	328	332	1	4
8473	A	ACCAC	5	8470	8474	GCCAC	323	327	1	4
8473	A	ACCAC	5	8470	8474	ACCAA	297	301	1	4
8473	A	ACCAC	5	8470	8474	GCCAC	260	264	1	4
8473	A	ACCAC	5	8470	8474	ATCAC	2	6	1	4
8473	A	CCACC	5	8471	8475	CCACT	16267	16271	1	4
8473	A	CCACC	5	8471	8475	CCACA	16173	16177	1	4
8473	A	CCACC	5	8471	8475	CCATC	16072	16076	1	4
8473	A	CCACC	5	8471	8475	CCACT	15701	15705	1	4
8473	A	CCACC	5	8471	8475	CCACT	14391	14395	1	4
8473	A	CCACC	5	8471	8475	CCTCC	15664	15668	1	4
8473	A	CCACC	5	8471	8475	CCACA	15544	15548	1	4
8473	A	CCACC	5	8471	8475	CCGCC	15198	15202	1	4
8473	A	CCACC	5	8471	8475	CCACA	15174	15178	1	4
8473	A	CCACC	5	8471	8475	CCTCC	15100	15104	1	4
8473	A	CCACC	5	8471	8475	CCACA	14947	14951	1	4
8473	A	CCACC	5	8471	8475	TCACC	14912	14916	1	4
8473	A	CCACC	5	8471	8475	CCTCC	14872	14876	1	4
8473	A	CCACC	5	8471	8475	CCAAC	14820	14824	1	4
8473	A	CCACC	5	8471	8475	CGACC	14803	14807	1	4
8473	A	CCACC	5	8471	8475	CCACA	14622	14626	1	4
8473	A	CCACC	5	8471	8475	ACACC	14564	14568	1	4
8473	A	CCACC	5	8471	8475	CCATC	14454	14458	1	4
8473	A	ACCCT	5	8473	8477	ACCCC	1530	1534	1	4
8473	A	ACCCT	5	8473	8477	GCCCT	1393	1397	1	4
8473	A	ACCCT	5	8473	8477	ACCCC	1222	1226	1	4
8473	A	ACCCT	5	8473	8477	AGCCT	663	667	1	4
8473	A	ACCCT	5	8473	8477	AGCCT	1201	1205	1	4
8473	A	ACCCT	5	8473	8477	ACACT	1140	1144	1	4
8473	A	ACCCT	5	8473	8477	GCCCT	1097	1101	1	4
8473	A	ACCCT	5	8473	8477	ACCCA	1063	1067	1	4
8473	A	ACCCT	5	8473	8477	ACCCA	914	918	1	4
8473	A	ACCCT	5	8473	8477	ACCCC	866	870	1	4
8473	A	ACCCT	5	8473	8477	ACCTT	827	831	1	4
8473	A	ACCCT	5	8473	8477	AACCT	826	830	1	4
8473	A	ACCCT	5	8473	8477	AGCCT	790	794	1	4
8473	A	ACCCT	5	8473	8477	ACGCT	784	788	1	4
8473	A	ACCCT	5	8473	8477	ACACT	606	610	1	4
8473	A	ACCCT	5	8473	8477	ACCCC	556	560	1	4
8473	A	ACCCT	5	8473	8477	ACCCC	533	537	1	4
8473	A	ACCCT	5	8473	8477	ACCCA	508	512	1	4
8473	A	ACCCT	5	8473	8477	ACCCC	352	356	1	4
8473	A	ACCCT	5	8473	8477	ACGCT	95	99	1	4
8473	A	TACCA	5	8469	8473	TACCG	16325	16329	1	4
