pos	nuc	motif.seq	motif.length	motif.start	motif.end	repeat.seq	repeat.start	repeat.end	repeat.hamming.distance	effective.length
12705	C	ATCTACTCATCTTCCTAATT	20	12695	12714	ACCTACTCATGCACCTAATT	9029	9048	4	16
12705	C	CTACTCATCTTCCTAATT	18	12697	12714	CTACTCATCGCACTAATT	11237	11254	3	15
12705	C	TACTCATCTTCCTAAT	16	12698	12713	TAATCATTTTCCTTAT	7671	7686	3	13
12705	C	CAAATATCTACTCATC	16	12690	12705	CAAATATCTCATCAAC	8628	8643	3	13
12705	C	TCTACTCATCTTCCTA	16	12696	12711	TATACTAATCTCCCTA	11050	11065	3	13
12705	C	ATCTTCCTAATTACCA	16	12703	12718	ATCCTCCAAATCACCA	14870	14885	3	13
12705	C	ATATCTACTCATCTT	15	12693	12707	ATATCATCTCAACTT	3180	3194	3	12
12705	C	CTCATCTTCCTAATT	15	12700	12714	ATCATCTTCACAATT	9097	9111	3	12
12705	C	TCATCTTCCTAATTA	15	12701	12715	TCATCTTCACAATTC	9098	9112	3	12
12705	C	CTACTCATCTTCCTA	15	12697	12711	TTAATCATCATCCTA	10338	10352	3	12
12705	C	TACTCATCTTCCTAA	15	12698	12712	TAATCATCATCCTAG	10339	10353	3	12
12705	C	TACTCATCTTCCTAA	15	12698	12712	TACTAATCTCCCTAC	11052	11066	3	12
12705	C	CTTCCTAATTACCAT	15	12705	12719	CATCCTCATTACTAT	11724	11738	3	12
12705	C	TCTTCCTAATTACCA	15	12704	12718	TCTACATATTTACCA	11982	11996	3	12
12705	C	CTACTCATCTTCCTA	15	12697	12711	TTATTCAGCTTCCTA	14298	14312	3	12
12705	C	TACTCATCTTCCTAA	15	12698	12712	TATTCAGCTTCCTAC	14299	14313	3	12
12705	C	CTTCCTAATTACC	13	12705	12717	CCTCCTAATGACC	9278	9290	2	11
12705	C	ATCTTCCTAATTA	13	12703	12715	ATCTCCTTAATTA	11069	11081	2	11
12705	C	CTCATCTTCCTAA	13	12700	12712	CTCAACTACCTAA	13846	13858	2	11
12705	C	TACTCATCTTCCT	13	12698	12710	TACTTCTCTTCCT	15441	15453	2	11
12705	C	CATCTTCCTAATT	13	12702	12714	TATCTCCCTAATT	15850	15862	2	11
12705	C	ATCTTCCTAATTA	13	12703	12715	ATCTCCCTAATTG	15851	15863	2	11
12705	C	TCATCTTCCTAA	12	12701	12712	TCCTCTTCTTAA	3291	3302	2	10
12705	C	TCTACTCATCTT	12	12696	12707	ACTACTCAACTT	5120	5131	2	10
12705	C	CTACTCATCTTC	12	12697	12708	CTACTCAACTTA	5121	5132	2	10
12705	C	CTCATCTTCCTA	12	12700	12711	CTCCTCTCCCTA	5211	5222	2	10
12705	C	ACTCATCTTCCT	12	12699	12710	ACTCATCGCCCT	5453	5464	2	10
12705	C	CTACTCATCTTC	12	12697	12708	CTAACCATCTTC	6336	6347	2	10
12705	C	CTTCCTAATTAC	12	12705	12716	CGTCCTAATCAC	6464	6475	2	10
12705	C	ACTCATCTTCCT	12	12699	12710	ATTCATCTTTCT	6932	6943	2	10
12705	C	CATCTTCCTAAT	12	12702	12713	CATCATCCTAGT	7795	7806	2	10
12705	C	CTCATCTTCCTA	12	12700	12711	CCCATCGTCCTA	8207	8218	2	10
12705	C	CTACTCATCTTC	12	12697	12708	CTTATCATCTTC	9094	9105	2	10
12705	C	CTCATCTTCCTA	12	12700	12711	CTCATGTTCATA	12065	12076	2	10
12705	C	TCTACTCATCT	11	12696	12706	ACTACTAATCT	472	482	2	9
12705	C	CTACTCATCTT	11	12697	12707	CTACTAATCTC	473	483	2	9
12705	C	CTACTCATCTT	11	12697	12707	CTACTCCTCAT	3325	3335	2	9
12705	C	CTTCCTAATTA	11	12705	12715	CCTCCTATTTA	3609	3619	2	9
12705	C	ATCTTCCTA	9	12703	12711	ATCTTCCTA	4027	4035	0	9
12705	C	TCATCTTCCTA	11	12701	12711	CAATCTTCCTA	4025	4035	2	9
12705	C	CATCTTCCTAA	11	12702	12712	AATCTTCCTAG	4026	4036	2	9
12705	C	ATCTTCCTAAT	11	12703	12713	ATCTTCCTAGG	4027	4037	2	9
12705	C	CTTCCTAATTA	11	12705	12715	CGTACTAATTA	4463	4473	2	9
12705	C	ATCTACTCATC	11	12695	12705	ATCTACTCTAC	4494	4504	2	9
12705	C	ATCTTCCTAAT	11	12703	12713	ATCCTTCTAAT	4674	4684	2	9
12705	C	CTACTCATCTT	11	12697	12707	ATACTCATCAT	4745	4755	2	9
12705	C	TACTCATCTTC	11	12698	12708	TACTCATCATT	4746	4756	2	9
12705	C	ACTCATCTTCC	11	12699	12709	CCTCATCATCC	5294	5304	2	9
12705	C	CTCATCTTCCT	11	12700	12710	CTCATCATCCC	5295	5305	2	9
12705	C	ATCTACTCATC	11	12695	12705	ATCTACTCCAC	5358	5368	2	9
12705	C	CTACTCATCTT	11	12697	12707	CTAATAATCTT	5499	5509	2	9
12705	C	ATCTACTCATC	11	12695	12705	ATCTACTTCTC	5725	5735	2	9
12705	C	TACTCATCTTC	11	12698	12708	TAATAATCTTC	6094	6104	2	9
12705	C	TACTCATCTTC	11	12698	12708	TAATCTTCTTC	6097	6107	2	9
12705	C	TCATCTTCCTA	11	12701	12711	TCTTCTTCATA	6100	6110	2	9
12705	C	ATCTTCCTAAT	11	12703	12713	ATCTTCTTCAT	6099	6109	2	9
12705	C	TCATCTTCCTA	11	12701	12711	TCATCTTTCTT	6934	6944	2	9
12705	C	TCATCTTCCTA	11	12701	12711	TCTGCTTCCTA	7686	7696	2	9
12705	C	CATCTTCCTAA	11	12702	12712	CCTTTTCCTAA	7708	7718	2	9
12705	C	CTACTCATCTT	11	12697	12707	CTACGCATCCT	7826	7836	2	9
12705	C	CTCATCTTCCT	11	12700	12710	CTCATCGCCCT	7808	7818	2	9
12705	C	TCATCTTCCTA	11	12701	12711	CCATCATCCTA	7794	7804	2	9
12705	C	TACTCATCTTC	11	12698	12708	GACTAATCTTC	7929	7939	2	9
12705	C	ACTCATCTTCC	11	12699	12709	ACTAATCTTCA	7930	7940	2	9
12705	C	CATCTTCCTAA	11	12702	12712	CATCGTCCTAG	8209	8219	2	9
12705	C	ACTCATCTTCC	11	12699	12709	ACTAATCGTCC	10768	10778	2	9
12705	C	CTTCCTAATTA	11	12705	12715	CAGCCTAATTA	10849	10859	2	9
12705	C	CTACTCATCTT	11	12697	12707	CTAATCATATT	11102	11112	2	9
12705	C	CTACTCATC	9	12697	12705	CTACTCATC	11237	11245	0	9
12705	C	ATCTACTCATC	11	12695	12705	CCCTACTCATC	11235	11245	2	9
12705	C	TCTACTCATCT	11	12696	12706	CCTACTCATCG	11236	11246	2	9
12705	C	TCATCTTCCTA	11	12701	12711	CCATCTGCCTA	11580	11590	2	9
12705	C	CATCTTCCTAA	11	12702	12712	CATCTGCCTAC	11581	11591	2	9
12705	C	TCATCTTCCTA	11	12701	12711	TCATGTGCCTA	12497	12507	2	9
12705	C	CTACTCATCTT	11	12697	12707	ATACTAATCTT	12718	12728	2	9
12705	C	TACTCATCTTC	11	12698	12708	TACTAATCTTA	12719	12729	2	9
12705	C	TACTCATCTTC	11	12698	12708	TACTCATCCGC	13112	13122	2	9
12705	C	ATCTTCCTAAT	11	12703	12713	ATCTTCTTACT	13105	13115	2	9
12705	C	CATCTTCCTAA	11	12702	12712	CCTCTACCTAA	13785	13795	2	9
12705	C	TCATCTTCCTA	11	12701	12711	TCACTTTCCTA	13814	13824	2	9
12705	C	CTACTCATCTT	11	12697	12707	CTACTCCTCCT	13984	13994	2	9
12705	C	CTACTCATCTT	11	12697	12707	CCACTCATCCT	14116	14126	2	9
12705	C	TCATCTTCCTA	11	12701	12711	TCTTCTTCCCA	14108	14118	2	9
12705	C	TCATCTTCCTA	11	12701	12711	GCCTCTTCCTA	15024	15034	2	9
12705	C	CATCTTCCTAA	11	12702	12712	CCTCTTCCTAC	15025	15035	2	9
12705	C	ACTCATCTTCC	11	12699	12709	AATCACCTTCC	15397	15407	2	9
12705	C	TCATCTTCCTA	11	12701	12711	TCCTCATCCTA	15639	15649	2	9
12705	C	CATCTTCCTA	10	12702	12711	CCTCATCCTA	144	153	2	8
12705	C	TCTTCCTAAT	10	12704	12713	TCATCCTATT	146	155	2	8
12705	C	TCATCTTCCT	10	12701	12710	TCATATCCCT	1184	1193	2	8
12705	C	TCATCTTCCT	10	12701	12710	TCACCCTCCT	1490	1499	2	8
12705	C	CTACTCATCT	10	12697	12706	CTACGCATTT	1534	1543	2	8
12705	C	CATCTTCCTA	10	12702	12711	CACCTTACTA	1696	1705	2	8
12705	C	TCTTCCTAAT	10	12704	12713	TCTGCATAAT	1848	1857	2	8
12705	C	ATCTTCCTAA	10	12703	12712	AGCTACCTAA	1917	1926	2	8
12705	C	TCATCTTCCT	10	12701	12710	TCAAATTCCT	3109	3118	2	8
12705	C	TACTCATCTT	10	12698	12707	TCCTCTTCTT	3291	3300	2	8
12705	C	ACTCATCTTC	10	12699	12708	ATTCCTCTTC	3289	3298	2	8
12705	C	TCTTCCTAAT	10	12704	12713	TCTTCTTAAC	3294	3303	2	8
12705	C	TCTACTCATC	10	12696	12705	CCTACTCCTC	3324	3333	2	8
12705	C	CATCTTCCTA	10	12702	12711	CAACCTCCTA	3318	3327	2	8
12705	C	TCTTCCTAAT	10	12704	12713	CATTCCTAAT	3359	3368	2	8
12705	C	CTTCCTAATT	10	12705	12714	ATTCCTAATG	3360	3369	2	8
12705	C	CTCATCTTCC	10	12700	12709	CACATCTACC	3498	3507	2	8
12705	C	CATCTTCCTA	10	12702	12711	CATCATTCTA	3747	3756	2	8
12705	C	TCTACTCATC	10	12696	12705	TCTACACAAC	4067	4076	2	8
12705	C	CATCTTCCTA	10	12702	12711	AAACTTCCTA	4179	4188	2	8
12705	C	ATCTTCCTAA	10	12703	12712	AACTTCCTAC	4180	4189	2	8
12705	C	TACTCATC	8	12698	12705	TACTCATC	4746	4753	0	8
12705	C	TCTACTCATC	10	12696	12705	AATACTCATC	4744	4753	2	8
12705	C	CTTCCTAATT	10	12705	12714	ATTCTTAATT	5073	5082	2	8
12705	C	ATCTTCCTAA	10	12703	12712	ATTATCCTAA	5094	5103	2	8
12705	C	TCATCTTCCT	10	12701	12710	TCACCCTCCT	5323	5332	2	8
12705	C	CATCTTCCTA	10	12702	12711	CTTCTACCTA	5342	5351	2	8
12705	C	CTACTCATCT	10	12697	12706	CTACCTATCT	5478	5487	2	8
12705	C	CTACTCATCT	10	12697	12706	CTAATCAACT	5708	5717	2	8
12705	C	ACTCATCTTC	10	12699	12708	ACTGATGTTC	5900	5909	2	8
12705	C	CTTCCTAATT	10	12705	12714	CCTCCTTATT	6005	6014	2	8
12705	C	TCATCTTCCT	10	12701	12710	TAATCTTCTT	6097	6106	2	8
12705	C	TCTTCCTAAT	10	12704	12713	TCTTCATAGT	6103	6112	2	8
12705	C	TACTCATCTT	10	12698	12707	TACCCATCAT	6115	6124	2	8
12705	C	TCTTCCTAAT	10	12704	12713	CCGTCCTAAT	6463	6472	2	8
12705	C	TACTCATCTT	10	12698	12707	GATTCATCTT	6931	6940	2	8
12705	C	CATCTTCCTA	10	12702	12711	CATCGTACTA	6995	7004	2	8
12705	C	TCATCTTCCT	10	12701	12710	TCATATTCAT	7150	7159	2	8
12705	C	TCTTCCTAAT	10	12704	12713	GCTTCCTAGT	7689	7698	2	8
12705	C	CTTCCTAATT	10	12705	12714	CTTCCTAGTC	7690	7699	2	8
12705	C	TCTTCCTAAT	10	12704	12713	TTTTCCTAAC	7710	7719	2	8
12705	C	TCTACTCATC	10	12696	12705	CCTACGCATC	7825	7834	2	8
12705	C	CTCATCTTCC	10	12700	12709	CTCATCACCC	8429	8438	2	8
12705	C	TCTTCCTAAT	10	12704	12713	TATTCCTCAT	8424	8433	2	8
12705	C	TACTCATCTT	10	12698	12707	TACTGATCAT	8588	8597	2	8
12705	C	TCTACTCATC	10	12696	12705	TCTATTGATC	8610	8619	2	8
12705	C	TACTCATCTT	10	12698	12707	TAATCATTTT	8750	8759	2	8
12705	C	ACTCATCTTC	10	12699	12708	ACTCATTTAC	8795	8804	2	8
12705	C	TCTACTCATC	10	12696	12705	CCTACTCATT	8970	8979	2	8
12705	C	CTACTCATCT	10	12697	12706	CTACTCATTC	8971	8980	2	8
12705	C	CATCTTCCTA	10	12702	12711	CATCAGCCTA	8964	8973	2	8
12705	C	TCATCTTC	8	12701	12708	TCATCTTC	9098	9105	0	8
12705	C	ACTCATCTTC	10	12699	12708	ACTTATCATC	9093	9102	2	8
12705	C	TCTTCCTAAT	10	12704	12713	CCCTCCTAAT	9277	9286	2	8
12705	C	CTCATCTTCC	10	12700	12709	CTCAACTTTC	9839	9848	2	8
12705	C	CATCTTCCTA	10	12702	12711	CACCCTCCTA	10088	10097	2	8
12705	C	TCTTCCTAAT	10	12704	12713	TCTTCTTAGT	10222	10231	2	8
12705	C	TCTTCCTAAT	10	12704	12713	TCTTATTAAT	10333	10342	2	8
12705	C	TCTACTCATC	10	12696	12705	TCGACTCATT	10435	10444	2	8
12705	C	TACTCATCTT	10	12698	12707	TAATCATATT	10454	10463	2	8
12705	C	TACTCATCTT	10	12698	12707	TACTAGTCTT	10657	10666	2	8
12705	C	CTACTCATCT	10	12697	12706	CTACTAGTCT	10698	10707	2	8
12705	C	ATCTTCCTAA	10	12703	12712	ATCGTCCCAA	10772	10781	2	8
12705	C	TCTTCCTAAT	10	12704	12713	CCCTCCTAAT	10950	10959	2	8
12705	C	CTTCCTAATT	10	12705	12714	CCTCCTAATA	10951	10960	2	8
12705	C	CTACTCATCT	10	12697	12706	CTACAAATCT	11063	11072	2	8
12705	C	TCTTCCTAAT	10	12704	12713	ACTTCCTATT	11202	11211	2	8
12705	C	CTTCCTAATT	10	12705	12714	CTTCCTATTC	11203	11212	2	8
12705	C	TCTACTCATC	10	12696	12705	TCTACTACTC	11287	11296	2	8
12705	C	ACTCATCTTC	10	12699	12708	ACTCATTCTC	11500	11509	2	8
12705	C	TCATCTTCCT	10	12701	12710	TCATAATCCT	11781	11790	2	8
12705	C	TCTACTCATC	10	12696	12705	TCTCCTGATC	11916	11925	2	8
12705	C	ACTCATCTTC	10	12699	12708	CCTCATGTTC	12064	12073	2	8
12705	C	TACTCATCTT	10	12698	12707	TTCTCAACTT	12260	12269	2	8
12705	C	CTTCCTAATT	10	12705	12714	TTCCCTAATT	12375	12384	2	8
12705	C	ATCTTCCTAA	10	12703	12712	CTCTCCCTAA	12562	12571	2	8
12705	C	TCTTCCTAAT	10	12704	12713	TCTCCCTAAG	12563	12572	2	8
12705	C	TCTTCCTAAT	10	12704	12713	TCTCCATAAT	12590	12599	2	8
12705	C	TCTTCCTAAT	10	12704	12713	TCTTGCTCAT	12791	12800	2	8
12705	C	CATCTTCCTA	10	12702	12711	CCTCCTCCTA	12981	12990	2	8
12705	C	CTACTCATCT	10	12697	12706	CTACTCCACT	13072	13081	2	8
12705	C	TACTCATC	8	12698	12705	TACTCATC	13112	13119	0	8
12705	C	TCTACTCATC	10	12696	12705	CTTACTCATC	13110	13119	2	8
12705	C	CTACTCATCT	10	12697	12706	TTACTCATCC	13111	13120	2	8
12705	C	TCATCTTCCT	10	12701	12710	TCTTCTTACT	13106	13115	2	8
12705	C	CATCTTCCTA	10	12702	12711	AATCTTCTTA	13104	13113	2	8
12705	C	TCTTCCTAAT	10	12704	12713	TCTTACTCAT	13109	13118	2	8
12705	C	CTACTCATCT	10	12697	12706	CTGCACATCT	13315	13324	2	8
12705	C	TCTACTCATC	10	12696	12705	TCTTCTCACC	13617	13626	2	8
12705	C	TCTTCCTAAT	10	12704	12713	TCTACCTAAA	13787	13796	2	8
12705	C	TCTACTCATC	10	12696	12705	CCTACTCCTC	13983	13992	2	8
12705	C	TCTACTCATC	10	12696	12705	CCCACTCATC	14115	14124	2	8
12705	C	ACTCATCTTC	10	12699	12708	ACTCATCCTA	14118	14127	2	8
12705	C	CTCATCTTCC	10	12700	12709	TTCTTCTTCC	14107	14116	2	8
12705	C	ATCTTCCTAA	10	12703	12712	CTCATCCTAA	14119	14128	2	8
12705	C	TCTTCCTAAT	10	12704	12713	TCTTCCCACT	14111	14120	2	8
12705	C	TCTTCCTAAT	10	12704	12713	TCATCCTAAC	14120	14129	2	8
12705	C	TCTTCCTAAT	10	12704	12713	TACTCCTAAT	14132	14141	2	8
12705	C	TCTACTCATC	10	12696	12705	ACTACTAATC	14213	14222	2	8
12705	C	CTACTCATCT	10	12697	12706	CTACTAATCA	14214	14223	2	8
12705	C	CTTCCTAATT	10	12705	12714	CTTCATAAAT	14289	14298	2	8
12705	C	TCATCTTCCT	10	12701	12710	TCATCGACCT	14799	14808	2	8
12705	C	CTCATCTTCC	10	12700	12709	CTGATCCTCC	14867	14876	2	8
12705	C	TCTACTCATC	10	12696	12705	ACTACTCACC	14907	14916	2	8
12705	C	CTACTCATCT	10	12697	12706	CTACTCACCA	14908	14917	2	8
12705	C	TCTTCCTA	8	12704	12711	TCTTCCTA	15027	15034	0	8
12705	C	TCTACTCATC	10	12696	12705	CCTACACATC	15031	15040	2	8
12705	C	CTACTCATCT	10	12697	12706	CTACACATCG	15032	15041	2	8
12705	C	TCATCTTCCT	10	12701	12710	TTATCTGCCT	15018	15027	2	8
12705	C	TCTTCCTAAT	10	12704	12713	TCTTCCTACA	15027	15036	2	8
12705	C	TCTACTCATC	10	12696	12705	TCTACTCAGA	15069	15078	2	8
12705	C	TCATCTTCCT	10	12701	12710	TTATCCTCCT	15096	15105	2	8
12705	C	CTCATCTTCC	10	12700	12709	TTCATCTTGC	15293	15302	2	8
12705	C	TCATCTTCCT	10	12701	12710	TCATCTTGCC	15294	15303	2	8
12705	C	CTTCCTAATT	10	12705	12714	CTTCATTATT	15304	15313	2	8
12705	C	TCATCTTCCT	10	12701	12710	TCACCTTCCA	15399	15408	2	8
12705	C	TCTTCCTAAT	10	12704	12713	TCTTCCTTCT	15447	15456	2	8
12705	C	TCTTCCTAAT	10	12704	12713	TCTCCTTAAT	15456	15465	2	8
12705	C	TACTCATCTT	10	12698	12707	TCCTCATCCT	15639	15648	2	8
12705	C	CTCATCTTCC	10	12700	12709	CCCATCCTCC	15659	15668	2	8
12705	C	CTTCCTAATT	10	12705	12714	CCTCCTCATT	15739	15748	2	8
12705	C	TCTTCCTAAT	10	12704	12713	TAATCCTAAT	15834	15843	2	8
12705	C	CTACTCATCT	10	12697	12706	CTACTCTCCT	16439	16448	2	8
12705	C	CTTCCTAATT	10	12705	12714	GTTCCTACTT	16504	16513	2	8
12705	C	CTCATCTT	8	12700	12707	CTCATCCT	145	152	1	7
12705	C	CTTCCTAA	8	12705	12712	CTTACTAA	194	201	1	7
12705	C	ACTCATCT	8	12699	12706	ACACATCT	337	344	1	7
12705	C	ACTCATCT	8	12699	12706	ACTCACCT	978	985	1	7
12705	C	CATCTTC	7	12702	12708	CATCTTC	1265	1271	0	7
12705	C	TCATCTTC	8	12701	12708	CCATCTTC	1264	1271	1	7
12705	C	CATCTTCC	8	12702	12709	CATCTTCA	1265	1272	1	7
12705	C	CTTCCTAA	8	12705	12712	CTACCTAA	2221	2228	1	7
12705	C	TCTTCCTA	8	12704	12711	TCTTCATA	3974	3981	1	7
12705	C	CTTCCTA	7	12705	12711	CTTCCTA	4182	4188	0	7
12705	C	CTTCCTAA	8	12705	12712	CATCCTAA	4394	4401	1	7
12705	C	TCATCTTC	8	12701	12708	TCATCTAC	4492	4499	1	7
12705	C	ACTCATC	7	12699	12705	ACTCATC	4520	4526	0	7
12705	C	TACTCATC	8	12698	12705	CACTCATC	4519	4526	1	7
12705	C	ACTCATCT	8	12699	12706	ACTCATCA	4520	4527	1	7
12705	C	TCATCTTC	8	12701	12708	TCCTCTTC	4690	4697	1	7
12705	C	TACTCATC	8	12698	12705	TACTCCTC	5010	5017	1	7
12705	C	ACTCATC	7	12699	12705	ACTCATC	5453	5459	0	7
12705	C	TACTCATC	8	12698	12705	CACTCATC	5452	5459	1	7
12705	C	CATCTTC	7	12702	12708	CATCTTC	6341	6347	0	7
12705	C	CATCTTCC	8	12702	12709	CATCTTCT	6341	6348	1	7
12705	C	CTTCCTA	7	12705	12711	CTTCCTA	6746	6752	0	7
12705	C	TCTTCCTA	8	12704	12711	GCTTCCTA	6745	6752	1	7
12705	C	CTTCCTAA	8	12705	12712	CTTCCTAG	6746	6753	1	7
12705	C	TACTCATC	8	12698	12705	TAATCATC	6832	6839	1	7
12705	C	TCATCTT	7	12701	12707	TCATCTT	6934	6940	0	7
12705	C	ACTCATC	7	12699	12705	ACTCATC	6982	6988	0	7
12705	C	TACTCATC	8	12698	12705	AACTCATC	6981	6988	1	7
12705	C	ACTCATCT	8	12699	12706	ACTCATCA	6982	6989	1	7
12705	C	TACTCATC	8	12698	12705	TATTCATC	7153	7160	1	7
12705	C	TCTTCCTA	8	12704	12711	TCTTCCCA	7177	7184	1	7
12705	C	CTTCCTA	7	12705	12711	CTTCCTA	7690	7696	0	7
12705	C	TACTCATC	8	12698	12705	TCCTCATC	7806	7813	1	7
12705	C	TCTTCCTA	8	12704	12711	TATTCCTA	7962	7969	1	7
12705	C	TACTCATC	8	12698	12705	TCCTCATC	8427	8434	1	7
12705	C	CATCTTCC	8	12702	12709	CATCATCC	10864	10871	1	7
12705	C	TCATCTTC	8	12701	12708	TCTTCTTC	11118	11125	1	7
12705	C	ATCTTCCT	8	12703	12710	ATCTTCTT	11117	11124	1	7
12705	C	CTTCCTA	7	12705	12711	CTTCCTA	11203	11209	0	7
12705	C	CTTCCTAA	8	12705	12712	CTCCCTAA	11405	11412	1	7
12705	C	TACTCATC	8	12698	12705	TACTCTTC	11621	11628	1	7
12705	C	TACTCATC	8	12698	12705	TTCTCATC	11661	11668	1	7
12705	C	TCTTCCTA	8	12704	12711	TCTGCCTA	11739	11746	1	7
12705	C	TCTTCCTA	8	12704	12711	TCCTCCTA	12093	12100	1	7
12705	C	TACTCATC	8	12698	12705	TATTCATC	12599	12606	1	7
12705	C	TACTCATC	8	12698	12705	TGCTCATC	12794	12801	1	7
12705	C	TCATCTTC	8	12701	12708	TCATCCTC	12881	12888	1	7
12705	C	CATCTTCC	8	12702	12709	CATCATCC	13371	13378	1	7
12705	C	CTTCCTAA	8	12705	12712	CTTACTAA	13654	13661	1	7
12705	C	CTTCCTAA	8	12705	12712	CTTCCAAA	13767	13774	1	7
12705	C	TCTTCCTA	8	12704	12711	TCCTCCTA	13988	13995	1	7
12705	C	ACTCATC	7	12699	12705	ACTCATC	14118	14124	0	7
12705	C	CTTCCTA	7	12705	12711	CTTCCTA	14306	14312	0	7
12705	C	TACTCATC	8	12698	12705	TACTCCTC	14441	14448	1	7
12705	C	TCTTCCTA	8	12704	12711	TATTCCTA	14892	14899	1	7
12705	C	TCATCTT	7	12701	12707	TCATCTT	15294	15300	0	7
12705	C	TCTTCCT	7	12704	12710	TCTTCCT	15447	15453	0	7
12705	C	CATCTTCC	8	12702	12709	CATCCTCC	16404	16411	1	7
12705	C	CTCATC	6	12700	12705	CTCATC	145	150	0	6
12705	C	ACTCATC	7	12699	12705	CCTCATC	144	150	1	6
12705	C	TCATCTT	7	12701	12707	TTATCTT	400	406	1	6
12705	C	ATCTTCC	7	12703	12709	ATTTTCC	451	457	1	6
12705	C	CTCATC	6	12700	12705	CTCATC	481	486	0	6
12705	C	ACTCATC	7	12699	12705	TCTCATC	480	486	1	6
12705	C	CTCATCT	7	12700	12706	CTCATCA	481	487	1	6
12705	C	CTTCCTA	7	12705	12711	CATCCTA	502	508	1	6
12705	C	CTTCCTA	7	12705	12711	CTTTCTA	666	672	1	6
12705	C	CTTCCTA	7	12705	12711	CTTCATA	1182	1188	1	6
12705	C	TCTTCCT	7	12704	12710	TCTTGCT	1243	1249	1	6
12705	C	CATCTTC	7	12702	12708	CATTTTC	1366	1372	1	6
12705	C	TCATCTT	7	12701	12707	TCAACTT	1648	1654	1	6
12705	C	TCATCTT	7	12701	12707	TCAACTT	2042	2048	1	6
12705	C	ACTCATC	7	12699	12705	ACTCCTC	2251	2257	1	6
12705	C	ATCTTCC	7	12703	12709	ATCTTAC	2482	2488	1	6
12705	C	TCTTCCT	7	12704	12710	TGTTCCT	2607	2613	1	6
12705	C	TCTTCCT	7	12704	12710	TCTTACT	2658	2664	1	6
12705	C	TCATCT	6	12701	12706	TCATCT	3183	3188	0	6
12705	C	ACTCATC	7	12699	12705	ACTCTTC	3468	3474	1	6
12705	C	CTCATCT	7	12700	12706	CTCTTCT	3551	3557	1	6
12705	C	CTCATCT	7	12700	12706	CTCATAT	3726	3732	1	6
12705	C	ACTCATC	7	12699	12705	ACTCATA	4158	4164	1	6
12705	C	CTTCCTA	7	12705	12711	CCTCCTA	4167	4173	1	6
12705	C	ACTCATC	7	12699	12705	ACTCACC	4191	4197	1	6
12705	C	ACTCATC	7	12699	12705	ACCCATC	4348	4354	1	6
12705	C	TCATCT	6	12701	12706	TCATCT	4492	4497	0	6
12705	C	CATCTT	6	12702	12707	CATCTT	4505	4510	0	6
12705	C	CTCATCT	7	12700	12706	GTCATCT	4491	4497	1	6
12705	C	TCATCTT	7	12701	12707	CCATCTT	4504	4510	1	6
12705	C	CATCTTC	7	12702	12708	CATCTTT	4505	4511	1	6
12705	C	CATCTTC	7	12702	12708	CTTCTTC	4854	4860	1	6
12705	C	CTCATCT	7	12700	12706	CCCATCT	4881	4887	1	6
12705	C	TCTTCCT	7	12704	12710	TCTCCCT	4905	4911	1	6
12705	C	CTTCCTA	7	12705	12711	ATTCCTA	5114	5120	1	6
12705	C	CTCATC	6	12700	12705	CTCATC	5295	5300	0	6
12705	C	CTCATCT	7	12700	12706	CTAATCT	5355	5361	1	6
12705	C	ATCTTCC	7	12703	12709	ATCTCCC	5484	5490	1	6
12705	C	CTTCCTA	7	12705	12711	CTACCTA	5478	5484	1	6
12705	C	CTTCCTA	7	12705	12711	CTTACTA	5653	5659	1	6
12705	C	CATCTTC	7	12702	12708	CTTCTTC	5784	5790	1	6
12705	C	ACTCATC	7	12699	12705	ACTCAGC	5876	5882	1	6
12705	C	CTCATCT	7	12700	12706	CACATCT	6057	6063	1	6
12705	C	CATCTTC	7	12702	12708	CATCTAC	6059	6065	1	6
12705	C	ATCTTC	6	12703	12708	ATCTTC	6099	6104	0	6
12705	C	CTCATCT	7	12700	12706	CGCATCT	6242	6248	1	6
12705	C	CATCTTC	7	12702	12708	CATCTGC	6244	6250	1	6
12705	C	CTCATCT	7	12700	12706	CTCCTCT	6368	6374	1	6
12705	C	CATCTTC	7	12702	12708	CCTCTTC	6449	6455	1	6
12705	C	TCTTCCT	7	12704	12710	TCTTCGT	6451	6457	1	6
12705	C	CATCTTC	7	12702	12708	CACCTTC	6554	6560	1	6
12705	C	CATCTTC	7	12702	12708	CTTCTTC	6557	6563	1	6
12705	C	ATCTTCC	7	12703	12709	ATCTCCC	6663	6669	1	6
12705	C	CTTCCTA	7	12705	12711	CTTACTA	6679	6685	1	6
12705	C	TCTTCC	6	12704	12709	TCTTCC	7177	7182	0	6
12705	C	ATCTTCC	7	12703	12709	TTCTTCC	7176	7182	1	6
12705	C	TCATCT	6	12701	12706	TCATCT	7263	7268	0	6
12705	C	CTCATCT	7	12700	12706	ATCATCT	7262	7268	1	6
12705	C	TCATCTT	7	12701	12707	TCATCTG	7263	7269	1	6
12705	C	CTTCCTA	7	12705	12711	CATCCTA	7256	7262	1	6
12705	C	TCATCTT	7	12701	12707	TCACCTT	7647	7653	1	6
12705	C	CTCATCT	7	12700	12706	CTTATCT	7682	7688	1	6
12705	C	CTCATC	6	12700	12705	CTCATC	7808	7813	0	6
12705	C	ATCTTC	6	12703	12708	ATCTTC	7934	7939	0	6
12705	C	ACTCATC	7	12699	12705	ACTCATG	8067	8073	1	6
12705	C	CTCATC	6	12700	12705	CTCATC	8429	8434	0	6
12705	C	CTCATC	6	12700	12705	CTCATC	8635	8640	0	6
12705	C	CTCATCT	7	12700	12706	CTCATCA	8635	8641	1	6
12705	C	ACTCATC	7	12699	12705	ACTAATC	8649	8655	1	6
12705	C	ACTCATC	7	12699	12705	ACTAATC	8670	8676	1	6
12705	C	CTCATCT	7	12700	12706	CTGATCT	8727	8733	1	6
12705	C	CTTCCTA	7	12705	12711	CTTCTTA	8907	8913	1	6
12705	C	ATCTTCC	7	12703	12709	ACCTTCC	9080	9086	1	6
12705	C	TCTTCCT	7	12704	12710	TCTACCT	9185	9191	1	6
12705	C	ACTCATC	7	12699	12705	ACACATC	9604	9610	1	6
12705	C	CTTCCTA	7	12705	12711	CCTCCTA	9728	9734	1	6
12705	C	TCTTCCT	7	12704	12710	TCTCCCT	9756	9762	1	6
12705	C	CATCTTC	7	12702	12708	CATCTAC	9779	9785	1	6
12705	C	TCTTCCT	7	12704	12710	TCTTACT	9987	9993	1	6
12705	C	ATCTTCC	7	12703	12709	AACTTCC	10017	10023	1	6
12705	C	CTTCCTA	7	12705	12711	CTTCCAA	10019	10025	1	6
12705	C	CTTCCTA	7	12705	12711	CTTACTA	10100	10106	1	6
12705	C	ACTCATC	7	12699	12705	ACTCAAC	10136	10142	1	6
12705	C	TCATCTT	7	12701	12707	TCTTCTT	10222	10228	1	6
12705	C	CTTCCTA	7	12705	12711	CTTCTTA	10241	10247	1	6
12705	C	CTCATCT	7	12700	12706	CTCATTT	10476	10482	1	6
12705	C	CTCATCT	7	12700	12706	CTCATAT	10545	10551	1	6
12705	C	ATCTTCC	7	12703	12709	ATCCTCC	10550	10556	1	6
12705	C	CTTCCTA	7	12705	12711	CTCCCTA	10553	10559	1	6
12705	C	TCTTCCT	7	12704	12710	TTTTCCT	10925	10931	1	6
12705	C	ACTCATC	7	12699	12705	ACTTATC	11007	11013	1	6
12705	C	TCTTCCT	7	12704	12710	TCTACCT	11040	11046	1	6
12705	C	ACTCATC	7	12699	12705	ACTAATC	11101	11107	1	6
12705	C	ATCTTC	6	12703	12708	ATCTTC	11117	11122	0	6
12705	C	CATCTTC	7	12702	12708	TATCTTC	11116	11122	1	6
12705	C	ACTCATC	7	12699	12705	ACTTATC	11134	11140	1	6
12705	C	CTTCCT	6	12705	12710	CTTCCT	11539	11544	0	6
12705	C	TCTTCCT	7	12704	12710	CCTTCCT	11538	11544	1	6
12705	C	CTTCCTA	7	12705	12711	CTTCCTT	11539	11545	1	6
12705	C	CTCATC	6	12700	12705	CTCATC	11663	11668	0	6
12705	C	CTCATCT	7	12700	12706	CTCATCC	11663	11669	1	6
12705	C	CATCTTC	7	12702	12708	CATCCTC	11724	11730	1	6
12705	C	ACTCATC	7	12699	12705	ACTCAAC	11950	11956	1	6
12705	C	ACTCATC	7	12699	12705	ACTCACC	12013	12019	1	6
12705	C	TCATCTT	7	12701	12707	TCCTCTT	12131	12137	1	6
12705	C	TCTTCCT	7	12704	12710	TTTTCCT	12128	12134	1	6
12705	C	ACTCATC	7	12699	12705	ACTCATG	12230	12236	1	6
12705	C	ACTCATC	7	12699	12705	ACTCATA	12425	12431	1	6
12705	C	TCTTCC	6	12704	12709	TCTTCC	12479	12484	0	6
12705	C	ATCTTCC	7	12703	12709	CTCTTCC	12478	12484	1	6
12705	C	TCTTCCT	7	12704	12710	TCTTCCC	12479	12485	1	6
12705	C	CTCATC	6	12700	12705	CTCATC	12796	12801	0	6
12705	C	CTCATCT	7	12700	12706	CTCATCA	12796	12802	1	6
12705	C	TCTTCCT	7	12704	12710	TCATCCT	12881	12887	1	6
12705	C	ACTCATC	7	12699	12705	ACTCATG	12917	12923	1	6
12705	C	ATCTTC	6	12703	12708	ATCTTC	13105	13110	0	6
12705	C	ACTCATC	7	12699	12705	ACTAATC	13149	13155	1	6
12705	C	ACTCATC	7	12699	12705	ACTCATA	13269	13275	1	6
12705	C	CATCTTC	7	12702	12708	CTTCTTC	13335	13341	1	6
12705	C	CATCTTC	7	12702	12708	CATCATC	13518	13524	1	6
12705	C	CTCATC	6	12700	12705	CTCATC	13573	13578	0	6
12705	C	ACTCATC	7	12699	12705	TCTCATC	13572	13578	1	6
12705	C	CTCATCT	7	12700	12706	CTCATCG	13573	13579	1	6
12705	C	CTTCCTA	7	12705	12711	CTTCTTA	13960	13966	1	6
12705	C	CATCTTC	7	12702	12708	CATCATC	14058	14064	1	6
12705	C	TCTTCC	6	12704	12709	TCTTCC	14111	14116	0	6
12705	C	CTTCCT	6	12705	12710	CTTCCT	14097	14102	0	6
12705	C	TCTTCCT	7	12704	12710	ACTTCCT	14096	14102	1	6
12705	C	TCTTCCT	7	12704	12710	TCTTTCT	14104	14110	1	6
12705	C	CTTCCTA	7	12705	12711	CTTCCTC	14097	14103	1	6
12705	C	ATCTTCC	7	12703	12709	ATCCTCC	14260	14266	1	6
12705	C	ACTCATC	7	12699	12705	ACTCACC	14401	14407	1	6
12705	C	ACTCATC	7	12699	12705	ACTCAAC	14647	14653	1	6
12705	C	ACTCATC	7	12699	12705	ACTCATT	14793	14799	1	6
12705	C	ACTCATC	7	12699	12705	ATTCATC	14797	14803	1	6
12705	C	CATCTTC	7	12702	12708	CATCTCC	14824	14830	1	6
12705	C	ACTCATC	7	12699	12705	AATCATC	14977	14983	1	6
12705	C	ATCTTCC	7	12703	12709	ATCATCC	14978	14984	1	6
12705	C	CTTCCTA	7	12705	12711	CTTCATA	15127	15133	1	6
12705	C	CTTCCTA	7	12705	12711	CTTACTA	15190	15196	1	6
12705	C	CTTCCTA	7	12705	12711	CCTCCTA	15334	15340	1	6
12705	C	CTTCCTA	7	12705	12711	CTTACTA	15411	15417	1	6
12705	C	CTTCCTA	7	12705	12711	CCTCCTA	15490	15496	1	6
12705	C	CTTCCTA	7	12705	12711	TTTCCTA	15565	15571	1	6
12705	C	CTCATC	6	12700	12705	CTCATC	15641	15646	0	6
12705	C	CATCTTC	7	12702	12708	CATCCTC	15637	15643	1	6
12705	C	ACTCATC	7	12699	12705	ACTCACC	16066	16072	1	6
12705	C	ACTCATC	7	12699	12705	ACCCATC	16070	16076	1	6
12705	C	CTCATCT	7	12700	12706	CTCAACT	16223	16229	1	6
12705	C	ACTCATC	7	12699	12705	ACACATC	16233	16239	1	6
12705	C	TCATCT	6	12701	12706	TCGTCT	60	65	1	5
12705	C	ATCTTC	6	12703	12708	ATTTTC	56	61	1	5
12705	C	CTTCCT	6	12705	12710	ATTCCT	137	142	1	5
12705	C	CTTCCT	6	12705	12710	CTGCCT	141	146	1	5
12705	C	CATCTT	6	12702	12707	CATCAT	277	282	1	5
12705	C	CATCT	5	12702	12706	CATCT	340	344	0	5
12705	C	CATCTT	6	12702	12707	CATCTC	340	345	1	5
12705	C	TCTTCC	6	12704	12709	TCTGCC	344	349	1	5
12705	C	ATCTT	5	12703	12707	ATCTT	402	406	0	5
12705	C	ATCTTC	6	12703	12708	ATCTTT	402	407	1	5
12705	C	CTCATC	6	12700	12705	CCCATC	500	505	1	5
12705	C	CATCTT	6	12702	12707	CATCCT	502	507	1	5
12705	C	CTCATC	6	12700	12705	CTCCTC	592	597	1	5
12705	C	CTTCCT	6	12705	12710	CCTCCT	591	596	1	5
12705	C	CTCATC	6	12700	12705	CACATC	630	635	1	5
12705	C	CTCATC	6	12700	12705	CTCAAC	1106	1111	1	5
12705	C	CATCTT	6	12702	12707	CAGCTT	1153	1158	1	5
12705	C	CTCATC	6	12700	12705	CTCACC	1234	1239	1	5
12705	C	CTCATC	6	12700	12705	CTCAGC	1248	1253	1	5
12705	C	CATCTT	6	12702	12707	CCTCTT	1241	1246	1	5
12705	C	TCTTCC	6	12704	12709	TCTACC	1371	1376	1	5
12705	C	CTCATC	6	12700	12705	CTCCTC	1495	1500	1	5
12705	C	CATCTT	6	12702	12707	CAACTT	1628	1633	1	5
12705	C	ATCTTC	6	12703	12708	ACCTTC	1844	1849	1	5
12705	C	ATCTT	5	12703	12707	ATCTT	2034	2038	0	5
12705	C	CATCTT	6	12702	12707	AATCTT	2033	2038	1	5
12705	C	ATCTTC	6	12703	12708	ATCTTA	2034	2039	1	5
12705	C	CTCATC	6	12700	12705	CTCAAC	2210	2215	1	5
12705	C	CTCATC	6	12700	12705	CTCCTC	2326	2331	1	5
12705	C	TCTTCC	6	12704	12709	TCCTCC	2327	2332	1	5
12705	C	ATCTTC	6	12703	12708	ATCTAC	2384	2389	1	5
12705	C	CTCATC	6	12700	12705	CTCATA	2441	2446	1	5
12705	C	ATCTT	5	12703	12707	ATCTT	2482	2486	0	5
12705	C	CATCTT	6	12702	12707	AATCTT	2481	2486	1	5
12705	C	TCATCT	6	12701	12706	TCACCT	2510	2515	1	5
12705	C	CATCTT	6	12702	12707	CATGTT	2557	2562	1	5
12705	C	TCATCT	6	12701	12706	TCAGCT	2649	2654	1	5
12705	C	TCATCT	6	12701	12706	TGATCT	3062	3067	1	5
12705	C	ATCTTC	6	12703	12708	ATCTAC	3101	3106	1	5
12705	C	TCTTCC	6	12704	12709	TCCTCC	3115	3120	1	5
12705	C	CTTCCT	6	12705	12710	CTCCCT	3117	3122	1	5
12705	C	CTTCC	5	12705	12709	CTTCC	3165	3169	0	5
12705	C	TCTTCC	6	12704	12709	CCTTCC	3164	3169	1	5
12705	C	CTTCCT	6	12705	12710	CTTCCC	3165	3170	1	5
12705	C	ATCTTC	6	12703	12708	ATCATC	3182	3187	1	5
12705	C	TCTTC	5	12704	12708	TCTTC	3294	3298	0	5
12705	C	CTTCCT	6	12705	12710	ATTCCT	3289	3294	1	5
12705	C	CTCATC	6	12700	12705	CTCATT	3331	3336	1	5
12705	C	CTCATC	6	12700	12705	CTAATC	3346	3351	1	5
12705	C	TCTTC	5	12704	12708	TCTTC	3470	3474	0	5
12705	C	ATCTTC	6	12703	12708	CTCTTC	3469	3474	1	5
12705	C	TCTTCC	6	12704	12709	TCTTCA	3470	3475	1	5
12705	C	CATCT	5	12702	12706	CATCT	3500	3504	0	5
12705	C	CTCATC	6	12700	12705	CTCACC	3541	3546	1	5
12705	C	TCTTC	5	12704	12708	TCTTC	3552	3556	0	5
12705	C	ATCTTC	6	12703	12708	CTCTTC	3551	3556	1	5
12705	C	TCTTCC	6	12704	12709	TCTTCT	3552	3557	1	5
12705	C	CTCATC	6	12700	12705	CTCAAC	3598	3603	1	5
12705	C	CTCATC	6	12700	12705	CTGATC	3657	3662	1	5
12705	C	TCATCT	6	12701	12706	TCCTCT	3653	3658	1	5
12705	C	ATCTTC	6	12703	12708	ATCCTC	3652	3657	1	5
12705	C	CTCATC	6	12700	12705	CTGATC	3691	3696	1	5
12705	C	CTCATC	6	12700	12705	CTTATC	3799	3804	1	5
12705	C	CATCTT	6	12702	12707	CATCAT	3836	3841	1	5
12705	C	TCATCT	6	12701	12706	TTATCT	3863	3868	1	5
12705	C	ATCTTC	6	12703	12708	ATCTCC	3865	3870	1	5
12705	C	TCTTC	5	12704	12708	TCTTC	3974	3978	0	5
12705	C	ATCTTC	6	12703	12708	TTCTTC	3973	3978	1	5
12705	C	CTCATC	6	12700	12705	CTCACC	4015	4020	1	5
12705	C	TCTTCC	6	12704	12709	TCTCCC	4055	4060	1	5
12705	C	CATCTT	6	12702	12707	CATATT	4076	4081	1	5
12705	C	CTTCCT	6	12705	12710	CTCCCT	4107	4112	1	5
12705	C	ATCTTC	6	12703	12708	ATCTCC	4237	4242	1	5
12705	C	CTCATC	6	12700	12705	CCCATC	4392	4397	1	5
12705	C	CATCTT	6	12702	12707	CATCCT	4394	4399	1	5
12705	C	TCATCT	6	12701	12706	TCAGCT	4409	4414	1	5
12705	C	CTTCC	5	12705	12709	CTTCC	4458	4462	0	5
12705	C	TCTTCC	6	12704	12709	CCTTCC	4457	4462	1	5
12705	C	CTTCCT	6	12705	12710	CTTCCC	4458	4463	1	5
12705	C	TCTTCC	6	12704	12709	TCTACC	4500	4505	1	5
12705	C	TCTTCC	6	12704	12709	TATTCC	4589	4594	1	5
12705	C	CTTCCT	6	12705	12710	TTTCCT	4646	4651	1	5
12705	C	CTCATC	6	12700	12705	CGCATC	4664	4669	1	5
12705	C	TCTTC	5	12704	12708	TCTTC	4693	4697	0	5
12705	C	CTCATC	6	12700	12705	CTCTTC	4692	4697	1	5
12705	C	ATCTTC	6	12703	12708	ATCCTC	4689	4694	1	5
12705	C	TCTTCC	6	12704	12709	TCTTCA	4693	4698	1	5
12705	C	TCTTC	5	12704	12708	TCTTC	4856	4860	0	5
12705	C	TCATCT	6	12701	12706	TCTTCT	4856	4861	1	5
12705	C	TCTTCC	6	12704	12709	TCTTCT	4856	4861	1	5
12705	C	CTTCCT	6	12705	12710	CTTCTT	4854	4859	1	5
12705	C	CATCT	5	12702	12706	CATCT	4883	4887	0	5
12705	C	CATCTT	6	12702	12707	CATCTC	4883	4888	1	5
12705	C	TCATCT	6	12701	12706	TCATAT	4891	4896	1	5
12705	C	CTCATC	6	12700	12705	CTCCTC	4929	4934	1	5
12705	C	ATCTT	5	12703	12707	ATCTT	4944	4948	0	5
12705	C	CTCATC	6	12700	12705	CTTATC	4946	4951	1	5
12705	C	CATCTT	6	12702	12707	AATCTT	4943	4948	1	5
12705	C	CATCTT	6	12702	12707	CATCAT	4952	4957	1	5
12705	C	ATCTTC	6	12703	12708	ATCTTA	4944	4949	1	5
12705	C	ATCTT	5	12703	12707	ATCTT	5001	5005	0	5
12705	C	CATCTT	6	12702	12707	AATCTT	5000	5005	1	5
12705	C	ATCTTC	6	12703	12708	ATCTTA	5001	5006	1	5
12705	C	TCTTCC	6	12704	12709	TCTACC	5048	5053	1	5
12705	C	CTTCCT	6	12705	12710	CCTCCT	5210	5215	1	5
12705	C	TCATC	5	12701	12705	TCATC	5299	5303	0	5
12705	C	CATCTT	6	12702	12707	CATCAT	5309	5314	1	5
12705	C	ATCTTC	6	12703	12708	ATCTAC	5358	5363	1	5
12705	C	TCTTCC	6	12704	12709	TCCTCC	5443	5448	1	5
12705	C	CTTCCT	6	12705	12710	ATTCCT	5441	5446	1	5
12705	C	ATCTT	5	12703	12707	ATCTT	5505	5509	0	5
12705	C	ATCTTC	6	12703	12708	ATCTTA	5505	5510	1	5
12705	C	TCATCT	6	12701	12706	TCAACT	5613	5618	1	5
12705	C	ATCTTC	6	12703	12708	ATCTAC	5725	5730	1	5
12705	C	TCTTCC	6	12704	12709	TCTCCC	5732	5737	1	5
12705	C	TCTTC	5	12704	12708	TCTTC	5786	5790	0	5
12705	C	TCTTCC	6	12704	12709	TCTTCG	5786	5791	1	5
12705	C	CTTCCT	6	12705	12710	CTTCTT	5784	5789	1	5
12705	C	TCATCT	6	12701	12706	TCACCT	5814	5819	1	5
12705	C	CATCTT	6	12702	12707	CATTTT	5883	5888	1	5
12705	C	CTCATC	6	12700	12705	CTCACC	5891	5896	1	5
12705	C	ATCTTC	6	12703	12708	ACCTTC	6040	6045	1	5
12705	C	CATCT	5	12702	12706	CATCT	6059	6063	0	5
12705	C	ATCTTC	6	12703	12708	ATCGTC	6072	6077	1	5
12705	C	TCTTC	5	12704	12708	TCTTC	6103	6107	0	5
12705	C	ATCTTC	6	12703	12708	AGCTTC	6204	6209	1	5
12705	C	TCTTCC	6	12704	12709	TCTTAC	6214	6219	1	5
12705	C	CTTCCT	6	12705	12710	CTCCCT	6220	6225	1	5
12705	C	CATCT	5	12702	12706	CATCT	6244	6248	0	5
12705	C	TCTTCC	6	12704	12709	TCTACC	6286	6291	1	5
12705	C	CTTCCT	6	12705	12710	CTCCCT	6292	6297	1	5
12705	C	TCATCT	6	12701	12706	TCTTCT	6343	6348	1	5
12705	C	ATCTT	5	12703	12707	ATCTT	6375	6379	0	5
12705	C	CATCTT	6	12702	12707	TATCTT	6374	6379	1	5
12705	C	ATCTTC	6	12703	12708	ATCTTA	6375	6380	1	5
12705	C	TCATC	5	12701	12705	TCATC	6394	6398	0	5
12705	C	CTCATC	6	12700	12705	TTCATC	6393	6398	1	5
12705	C	TCATCT	6	12701	12706	TCATCA	6394	6399	1	5
12705	C	TCTTC	5	12704	12708	TCTTC	6451	6455	0	5
12705	C	CTCATC	6	12700	12705	CTCTTC	6450	6455	1	5
12705	C	CTCATC	6	12700	12705	CTGATC	6458	6463	1	5
12705	C	CTCATC	6	12700	12705	CTAATC	6468	6473	1	5
12705	C	TCATCT	6	12701	12706	TCGTCT	6454	6459	1	5
12705	C	TCTTCC	6	12704	12709	TCTCCC	6497	6502	1	5
12705	C	CTCATC	6	12700	12705	CTCAAC	6546	6551	1	5
12705	C	TCTTC	5	12704	12708	TCTTC	6559	6563	0	5
12705	C	TCTTCC	6	12704	12709	TCTTCG	6559	6564	1	5
12705	C	CTTCCT	6	12705	12710	CTTCTT	6557	6562	1	5
12705	C	CTCATC	6	12700	12705	CTTATC	6639	6644	1	5
12705	C	ATCTTC	6	12703	12708	ATATTC	6634	6639	1	5
12705	C	TCATCT	6	12701	12706	TAATCT	6661	6666	1	5
12705	C	CATCTT	6	12702	12707	CATATT	6669	6674	1	5
12705	C	CATCTT	6	12702	12707	CATATT	6811	6816	1	5
12705	C	TCATCT	6	12701	12706	TCACCT	6817	6822	1	5
12705	C	TCATC	5	12701	12705	TCATC	6835	6839	0	5
12705	C	TCATCT	6	12701	12706	TCATCG	6835	6840	1	5
12705	C	ATCTTC	6	12703	12708	ATCATC	6834	6839	1	5
12705	C	TCATCT	6	12701	12706	TGATCT	6903	6908	1	5
12705	C	ATCTTC	6	12703	12708	ATCTGC	6905	6910	1	5
12705	C	CTTCC	5	12705	12709	CTTCC	7031	7035	0	5
12705	C	TCTTCC	6	12704	12709	ACTTCC	7030	7035	1	5
12705	C	CTTCCT	6	12705	12710	CTTCCA	7031	7036	1	5
12705	C	CATCTT	6	12702	12707	CATCAT	7067	7072	1	5
12705	C	CTTCCT	6	12705	12710	CTTCAT	7079	7084	1	5
12705	C	TCATC	5	12701	12705	TCATC	7156	7160	0	5
12705	C	TCATCT	6	12701	12706	TCATCG	7156	7161	1	5
12705	C	CTTCCT	6	12705	12710	CTTTCT	7174	7179	1	5
12705	C	CTTCCT	6	12705	12710	CTTTCT	7190	7195	1	5
12705	C	CATCTT	6	12702	12707	CATCCT	7256	7261	1	5
12705	C	ATCTTC	6	12703	12708	ATCATC	7262	7267	1	5
12705	C	CTCATC	6	12700	12705	CTCATT	7274	7279	1	5
12705	C	TCATCT	6	12701	12706	TCATTT	7279	7284	1	5
12705	C	ATCTTC	6	12703	12708	ATTTTC	7308	7313	1	5
12705	C	ATCTT	5	12703	12707	ATCTT	7580	7584	0	5
12705	C	CATCTT	6	12702	12707	TATCTT	7579	7584	1	5
12705	C	ATCTTC	6	12703	12708	ATCTTA	7580	7585	1	5
12705	C	CTTCC	5	12705	12709	CTTCC	7623	7627	0	5
12705	C	TCTTCC	6	12704	12709	ACTTCC	7622	7627	1	5
12705	C	CTTCCT	6	12705	12710	CTTCCC	7623	7628	1	5
12705	C	CTCATC	6	12700	12705	CTTATC	7643	7648	1	5
12705	C	CTCATC	6	12700	12705	CTCATA	7667	7672	1	5
12705	C	ATCTTC	6	12703	12708	ATCTGC	7685	7690	1	5
12705	C	CATCT	5	12702	12706	CATCT	7747	7751	0	5
12705	C	TCATCT	6	12701	12706	ACATCT	7746	7751	1	5
12705	C	CATCTT	6	12702	12707	CATCTC	7747	7752	1	5
12705	C	TCATC	5	12701	12705	TCATC	7797	7801	0	5
12705	C	CTCATC	6	12700	12705	ATCATC	7796	7801	1	5
12705	C	CTCATC	6	12700	12705	CCCATC	7819	7824	1	5
12705	C	CTTCCT	6	12705	12710	CATCCT	7831	7836	1	5
12705	C	CTTCCT	6	12705	12710	CTCCCT	7864	7869	1	5
12705	C	TCATCT	6	12701	12706	TCAACT	7938	7943	1	5
12705	C	CTTCC	5	12705	12709	CTTCC	7952	7956	0	5
12705	C	TCTTCC	6	12704	12709	ACTTCC	7951	7956	1	5
12705	C	CTTCCT	6	12705	12710	CTTCCC	7952	7957	1	5
12705	C	CATCTT	6	12702	12707	CGTCTT	8059	8064	1	5
12705	C	TCTTCC	6	12704	12709	TCTTGC	8061	8066	1	5
12705	C	ATCTT	5	12703	12707	ATCTT	8237	8241	0	5
12705	C	CATCTT	6	12702	12707	AATCTT	8236	8241	1	5
12705	C	ATCTTC	6	12703	12708	ATCTTT	8237	8242	1	5
12705	C	TCTTCC	6	12704	12709	TCTACC	8277	8282	1	5
12705	C	CATCTT	6	12702	12707	CCTCTT	8351	8356	1	5
12705	C	CTCATC	6	12700	12705	CTCACC	8476	8481	1	5
12705	C	CTTCCT	6	12705	12710	CTACCT	8468	8473	1	5
12705	C	CTTCCT	6	12705	12710	CTCCCT	8472	8477	1	5
12705	C	CTTCCT	6	12705	12710	CTTCAT	8546	8551	1	5
12705	C	CTCATC	6	12700	12705	CTCCTC	8776	8781	1	5
12705	C	CTTCCT	6	12705	12710	CCTCCT	8775	8780	1	5
12705	C	CTTCCT	6	12705	12710	CTGCCT	8788	8793	1	5
12705	C	CATCTT	6	12702	12707	CTTCTT	8907	8912	1	5
12705	C	TCTTCC	6	12704	12709	TCTTAC	8909	8914	1	5
12705	C	CTCATC	6	12700	12705	CTTATC	8935	8940	1	5
12705	C	CTTCC	5	12705	12709	CTTCC	9082	9086	0	5
12705	C	CTTCCT	6	12705	12710	CTTCCC	9082	9087	1	5
12705	C	TCATCT	6	12701	12706	TCATAT	9230	9235	1	5
12705	C	CTCATC	6	12700	12705	CTCAGC	9272	9277	1	5
12705	C	CTTCC	5	12705	12709	CTTCC	9314	9318	0	5
12705	C	TCTTCC	6	12704	12709	ACTTCC	9313	9318	1	5
12705	C	CTTCCT	6	12705	12710	CTTCCA	9314	9319	1	5
12705	C	CTCATC	6	12700	12705	CTCCTC	9330	9335	1	5
12705	C	CTCATC	6	12700	12705	CTCATA	9333	9338	1	5
12705	C	TCTTC	5	12704	12708	TCTTC	9484	9488	0	5
12705	C	ATCTTC	6	12703	12708	TTCTTC	9483	9488	1	5
12705	C	TCTTCC	6	12704	12709	TCTTCG	9484	9489	1	5
12705	C	CTCATC	6	12700	12705	CGCATC	9620	9625	1	5
12705	C	TCATCT	6	12701	12706	TCACCT	9637	9642	1	5
12705	C	CTCATC	6	12700	12705	CTCACC	9646	9651	1	5
12705	C	CATCT	5	12702	12706	CATCT	9779	9783	0	5
12705	C	TCATCT	6	12701	12706	GCATCT	9778	9783	1	5
12705	C	CTCATC	6	12700	12705	CTCAAC	9788	9793	1	5
12705	C	CATCTT	6	12702	12707	CATTTT	9793	9798	1	5
12705	C	CTTCC	5	12705	12709	CTTCC	9812	9816	0	5
12705	C	TCTTCC	6	12704	12709	GCTTCC	9811	9816	1	5
12705	C	CTTCCT	6	12705	12710	CTTCCA	9812	9817	1	5
12705	C	CTTCCT	6	12705	12710	TTTCCT	9845	9850	1	5
12705	C	TCATC	5	12701	12705	TCATC	9862	9866	0	5
12705	C	CTCATC	6	12700	12705	TTCATC	9861	9866	1	5
12705	C	TCATCT	6	12701	12706	TCATCC	9862	9867	1	5
12705	C	ATCTTC	6	12703	12708	ATCTGC	9855	9860	1	5
12705	C	TCTTCC	6	12704	12709	TCATCC	9862	9867	1	5
12705	C	CTTCCT	6	12705	12710	CTTCAT	9860	9865	1	5
12705	C	CATCTT	6	12702	12707	CATTTT	9933	9938	1	5
12705	C	CATCT	5	12702	12706	CATCT	9971	9975	0	5
12705	C	TCATCT	6	12701	12706	CCATCT	9970	9975	1	5
12705	C	CATCTT	6	12702	12707	CATCTA	9971	9976	1	5
12705	C	CTTCC	5	12705	12709	CTTCC	10019	10023	0	5
12705	C	ATCTTC	6	12703	12708	AACTTC	10062	10067	1	5
12705	C	CATCTT	6	12702	12707	CATTTT	10120	10125	1	5
12705	C	CTTCCT	6	12705	12710	CTTTCT	10207	10212	1	5
12705	C	TCTTC	5	12704	12708	TCTTC	10222	10226	0	5
12705	C	ATCTTC	6	12703	12708	TTCTTC	10221	10226	1	5
12705	C	CATCTT	6	12702	12707	CTTCTT	10241	10246	1	5
12705	C	ATCTTC	6	12703	12708	ACCTTC	10239	10244	1	5
12705	C	TCATCT	6	12701	12706	TGATCT	10253	10258	1	5
12705	C	CTTCCT	6	12705	12710	CCTCCT	10268	10273	1	5
12705	C	TCATC	5	12701	12705	TCATC	10326	10330	0	5
12705	C	TCATC	5	12701	12705	TCATC	10342	10346	0	5
12705	C	TCATC	5	12701	12705	TCATC	10345	10349	0	5
12705	C	CTCATC	6	12700	12705	GTCATC	10325	10330	1	5
12705	C	TCATCT	6	12701	12706	TCATCC	10326	10331	1	5
12705	C	CATCTT	6	12702	12707	CCTCTT	10331	10336	1	5
12705	C	TCTTCC	6	12704	12709	TCATCC	10326	10331	1	5
12705	C	CATCT	5	12702	12706	CATCT	10508	10512	0	5
12705	C	TCATCT	6	12701	12706	CCATCT	10507	10512	1	5
12705	C	CATCTT	6	12702	12707	CATCTC	10508	10513	1	5
12705	C	CTCATC	6	12700	12705	CTCATA	10605	10610	1	5
12705	C	CTCATC	6	12700	12705	CTCAAC	10614	10619	1	5
12705	C	CATCTT	6	12702	12707	CCTCTT	10628	10633	1	5
12705	C	CTTCCT	6	12705	12710	CTCCCT	10625	10630	1	5
12705	C	ATCTTC	6	12703	12708	ATCTCC	10710	10715	1	5
12705	C	TCATC	5	12701	12705	TCATC	10866	10870	0	5
12705	C	CTCATC	6	12700	12705	ATCATC	10865	10870	1	5
12705	C	TCATCT	6	12701	12706	TCATCC	10866	10871	1	5
12705	C	TCTTCC	6	12704	12709	TGTTCC	10913	10918	1	5
12705	C	TCTTCC	6	12704	12709	TCCTCC	10928	10933	1	5
12705	C	CTTCCT	6	12705	12710	CTACCT	10965	10970	1	5
12705	C	TCTTC	5	12704	12708	TCTTC	11121	11125	0	5
12705	C	TCTTCC	6	12704	12709	TCTTCG	11121	11126	1	5
12705	C	CATCTT	6	12702	12707	CACCTT	11143	11148	1	5
12705	C	TCATC	5	12701	12705	TCATC	11154	11158	0	5
12705	C	CTCATC	6	12700	12705	ATCATC	11153	11158	1	5
12705	C	TCATCT	6	12701	12706	TCATCA	11154	11159	1	5
12705	C	ATCTTC	6	12703	12708	ATCATC	11153	11158	1	5
12705	C	CTTCC	5	12705	12709	CTTCC	11231	11235	0	5
12705	C	TCTTCC	6	12704	12709	CCTTCC	11230	11235	1	5
12705	C	CTTCCT	6	12705	12710	CTCCCT	11227	11232	1	5
12705	C	CTTCCT	6	12705	12710	CTTCCC	11231	11236	1	5
12705	C	CATCTT	6	12702	12707	CAACTT	11335	11340	1	5
12705	C	CATCTT	6	12702	12707	CCTCTT	11381	11386	1	5
12705	C	CTCATC	6	12700	12705	CCCATC	11429	11434	1	5
12705	C	CTCATC	6	12700	12705	CTCAAC	11507	11512	1	5
12705	C	CATCT	5	12702	12706	CATCT	11581	11585	0	5
12705	C	CTCATC	6	12700	12705	CTCATT	11612	11617	1	5
12705	C	TCTTC	5	12704	12708	TCTTC	11624	11628	0	5
12705	C	ATCTTC	6	12703	12708	CTCTTC	11623	11628	1	5
12705	C	TCTTCC	6	12704	12709	TCTTCA	11624	11629	1	5
12705	C	TCTTCC	6	12704	12709	TCATCC	11664	11669	1	5
12705	C	ATCTTC	6	12703	12708	AGCTTC	11681	11686	1	5
12705	C	CTCATC	6	12700	12705	CTCATA	11702	11707	1	5
12705	C	CTCATC	6	12700	12705	CTCATT	11728	11733	1	5
12705	C	CTCATC	6	12700	12705	CGCATC	11777	11782	1	5
12705	C	TCATCT	6	12701	12706	TCCTCT	11787	11792	1	5
12705	C	CATCTT	6	12702	12707	CATCAT	11779	11784	1	5
12705	C	ATCTTC	6	12703	12708	ATCCTC	11786	11791	1	5
12705	C	CATCTT	6	12702	12707	CATATT	11986	11991	1	5
12705	C	CTTCCT	6	12705	12710	CTCCCT	11977	11982	1	5
12705	C	CTCATC	6	12700	12705	CTCATT	12043	12048	1	5
12705	C	CTCATC	6	12700	12705	CTCCTC	12092	12097	1	5
12705	C	CTCATC	6	12700	12705	CTCAAC	12104	12109	1	5
12705	C	CATCTT	6	12702	12707	CATCAT	12115	12120	1	5
12705	C	CTTCCT	6	12705	12710	CTTTCT	12258	12263	1	5
12705	C	CTTCC	5	12705	12709	CTTCC	12374	12378	0	5
12705	C	TCTTCC	6	12704	12709	ACTTCC	12373	12378	1	5
12705	C	CTTCCT	6	12705	12710	CTTCCC	12374	12379	1	5
12705	C	CTCATC	6	12700	12705	CCCATC	12388	12393	1	5
12705	C	CATCTT	6	12702	12707	CATCCT	12390	12395	1	5
12705	C	CTTCCT	6	12705	12710	CATCCT	12390	12395	1	5
12705	C	CTCATC	6	12700	12705	CGCATC	12456	12461	1	5
12705	C	CATCTT	6	12702	12707	CACCTT	12462	12467	1	5
12705	C	CTCATC	6	12700	12705	CTCTTC	12478	12483	1	5
12705	C	ATCTTC	6	12703	12708	ATATTC	12493	12498	1	5
12705	C	TCATCT	6	12701	12706	TTATCT	12521	12526	1	5
12705	C	ATCTTC	6	12703	12708	AGCTTC	12571	12576	1	5
12705	C	TCATC	5	12701	12705	TCATC	12602	12606	0	5
12705	C	TCATCT	6	12701	12706	TCATCC	12602	12607	1	5
12705	C	ATCTTC	6	12703	12708	ATATTC	12598	12603	1	5
12705	C	TCTTCC	6	12704	12709	TCATCC	12602	12607	1	5
12705	C	CATCTT	6	12702	12707	CATCAT	12633	12638	1	5
12705	C	TCTTC	5	12704	12708	TCTTC	12686	12690	0	5
12705	C	ATCTTC	6	12703	12708	TTCTTC	12685	12690	1	5
12705	C	TCTTCC	6	12704	12709	TCTTCA	12686	12691	1	5
12705	C	ATCTTC	6	12703	12708	ATCTAC	12695	12700	1	5
12705	C	ATCTT	5	12703	12707	ATCTT	12724	12728	0	5
12705	C	TCATC	5	12701	12705	TCATC	12758	12762	0	5
12705	C	CTCATC	6	12700	12705	TTCATC	12757	12762	1	5
12705	C	TCATCT	6	12701	12706	TCATCG	12758	12763	1	5
12705	C	TCTTCC	6	12704	12709	TATTCC	12746	12751	1	5
12705	C	CATCTT	6	12702	12707	CTTCTT	12789	12794	1	5
12705	C	CTTCCT	6	12705	12710	CTTCTT	12789	12794	1	5
12705	C	TCATC	5	12701	12705	TCATC	12881	12885	0	5
12705	C	CTCATC	6	12700	12705	TTCATC	12880	12885	1	5
12705	C	CTCATC	6	12700	12705	CTAATC	12953	12958	1	5
12705	C	CTCATC	6	12700	12705	CTCACC	12964	12969	1	5
12705	C	CTCATC	6	12700	12705	CTCCTC	12982	12987	1	5
12705	C	CTCATC	6	12700	12705	CTCAGC	13038	13043	1	5
12705	C	CTCATC	6	12700	12705	CTCAGC	13065	13070	1	5
12705	C	CTTCC	5	12705	12709	CTTCC	13122	13126	0	5
12705	C	TCTTCC	6	12704	12709	TCATCC	13115	13120	1	5
12705	C	TCTTCC	6	12704	12709	GCTTCC	13121	13126	1	5
12705	C	CTTCCT	6	12705	12710	CTTCCA	13122	13127	1	5
12705	C	TCATCT	6	12701	12706	TCAACT	13260	13265	1	5
12705	C	CATCT	5	12702	12706	CATCT	13320	13324	0	5
12705	C	CATCTT	6	12702	12707	CATCTG	13320	13325	1	5
12705	C	CTTCCT	6	12705	12710	ATTCCT	13311	13316	1	5
12705	C	TCTTC	5	12704	12708	TCTTC	13337	13341	0	5
12705	C	TCTTCC	6	12704	12709	TCTTCA	13337	13342	1	5
12705	C	CTTCCT	6	12705	12710	CTTCTT	13335	13340	1	5
12705	C	TCATC	5	12701	12705	TCATC	13373	13377	0	5
12705	C	CTCATC	6	12700	12705	ATCATC	13372	13377	1	5
12705	C	TCATCT	6	12701	12706	TCATCC	13373	13378	1	5
12705	C	ATCTTC	6	12703	12708	ATATTC	13400	13405	1	5
12705	C	CTCATC	6	12700	12705	CTCACC	13453	13458	1	5
12705	C	CTTCCT	6	12705	12710	CTCCCT	13449	13454	1	5
12705	C	CTTCCT	6	12705	12710	TTTCCT	13488	13493	1	5
12705	C	TCATC	5	12701	12705	TCATC	13520	13524	0	5
12705	C	CTCATC	6	12700	12705	CACATC	13516	13521	1	5
12705	C	CTCATC	6	12700	12705	ATCATC	13519	13524	1	5
12705	C	TCATCT	6	12701	12706	TCATCG	13520	13525	1	5
12705	C	CTTCCT	6	12705	12710	CTACCT	13580	13585	1	5
12705	C	CTTCCT	6	12705	12710	CTCCCT	13584	13589	1	5
12705	C	TCTTC	5	12704	12708	TCTTC	13617	13621	0	5
12705	C	TCATCT	6	12701	12706	TCTTCT	13617	13622	1	5
12705	C	ATCTTC	6	12703	12708	TTCTTC	13616	13621	1	5
12705	C	TCTTCC	6	12704	12709	TCTTCT	13617	13622	1	5
12705	C	CTTCC	5	12705	12709	CTTCC	13644	13648	0	5
12705	C	TCTTCC	6	12704	12709	GCTTCC	13643	13648	1	5
12705	C	CTTCCT	6	12705	12710	CTTCCC	13644	13649	1	5
12705	C	CTCATC	6	12700	12705	CTCATT	13735	13740	1	5
12705	C	CTCATC	6	12700	12705	CGCATC	13758	13763	1	5
12705	C	CTTCC	5	12705	12709	CTTCC	13767	13771	0	5
12705	C	TCTTCC	6	12704	12709	CCTTCC	13766	13771	1	5
12705	C	CATCTT	6	12702	12707	CATTTT	13892	13897	1	5
12705	C	TCTTCC	6	12704	12709	TCTACC	13919	13924	1	5
12705	C	CATCTT	6	12702	12707	CTTCTT	13960	13965	1	5
12705	C	TCTTCC	6	12704	12709	TCTTAC	13962	13967	1	5
12705	C	TCATC	5	12701	12705	TCATC	14060	14064	0	5
12705	C	CTCATC	6	12700	12705	ATCATC	14059	14064	1	5
12705	C	CTCATC	6	12700	12705	CTCAAC	14067	14072	1	5
12705	C	TCATCT	6	12701	12706	TCATCA	14060	14065	1	5
12705	C	TCATCT	6	12701	12706	TCACCT	14063	14068	1	5
12705	C	ATCTTC	6	12703	12708	ATCTCC	14047	14052	1	5
12705	C	TCTTC	5	12704	12708	TCTTC	14108	14112	0	5
12705	C	TCATCT	6	12701	12706	TCCTCT	14099	14104	1	5
12705	C	CTCATC	6	12700	12705	CTAATC	14137	14142	1	5
12705	C	TCTTCC	6	12704	12709	TATTCC	14151	14156	1	5
12705	C	ATCTTC	6	12703	12708	ATGTTC	14196	14201	1	5
12705	C	CTCATC	6	12700	12705	CCCATC	14341	14346	1	5
12705	C	CATCTT	6	12702	12707	CATCAT	14343	14348	1	5
12705	C	TCTTCC	6	12704	12709	TCTTTC	14351	14356	1	5
12705	C	CTTCCT	6	12705	12710	CTACCT	14373	14378	1	5
12705	C	CTCATC	6	12700	12705	CTCAAC	14413	14418	1	5
12705	C	CATCTT	6	12702	12707	CATCAT	14482	14487	1	5
12705	C	CATCTT	6	12702	12707	CATCAT	14668	14673	1	5
12705	C	CATCTT	6	12702	12707	CATCGT	14717	14722	1	5
12705	C	TCATCT	6	12701	12706	TCAACT	14729	14734	1	5
12705	C	TCATC	5	12701	12705	TCATC	14799	14803	0	5
12705	C	CTCATC	6	12700	12705	CCCATC	14815	14820	1	5
12705	C	CATCT	5	12702	12706	CATCT	14824	14828	0	5
12705	C	TCATCT	6	12701	12706	ACATCT	14823	14828	1	5
12705	C	ATCTTC	6	12703	12708	AACTTC	14840	14845	1	5
12705	C	CTTCCT	6	12705	12710	CTGCCT	14863	14868	1	5
12705	C	CTCATC	6	12700	12705	CTCAAC	14923	14928	1	5
12705	C	TCATC	5	12701	12705	TCATC	14936	14940	0	5
12705	C	CTCATC	6	12700	12705	TTCATC	14935	14940	1	5
12705	C	TCATCT	6	12701	12706	TCATCA	14936	14941	1	5
12705	C	CTCATC	6	12700	12705	CACATC	14948	14953	1	5
12705	C	TCATC	5	12701	12705	TCATC	14979	14983	0	5
12705	C	TCATCT	6	12701	12706	TCATCC	14979	14984	1	5
12705	C	ATCTTC	6	12703	12708	ACCTTC	14988	14993	1	5
12705	C	CTTCCT	6	12705	12710	CTACCT	14986	14991	1	5
12705	C	CTCATC	6	12700	12705	CTCTTC	15026	15031	1	5
12705	C	ATCTTC	6	12703	12708	ATATTC	15011	15016	1	5
12705	C	TCATCT	6	12701	12706	TCATTT	15062	15067	1	5
12705	C	TCTTCC	6	12704	12709	TCCTCC	15141	15146	1	5
12705	C	CTTCCT	6	12705	12710	CTTCAT	15292	15297	1	5
12705	C	TCTTCC	6	12704	12709	TCTTGC	15342	15347	1	5
12705	C	TCATCT	6	12701	12706	TCACCT	15378	15383	1	5
12705	C	CTTCC	5	12705	12709	CTTCC	15403	15407	0	5
12705	C	CTTCCT	6	12705	12710	CTTACT	15439	15444	1	5
12705	C	CTCATC	6	12700	12705	CTCACC	15481	15486	1	5
12705	C	CTCATC	6	12700	12705	CACATC	15545	15550	1	5
12705	C	CTTCCT	6	12705	12710	CGTCCT	15616	15621	1	5
12705	C	CTTCCT	6	12705	12710	CATCCT	15637	15642	1	5
12705	C	CTTCCT	6	12705	12710	CATCCT	15661	15666	1	5
12705	C	CTCATC	6	12700	12705	CTCCTC	15740	15745	1	5
12705	C	CTCATC	6	12700	12705	CTCATT	15743	15748	1	5
12705	C	CATCTT	6	12702	12707	CATCAT	15790	15795	1	5
12705	C	CTCATC	6	12700	12705	CTAATC	15833	15838	1	5
12705	C	TCTTCC	6	12704	12709	TTTTCC	15941	15946	1	5
12705	C	TCTTCC	6	12704	12709	TCTTTC	16025	16030	1	5
12705	C	CTCATC	6	12700	12705	CACATC	16174	16179	1	5
12705	C	TCATCT	6	12701	12706	TCAACT	16238	16243	1	5
12705	C	CTCATC	6	12700	12705	CTCACC	16262	16267	1	5
12705	C	CTCATC	6	12700	12705	CTCGTC	16358	16363	1	5
12705	C	TCTTCC	6	12704	12709	TCGTCC	16359	16364	1	5
12705	C	CTTCCT	6	12705	12710	CATCCT	16404	16409	1	5
12705	C	CTCATC	6	12700	12705	CTCCTC	16444	16449	1	5
12705	C	CATCT	5	12702	12706	CATCT	16498	16502	0	5
12705	C	TCATCT	6	12701	12706	ACATCT	16497	16502	1	5
12705	C	CATCTT	6	12702	12707	CATCTG	16498	16503	1	5
12705	C	TCATC	5	12701	12705	TCACC	14	18	1	4
12705	C	TCTTC	5	12704	12708	TCTCC	40	44	1	4
12705	C	CATCT	5	12702	12706	CATTT	48	52	1	4
12705	C	TCTTC	5	12704	12708	TCGTC	60	64	1	4
12705	C	CATCT	5	12702	12706	TATCT	125	129	1	4
12705	C	ATCTT	5	12703	12707	ATCTG	126	130	1	4
12705	C	ATCTT	5	12703	12707	GTCTT	130	134	1	4
12705	C	TCTTC	5	12704	12708	TCTTT	131	135	1	4
12705	C	TCATC	5	12701	12705	TTATC	158	162	1	4
12705	C	CATCT	5	12702	12706	CACCT	164	168	1	4
12705	C	ATCTT	5	12703	12707	ATATT	176	180	1	4
12705	C	TCTTC	5	12704	12708	TCTGC	252	256	1	4
12705	C	CTTCC	5	12705	12709	CTTTC	264	268	1	4
12705	C	CTTCC	5	12705	12709	TTTCC	265	269	1	4
12705	C	TCATC	5	12701	12705	ACATC	276	280	1	4
12705	C	TCATC	5	12701	12705	TCATA	279	283	1	4
12705	C	CTTCC	5	12705	12709	TTTCC	292	296	1	4
12705	C	CTTCC	5	12705	12709	CCTCC	308	312	1	4
12705	C	CTTCC	5	12705	12709	CTCCC	309	313	1	4
12705	C	CATCT	5	12702	12706	CTTCT	317	321	1	4
12705	C	TCTTC	5	12704	12708	GCTTC	316	320	1	4
12705	C	CTTCC	5	12705	12709	CTTCT	317	321	1	4
12705	C	ATCTT	5	12703	12707	ATTTT	397	401	1	4
12705	C	TCATC	5	12701	12705	TCACC	430	434	1	4
12705	C	CATCT	5	12702	12706	CAACT	438	442	1	4
12705	C	CTTCC	5	12705	12709	CCTCC	458	462	1	4
12705	C	CTTCC	5	12705	12709	CTCCC	459	463	1	4
12705	C	CTTCC	5	12705	12709	CTCCC	465	469	1	4
12705	C	TCTTC	5	12704	12708	TCATC	482	486	1	4
12705	C	CTTCC	5	12705	12709	CTACC	506	510	1	4
12705	C	ATCTT	5	12703	12707	AGCTT	585	589	1	4
12705	C	TCTTC	5	12704	12708	TCCTC	593	597	1	4
12705	C	CTTCC	5	12705	12709	CTTAC	587	591	1	4
12705	C	ATCTT	5	12703	12707	ATGTT	615	619	1	4
12705	C	TCATC	5	12701	12705	TCACC	634	638	1	4
12705	C	CATCT	5	12702	12706	CATCA	632	636	1	4
12705	C	ATCTT	5	12703	12707	CTCTT	677	681	1	4
12705	C	TCTTC	5	12704	12708	TCTTA	678	682	1	4
12705	C	TCATC	5	12701	12705	GCATC	701	705	1	4
12705	C	CATCT	5	12702	12706	CATCC	702	706	1	4
12705	C	CTTCC	5	12705	12709	CATCC	702	706	1	4
12705	C	CTTCC	5	12705	12709	GTTCC	709	713	1	4
12705	C	TCATC	5	12701	12705	TCACC	721	725	1	4
12705	C	CATCT	5	12702	12706	CCTCT	725	729	1	4
12705	C	TCATC	5	12701	12705	TCACC	733	737	1	4
12705	C	TCATC	5	12701	12705	GCATC	755	759	1	4
12705	C	CATCT	5	12702	12706	CATCA	756	760	1	4
12705	C	CATCT	5	12702	12706	CAGCT	775	779	1	4
12705	C	ATCTT	5	12703	12707	ACCTT	827	831	1	4
12705	C	TCATC	5	12701	12705	TCACC	953	957	1	4
12705	C	CTTCC	5	12705	12709	CCTCC	959	963	1	4
12705	C	CTTCC	5	12705	12709	CTCCC	960	964	1	4
12705	C	CATCT	5	12702	12706	CATAT	1038	1042	1	4
12705	C	CATCT	5	12702	12706	TATCT	1040	1044	1	4
12705	C	ATCTT	5	12703	12707	ATCTG	1041	1045	1	4
12705	C	TCATC	5	12701	12705	TCAAC	1119	1123	1	4
12705	C	CATCT	5	12702	12706	CCTCT	1191	1195	1	4
12705	C	TCTTC	5	12704	12708	GCTTC	1181	1185	1	4
12705	C	TCTTC	5	12704	12708	TGTTC	1205	1209	1	4
12705	C	TCATC	5	12701	12705	TAATC	1212	1216	1	4
12705	C	TCATC	5	12701	12705	TCAAC	1229	1233	1	4
12705	C	CATCT	5	12702	12706	CACCT	1239	1243	1	4
12705	C	TCATC	5	12701	12705	TCAGC	1270	1274	1	4
12705	C	ATCTT	5	12703	12707	AACTT	1403	1407	1	4
12705	C	TCTTC	5	12704	12708	TCCTC	1496	1500	1	4
12705	C	TCTTC	5	12704	12708	ACTTC	1507	1511	1	4
12705	C	CTTCC	5	12705	12709	CTTCA	1508	1512	1	4
12705	C	CATCT	5	12702	12706	CATTT	1518	1522	1	4
12705	C	ATCTT	5	12703	12707	AGCTT	1610	1614	1	4
12705	C	CTTCC	5	12705	12709	CTTAC	1631	1635	1	4
12705	C	ATCTT	5	12703	12707	AACTT	1655	1659	1	4
12705	C	CTTCC	5	12705	12709	CTACC	1703	1707	1	4
12705	C	ATCTT	5	12703	12707	ACCTT	1713	1717	1	4
12705	C	CATCT	5	12702	12706	CATTT	1726	1730	1	4
12705	C	CATCT	5	12702	12706	CTTCT	1846	1850	1	4
12705	C	CTTCC	5	12705	12709	CTTCT	1846	1850	1	4
12705	C	ATCTT	5	12703	12707	AACTT	1873	1877	1	4
12705	C	CATCT	5	12702	12706	CAGCT	1930	1934	1	4
12705	C	CATCT	5	12702	12706	CGTCT	1948	1952	1	4
12705	C	CTTCC	5	12705	12709	CTACC	1997	2001	1	4
12705	C	CATCT	5	12702	12706	CCTCT	2067	2071	1	4
12705	C	CATCT	5	12702	12706	CAGCT	2111	2115	1	4
12705	C	ATCTT	5	12703	12707	CTCTT	2114	2118	1	4
12705	C	TCTTC	5	12704	12708	TCTTT	2115	2119	1	4
12705	C	ATCTT	5	12703	12707	ACCTT	2135	2139	1	4
12705	C	CATCT	5	12702	12706	CATAT	2240	2244	1	4
12705	C	TCTTC	5	12704	12708	TCCTC	2253	2257	1	4
12705	C	CATCT	5	12702	12706	AATCT	2273	2277	1	4
12705	C	ATCTT	5	12703	12707	ATCTA	2274	2278	1	4
12705	C	TCATC	5	12701	12705	TCACC	2279	2283	1	4
12705	C	ATCTT	5	12703	12707	ATGTT	2298	2302	1	4
12705	C	TCTTC	5	12704	12708	TCTCC	2325	2329	1	4
12705	C	CATCT	5	12702	12706	TATCT	2383	2387	1	4
12705	C	TCATC	5	12701	12705	TCAAC	2392	2396	1	4
12705	C	TCATC	5	12701	12705	TCATT	2404	2408	1	4
12705	C	TCATC	5	12701	12705	TCAAC	2422	2426	1	4
12705	C	TCATC	5	12701	12705	ACATC	2507	2511	1	4
12705	C	CATCT	5	12702	12706	CATCA	2508	2512	1	4
12705	C	CATCT	5	12702	12706	CCTCT	2513	2517	1	4
12705	C	TCATC	5	12701	12705	GCATC	2519	2523	1	4
12705	C	TCATC	5	12701	12705	TCACC	2522	2526	1	4
12705	C	CATCT	5	12702	12706	CATCA	2520	2524	1	4
12705	C	CTTCC	5	12705	12709	CTGCC	2544	2548	1	4
12705	C	TCATC	5	12701	12705	TAATC	2599	2603	1	4
12705	C	ATCTT	5	12703	12707	CTCTT	2657	2661	1	4
12705	C	CTTCC	5	12705	12709	CTGCC	2684	2688	1	4
12705	C	ATCTT	5	12703	12707	AGCTT	2734	2738	1	4
12705	C	CTTCC	5	12705	12709	CTACC	2785	2789	1	4
12705	C	CTTCC	5	12705	12709	CCTCC	2839	2843	1	4
12705	C	TCATC	5	12701	12705	TCACC	2864	2868	1	4
12705	C	TCTTC	5	12704	12708	ACTTC	2861	2865	1	4
12705	C	CTTCC	5	12705	12709	CTTCA	2862	2866	1	4
12705	C	TCATC	5	12701	12705	TGATC	2895	2899	1	4
12705	C	ATCTT	5	12703	12707	AACTT	2904	2908	1	4
12705	C	ATCTT	5	12703	12707	ATCCT	2946	2950	1	4
12705	C	TCTTC	5	12704	12708	TATTC	2950	2954	1	4
12705	C	TCATC	5	12701	12705	TCAAC	2966	2970	1	4
12705	C	CATCT	5	12702	12706	CATAT	2962	2966	1	4
12705	C	ATCTT	5	12703	12707	ATGTT	2990	2994	1	4
12705	C	TCATC	5	12701	12705	ACATC	3003	3007	1	4
12705	C	CATCT	5	12702	12706	CATCC	3004	3008	1	4
12705	C	CTTCC	5	12705	12709	CATCC	3004	3008	1	4
12705	C	TCATC	5	12701	12705	TCAAC	3042	3046	1	4
12705	C	TCTTC	5	12704	12708	TGTTC	3039	3043	1	4
12705	C	ATCTT	5	12703	12707	ATCTG	3064	3068	1	4
12705	C	TCATC	5	12701	12705	TAATC	3083	3087	1	4
12705	C	CATCT	5	12702	12706	TATCT	3100	3104	1	4
12705	C	TCATC	5	12701	12705	TCCTC	3115	3119	1	4
12705	C	TCTTC	5	12704	12708	ACTTC	3151	3155	1	4
12705	C	CTTCC	5	12705	12709	CTTCA	3152	3156	1	4
12705	C	TCATC	5	12701	12705	TAATC	3250	3254	1	4
12705	C	ATCTT	5	12703	12707	AACTT	3261	3265	1	4
12705	C	ATCTT	5	12703	12707	AACTT	3268	3272	1	4
12705	C	TCTTC	5	12704	12708	TCCTC	3329	3333	1	4
12705	C	CTTCC	5	12705	12709	CTTAC	3370	3374	1	4
12705	C	CATCT	5	12702	12706	CAACT	3400	3404	1	4
12705	C	TCTTC	5	12704	12708	CCTTC	3449	3453	1	4
12705	C	CTTCC	5	12705	12709	CTTCG	3450	3454	1	4
12705	C	TCATC	5	12701	12705	TCACC	3473	3477	1	4
12705	C	TCATC	5	12701	12705	CCATC	3506	3510	1	4
12705	C	TCATC	5	12701	12705	TCACC	3509	3513	1	4
12705	C	TCATC	5	12701	12705	ACATC	3518	3522	1	4
12705	C	TCATC	5	12701	12705	TCACC	3521	3525	1	4
12705	C	CATCT	5	12702	12706	CATCA	3507	3511	1	4
12705	C	CATCT	5	12702	12706	CCTCT	3513	3517	1	4
12705	C	CATCT	5	12702	12706	CATCA	3519	3523	1	4
12705	C	TCTTC	5	12704	12708	TCTAC	3515	3519	1	4
12705	C	ATCTT	5	12703	12707	ACCTT	3532	3536	1	4
12705	C	TCATC	5	12701	12705	CCATC	3545	3549	1	4
12705	C	CATCT	5	12702	12706	CATCG	3546	3550	1	4
12705	C	TCTTC	5	12704	12708	TCTAC	3555	3559	1	4
12705	C	CTTCC	5	12705	12709	CCTCC	3570	3574	1	4
12705	C	CTTCC	5	12705	12709	CTCCC	3571	3575	1	4
12705	C	TCATC	5	12701	12705	TCAAC	3593	3597	1	4
12705	C	TCTTC	5	12704	12708	TATTC	3618	3622	1	4
12705	C	CATCT	5	12702	12706	CACCT	3627	3631	1	4
12705	C	CATCT	5	12702	12706	CCTCT	3629	3633	1	4
12705	C	TCATC	5	12701	12705	GCATC	3670	3674	1	4
12705	C	CATCT	5	12702	12706	CATCA	3671	3675	1	4
12705	C	CATCT	5	12702	12706	AATCT	3723	3727	1	4
12705	C	ATCTT	5	12703	12707	ATCTC	3724	3728	1	4
12705	C	TCATC	5	12701	12705	TCACC	3737	3741	1	4
12705	C	TCATC	5	12701	12705	CCATC	3746	3750	1	4
12705	C	TCATC	5	12701	12705	TCATT	3749	3753	1	4
12705	C	TCTTC	5	12704	12708	TCTAC	3753	3757	1	4
12705	C	TCATC	5	12701	12705	TCAAC	3760	3764	1	4
12705	C	CATCT	5	12702	12706	CCTCT	3789	3793	1	4
12705	C	TCTTC	5	12704	12708	TCTCC	3791	3795	1	4
12705	C	CATCT	5	12702	12706	CACCT	3817	3821	1	4
12705	C	CATCT	5	12702	12706	CCTCT	3819	3823	1	4
12705	C	TCATC	5	12701	12705	CCATC	3835	3839	1	4
12705	C	TCATC	5	12701	12705	TCATG	3838	3842	1	4
12705	C	CTTCC	5	12705	12709	CTGCC	3832	3836	1	4
12705	C	TCTTC	5	12704	12708	CCTTC	3896	3900	1	4
12705	C	CTTCC	5	12705	12709	CTTCG	3897	3901	1	4
12705	C	ATCTT	5	12703	12707	ACCTT	3902	3906	1	4
12705	C	CTTCC	5	12705	12709	CTTGC	3904	3908	1	4
12705	C	TCATC	5	12701	12705	TCAAC	3938	3942	1	4
12705	C	TCATC	5	12701	12705	ACATC	3941	3945	1	4
12705	C	CATCT	5	12702	12706	CATCG	3942	3946	1	4
12705	C	TCTTC	5	12704	12708	GCTTC	3935	3939	1	4
12705	C	CTTCC	5	12705	12709	CTTCA	3936	3940	1	4
12705	C	TCTTC	5	12704	12708	CCTTC	3962	3966	1	4
12705	C	CTTCC	5	12705	12709	CTTCG	3963	3967	1	4
12705	C	TCATC	5	12701	12705	TCTTC	3974	3978	1	4
12705	C	TCATC	5	12701	12705	TCATA	3977	3981	1	4
12705	C	TCTTC	5	12704	12708	TATTC	3971	3975	1	4
12705	C	CATCT	5	12702	12706	CATAT	4043	4047	1	4
12705	C	ATCTT	5	12703	12707	ATTTT	4079	4083	1	4
12705	C	TCTTC	5	12704	12708	TCTAC	4067	4071	1	4
12705	C	TCATC	5	12701	12705	TCACC	4085	4089	1	4
12705	C	CATCT	5	12702	12706	CTTCT	4099	4103	1	4
12705	C	TCTTC	5	12704	12708	ACTTC	4098	4102	1	4
12705	C	CTTCC	5	12705	12709	CTTCT	4099	4103	1	4
12705	C	ATCTT	5	12703	12707	TTCTT	4114	4118	1	4
12705	C	TCTTC	5	12704	12708	TGTTC	4112	4116	1	4
12705	C	TCTTC	5	12704	12708	TCTTA	4115	4119	1	4
12705	C	CTTCC	5	12705	12709	CCTCC	4106	4110	1	4
12705	C	CTTCC	5	12705	12709	ATTCC	4143	4147	1	4
12705	C	CATCT	5	12702	12706	CAACT	4156	4160	1	4
12705	C	CATCT	5	12702	12706	CACCT	4165	4169	1	4
12705	C	CTTCC	5	12705	12709	CTACC	4186	4190	1	4
12705	C	TCTTC	5	12704	12708	TCTCC	4220	4224	1	4
12705	C	CATCT	5	12702	12706	AATCT	4236	4240	1	4
12705	C	CTTCC	5	12705	12709	ATTCC	4246	4250	1	4
12705	C	ATCTT	5	12703	12707	AGCTT	4310	4314	1	4
12705	C	CATCT	5	12702	12706	CATCC	4351	4355	1	4
12705	C	CTTCC	5	12705	12709	CATCC	4351	4355	1	4
12705	C	TCTTC	5	12704	12708	TCTCC	4371	4375	1	4
12705	C	CATCT	5	12702	12706	CACCT	4380	4384	1	4
12705	C	ATCTT	5	12703	12707	ATGTT	4444	4448	1	4
12705	C	TCATC	5	12701	12705	TAATC	4472	4476	1	4
12705	C	TCTTC	5	12704	12708	TCATC	4522	4526	1	4
12705	C	ATCTT	5	12703	12707	ATTTT	4547	4551	1	4
12705	C	ATCTT	5	12703	12707	AGCTT	4583	4587	1	4
12705	C	CTTCC	5	12705	12709	GTTCC	4621	4625	1	4
12705	C	TCATC	5	12701	12705	CCATC	4636	4640	1	4
12705	C	CATCT	5	12702	12706	CATCA	4637	4641	1	4
12705	C	CTTCC	5	12705	12709	CTGCC	4633	4637	1	4
12705	C	TCATC	5	12701	12705	TCCTC	4648	4652	1	4
12705	C	TCTTC	5	12704	12708	TCCTC	4648	4652	1	4
12705	C	CATCT	5	12702	12706	CATCC	4666	4670	1	4
12705	C	CTTCC	5	12705	12709	CATCC	4666	4670	1	4
12705	C	TCATC	5	12701	12705	TAATC	4672	4676	1	4
12705	C	CATCT	5	12702	12706	CTTCT	4677	4681	1	4
12705	C	TCATC	5	12701	12705	TCAAC	4696	4700	1	4
12705	C	TCTTC	5	12704	12708	TCTCC	4708	4712	1	4
12705	C	CTTCC	5	12705	12709	CTACC	4735	4739	1	4
12705	C	TCATC	5	12701	12705	TAATC	4759	4763	1	4
12705	C	TCATC	5	12701	12705	TCATA	4762	4766	1	4
12705	C	ATCTT	5	12703	12707	ATCAT	4761	4765	1	4
12705	C	CTTCC	5	12705	12709	CTTTC	4799	4803	1	4
12705	C	CATCT	5	12702	12706	CTTCT	4805	4809	1	4
12705	C	TCTTC	5	12704	12708	ACTTC	4804	4808	1	4
12705	C	CTTCC	5	12705	12709	CTTCT	4805	4809	1	4
12705	C	CATCT	5	12702	12706	CCTCT	4836	4840	1	4
12705	C	TCATC	5	12701	12705	ACATC	4842	4846	1	4
12705	C	CATCT	5	12702	12706	CATCC	4843	4847	1	4
12705	C	CTTCC	5	12705	12709	CATCC	4843	4847	1	4
12705	C	TCTTC	5	12704	12708	GCTTC	4853	4857	1	4
12705	C	ATCTT	5	12703	12707	ATCAT	4890	4894	1	4
12705	C	CATCT	5	12702	12706	AATCT	4901	4905	1	4
12705	C	ATCTT	5	12703	12707	ATCTC	4902	4906	1	4
12705	C	CATCT	5	12702	12706	CTTCT	4926	4930	1	4
12705	C	TCTTC	5	12704	12708	CCTTC	4925	4929	1	4
12705	C	TCTTC	5	12704	12708	TCTCC	4928	4932	1	4
12705	C	TCTTC	5	12704	12708	TCCTC	4930	4934	1	4
12705	C	CTTCC	5	12705	12709	CTTCT	4926	4930	1	4
12705	C	TCATC	5	12701	12705	CCATC	4951	4955	1	4
12705	C	TCATC	5	12701	12705	TCATA	4954	4958	1	4
12705	C	CATCT	5	12702	12706	CAGCT	4989	4993	1	4
12705	C	TCTTC	5	12704	12708	TCCTC	5013	5017	1	4
12705	C	ATCTT	5	12703	12707	TTCTT	5074	5078	1	4
12705	C	TCTTC	5	12704	12708	TCTTA	5075	5079	1	4
12705	C	TCATC	5	12701	12705	TTATC	5095	5099	1	4
12705	C	ATCTT	5	12703	12707	ATATT	5092	5096	1	4
12705	C	CTTCC	5	12705	12709	CTACC	5107	5111	1	4
12705	C	CATCT	5	12702	12706	TATCT	5158	5162	1	4
12705	C	ATCTT	5	12703	12707	ATCTC	5159	5163	1	4
12705	C	CATCT	5	12702	12706	CACCT	5165	5169	1	4
12705	C	TCATC	5	12701	12705	CCATC	5202	5206	1	4
12705	C	CATCT	5	12702	12706	CATCC	5203	5207	1	4
12705	C	CTTCC	5	12705	12709	ATTCC	5199	5203	1	4
12705	C	CTTCC	5	12705	12709	CATCC	5203	5207	1	4
12705	C	CTTCC	5	12705	12709	CTGCC	5229	5233	1	4
12705	C	TCATC	5	12701	12705	TTATC	5266	5270	1	4
12705	C	TCATC	5	12701	12705	CCATC	5308	5312	1	4
12705	C	TCATC	5	12701	12705	TCATA	5311	5315	1	4
12705	C	TCATC	5	12701	12705	CCATC	5320	5324	1	4
12705	C	CATCT	5	12702	12706	CATCA	5321	5325	1	4
12705	C	CATCT	5	12702	12706	CCTCT	5336	5340	1	4
12705	C	TCTTC	5	12704	12708	TCTAC	5338	5342	1	4
12705	C	TCTTC	5	12704	12708	ACTTC	5341	5345	1	4
12705	C	CATCT	5	12702	12706	CACCT	5366	5370	1	4
12705	C	CTTCC	5	12705	12709	CTCCC	5382	5386	1	4
12705	C	CATCT	5	12702	12706	CATAT	5387	5391	1	4
12705	C	CATCT	5	12702	12706	TATCT	5389	5393	1	4
12705	C	ATCTT	5	12703	12707	ATCTA	5390	5394	1	4
12705	C	TCATC	5	12701	12705	TCCTC	5443	5447	1	4
12705	C	CTTCC	5	12705	12709	CTCCC	5445	5449	1	4
12705	C	CTTCC	5	12705	12709	CTTAC	5463	5467	1	4
12705	C	TCTTC	5	12704	12708	CCTTC	5541	5545	1	4
12705	C	CTTCC	5	12705	12709	CTTCA	5542	5546	1	4
12705	C	CATCT	5	12702	12706	CAGCT	5583	5587	1	4
12705	C	TCATC	5	12701	12705	GCATC	5610	5614	1	4
12705	C	CATCT	5	12702	12706	CATCA	5611	5615	1	4
12705	C	TCTTC	5	12704	12708	TCTGC	5607	5611	1	4
12705	C	TCATC	5	12701	12705	TCAGC	5628	5632	1	4
12705	C	CATCT	5	12702	12706	CAGCT	5696	5700	1	4
12705	C	CATCT	5	12702	12706	AATCT	5724	5728	1	4
12705	C	CATCT	5	12702	12706	CTTCT	5730	5734	1	4
12705	C	TCTTC	5	12704	12708	GCTTC	5719	5723	1	4
12705	C	TCTTC	5	12704	12708	ACTTC	5729	5733	1	4
12705	C	CTTCC	5	12705	12709	CTTCA	5720	5724	1	4
12705	C	CTTCC	5	12705	12709	CTTCT	5730	5734	1	4
12705	C	TCATC	5	12701	12705	TCTTC	5786	5790	1	4
12705	C	TCTTC	5	12704	12708	GCTTC	5783	5787	1	4
12705	C	ATCTT	5	12703	12707	GTCTT	5849	5853	1	4
12705	C	TCTTC	5	12704	12708	TCTTT	5850	5854	1	4
12705	C	TCTTC	5	12704	12708	GCTTC	5871	5875	1	4
12705	C	CTTCC	5	12705	12709	CTTCA	5872	5876	1	4
12705	C	TCTTC	5	12704	12708	TATTC	5923	5927	1	4
12705	C	TCTTC	5	12704	12708	TCTAC	5928	5932	1	4
12705	C	TCTTC	5	12704	12708	TATTC	5965	5969	1	4
12705	C	CATCT	5	12702	12706	CAGCT	5995	5999	1	4
12705	C	TCTTC	5	12704	12708	TATTC	6011	6015	1	4
12705	C	CATCT	5	12702	12706	CTTCT	6042	6046	1	4
12705	C	CTTCC	5	12705	12709	CTTCT	6042	6046	1	4
12705	C	TCATC	5	12701	12705	TTATC	6070	6074	1	4
12705	C	TCATC	5	12701	12705	TCGTC	6073	6077	1	4
12705	C	CATCT	5	12702	12706	CATTT	6088	6092	1	4
12705	C	TCATC	5	12701	12705	TCATA	6121	6125	1	4
12705	C	TCATC	5	12701	12705	TAATC	6124	6128	1	4
12705	C	CATCT	5	12702	12706	CAACT	6140	6144	1	4
12705	C	CTTCC	5	12705	12709	GTTCC	6150	6154	1	4
12705	C	TCATC	5	12701	12705	TAATC	6160	6164	1	4
12705	C	CTTCC	5	12705	12709	TTTCC	6183	6187	1	4
12705	C	CATCT	5	12702	12706	CTTCT	6206	6210	1	4
12705	C	CTTCC	5	12705	12709	CTTCT	6206	6210	1	4
12705	C	CATCT	5	12702	12706	CCTCT	6223	6227	1	4
12705	C	ATCTT	5	12703	12707	CTCTT	6213	6217	1	4
12705	C	TCTTC	5	12704	12708	TCTCC	6227	6231	1	4
12705	C	CTTCC	5	12705	12709	CCTCC	6219	6223	1	4
12705	C	CTTCC	5	12705	12709	CCTCC	6291	6295	1	4
12705	C	CTTCC	5	12705	12709	CTCCC	6311	6315	1	4
12705	C	CTTCC	5	12705	12709	CCTCC	6325	6329	1	4
12705	C	CATCT	5	12702	12706	CACCT	6354	6358	1	4
12705	C	TCTTC	5	12704	12708	TCTCC	6346	6350	1	4
12705	C	CTTCC	5	12705	12709	CTTAC	6350	6354	1	4
12705	C	TCTTC	5	12704	12708	TCTCC	6367	6371	1	4
12705	C	TCTTC	5	12704	12708	TCCTC	6369	6373	1	4
12705	C	TCATC	5	12701	12705	CCATC	6385	6389	1	4
12705	C	CATCT	5	12702	12706	CATCA	6386	6390	1	4
12705	C	TCTTC	5	12704	12708	TCATC	6394	6398	1	4
12705	C	TCATC	5	12701	12705	TTATC	6406	6410	1	4
12705	C	CTTCC	5	12705	12709	CTGCC	6424	6428	1	4
12705	C	TCTTC	5	12704	12708	TCGTC	6454	6458	1	4
12705	C	CATCT	5	12702	12706	CTTCT	6486	6490	1	4
12705	C	TCTTC	5	12704	12708	ACTTC	6485	6489	1	4
12705	C	TCTTC	5	12704	12708	TCTCC	6488	6492	1	4
12705	C	CTTCC	5	12705	12709	CTTCT	6486	6490	1	4
12705	C	CATCT	5	12702	12706	TATCT	6493	6497	1	4
12705	C	ATCTT	5	12703	12707	ATCTC	6494	6498	1	4
12705	C	TCATC	5	12701	12705	GCATC	6517	6521	1	4
12705	C	CATCT	5	12702	12706	CATCA	6518	6522	1	4
12705	C	TCATC	5	12701	12705	TCTTC	6559	6563	1	4
12705	C	CATCT	5	12702	12706	CACCT	6600	6604	1	4
12705	C	TCTTC	5	12704	12708	TATTC	6604	6608	1	4
12705	C	ATCTT	5	12703	12707	ATTTT	6611	6615	1	4
12705	C	TCTTC	5	12704	12708	TTTTC	6613	6617	1	4
12705	C	TCATC	5	12701	12705	TCACC	6620	6624	1	4
12705	C	ATCTT	5	12703	12707	TTCTT	6637	6641	1	4
12705	C	ATCTT	5	12703	12707	ATCCT	6642	6646	1	4
12705	C	TCTTC	5	12704	12708	TCTTA	6638	6642	1	4
12705	C	CTTCC	5	12705	12709	CTACC	6645	6649	1	4
12705	C	TCTTC	5	12704	12708	GCTTC	6652	6656	1	4
12705	C	CTTCC	5	12705	12709	CTTCG	6653	6657	1	4
12705	C	ATCTT	5	12703	12707	AACTT	6677	6681	1	4
12705	C	CATCT	5	12702	12706	CATTT	6703	6707	1	4
12705	C	TCATC	5	12701	12705	TTATC	6757	6761	1	4
12705	C	ATCTT	5	12703	12707	ATCGT	6759	6763	1	4
12705	C	CATCT	5	12702	12706	CATAT	6774	6778	1	4
12705	C	ATCTT	5	12703	12707	ATATT	6777	6781	1	4
12705	C	CTTCC	5	12705	12709	CCTCC	6820	6824	1	4
12705	C	CTTCC	5	12705	12709	CTACC	6826	6830	1	4
12705	C	TCATC	5	12701	12705	TCACC	6946	6950	1	4
12705	C	TCTTC	5	12704	12708	TCTTT	6941	6945	1	4
12705	C	TCTTC	5	12704	12708	TTTTC	6943	6947	1	4
12705	C	TCTTC	5	12704	12708	TCATC	6984	6988	1	4
12705	C	TCATC	5	12701	12705	ACATC	6994	6998	1	4
12705	C	TCATC	5	12701	12705	CCATC	7066	7070	1	4
12705	C	TCATC	5	12701	12705	TCATA	7069	7073	1	4
12705	C	TCATC	5	12701	12705	TCATT	7081	7085	1	4
12705	C	TCTTC	5	12704	12708	GCTTC	7078	7082	1	4
12705	C	CTTCC	5	12705	12709	TTTCC	7092	7096	1	4
12705	C	TCTTC	5	12704	12708	TATTC	7099	7103	1	4
12705	C	CATCT	5	12702	12706	CATTT	7140	7144	1	4
12705	C	ATCTT	5	12703	12707	ATCAT	7149	7153	1	4
12705	C	TCTTC	5	12704	12708	TCATC	7156	7160	1	4
12705	C	TCATC	5	12701	12705	TCTTC	7177	7181	1	4
12705	C	CATCT	5	12702	12706	AATCT	7167	7171	1	4
12705	C	ATCTT	5	12703	12707	ATCTA	7168	7172	1	4
12705	C	ATCTT	5	12703	12707	AACTT	7172	7176	1	4
12705	C	CTTCC	5	12705	12709	CTACC	7229	7233	1	4
12705	C	TCATC	5	12701	12705	ACATC	7255	7259	1	4
12705	C	ATCTT	5	12703	12707	ATATT	7299	7303	1	4
12705	C	TCATC	5	12701	12705	TCATG	7312	7316	1	4
12705	C	TCTTC	5	12704	12708	CCTTC	7327	7331	1	4
12705	C	TCTTC	5	12704	12708	GCTTC	7332	7336	1	4
12705	C	CTTCC	5	12705	12709	CTTCG	7328	7332	1	4
12705	C	CTTCC	5	12705	12709	CTTCG	7333	7337	1	4
12705	C	CTTCC	5	12705	12709	CCTCC	7366	7370	1	4
12705	C	CTTCC	5	12705	12709	CTACC	7406	7410	1	4
12705	C	CATCT	5	12702	12706	AATCT	7438	7442	1	4
12705	C	ATCTT	5	12703	12707	ATCTA	7439	7443	1	4
12705	C	CTTCC	5	12705	12709	CCTCC	7499	7503	1	4
12705	C	TCTTC	5	12704	12708	TTTTC	7510	7514	1	4
12705	C	TCATC	5	12701	12705	TCATA	7538	7542	1	4
12705	C	CATCT	5	12702	12706	CATTT	7534	7538	1	4
12705	C	ATCTT	5	12703	12707	AACTT	7542	7546	1	4
12705	C	ATCTT	5	12703	12707	ATCCT	7571	7575	1	4
12705	C	TCTTC	5	12704	12708	TCTAC	7609	7613	1	4
12705	C	TCATC	5	12701	12705	TCATA	7632	7636	1	4
12705	C	ATCTT	5	12703	12707	ATCAT	7631	7635	1	4
12705	C	TCATC	5	12701	12705	TCATG	7654	7658	1	4
12705	C	TCATC	5	12701	12705	TGATC	7657	7661	1	4
12705	C	ATCTT	5	12703	12707	AGCTT	7641	7645	1	4
12705	C	CTTCC	5	12705	12709	CTTTC	7651	7655	1	4
12705	C	CATCT	5	12702	12706	CGTCT	7774	7778	1	4
12705	C	ATCTT	5	12703	12707	ATCCT	7784	7788	1	4
12705	C	CTTCC	5	12705	12709	CTGCC	7787	7791	1	4
12705	C	CATCT	5	12702	12706	CATCC	7821	7825	1	4
12705	C	TCTTC	5	12704	12708	TCCTC	7806	7810	1	4
12705	C	CTTCC	5	12705	12709	CCTCC	7816	7820	1	4
12705	C	CTTCC	5	12705	12709	CTCCC	7817	7821	1	4
12705	C	CTTCC	5	12705	12709	CATCC	7821	7825	1	4
12705	C	TCATC	5	12701	12705	TCAAC	7854	7858	1	4
12705	C	TCATC	5	12701	12705	CCATC	7872	7876	1	4
12705	C	CATCT	5	12702	12706	CATCA	7873	7877	1	4
12705	C	CTTCC	5	12705	12709	CCTCC	7863	7867	1	4
12705	C	CTTCC	5	12705	12709	CTTAC	7868	7872	1	4
12705	C	CTTCC	5	12705	12709	CTCCC	8015	8019	1	4
12705	C	TCATC	5	12701	12705	ACATC	8048	8052	1	4
12705	C	CATCT	5	12702	12706	CATCA	8049	8053	1	4
12705	C	CTTCC	5	12705	12709	ATTCC	8108	8112	1	4
12705	C	CATCT	5	12702	12706	CGTCT	8117	8121	1	4
12705	C	TCATC	5	12701	12705	TCACC	8136	8140	1	4
12705	C	CTTCC	5	12705	12709	CTTTC	8133	8137	1	4
12705	C	CATCT	5	12702	12706	AATCT	8179	8183	1	4
12705	C	ATCTT	5	12703	12707	ATCTG	8180	8184	1	4
12705	C	TCATC	5	12701	12705	TCATG	8202	8206	1	4
12705	C	CTTCC	5	12705	12709	ATTCC	8225	8229	1	4
12705	C	CATCT	5	12702	12706	CCTCT	8275	8279	1	4
12705	C	CATCT	5	12702	12706	CCTCT	8284	8288	1	4
12705	C	ATCTT	5	12703	12707	AACTT	8307	8311	1	4
12705	C	ATCTT	5	12703	12707	ACCTT	8319	8323	1	4
12705	C	CATCT	5	12702	12706	CACCT	8349	8353	1	4
12705	C	TCTTC	5	12704	12708	TCTTT	8353	8357	1	4
12705	C	CATCT	5	12702	12706	CAACT	8372	8376	1	4
12705	C	CTTCC	5	12705	12709	CTACC	8382	8386	1	4
12705	C	CTTCC	5	12705	12709	CTTAC	8417	8421	1	4
12705	C	CATCT	5	12702	12706	CAACT	8438	8442	1	4
12705	C	ATCTT	5	12703	12707	ATATT	8447	8451	1	4
12705	C	CATCT	5	12702	12706	CACCT	8465	8469	1	4
12705	C	CTTCC	5	12705	12709	CTACC	8461	8465	1	4
12705	C	CTTCC	5	12705	12709	CCTCC	8471	8475	1	4
12705	C	CATCT	5	12702	12706	AATCT	8536	8540	1	4
12705	C	ATCTT	5	12703	12707	ATCTG	8537	8541	1	4
12705	C	TCTTC	5	12704	12708	TGTTC	8540	8544	1	4
12705	C	TCATC	5	12701	12705	TCATT	8548	8552	1	4
12705	C	TCATC	5	12701	12705	TCATT	8552	8556	1	4
12705	C	TCTTC	5	12704	12708	GCTTC	8545	8549	1	4
12705	C	ATCTT	5	12703	12707	ATCCT	8566	8570	1	4
12705	C	CTTCC	5	12705	12709	CTACC	8575	8579	1	4
12705	C	TCATC	5	12701	12705	TCATT	8594	8598	1	4
12705	C	CTTCC	5	12705	12709	TTTCC	8602	8606	1	4
12705	C	CATCT	5	12702	12706	CCTCT	8608	8612	1	4
12705	C	CATCT	5	12702	12706	CACCT	8622	8626	1	4
12705	C	CATCT	5	12702	12706	TATCT	8632	8636	1	4
12705	C	ATCTT	5	12703	12707	ATCTC	8633	8637	1	4
12705	C	TCTTC	5	12704	12708	TCATC	8636	8640	1	4
12705	C	CTTCC	5	12705	12709	CCTCC	8624	8628	1	4
12705	C	TCATC	5	12701	12705	TCACC	8654	8658	1	4
12705	C	ATCTT	5	12703	12707	ATCTC	8730	8734	1	4
12705	C	ATCTT	5	12703	12707	CTCTT	8732	8736	1	4
12705	C	TCTTC	5	12704	12708	TCTTA	8733	8737	1	4
12705	C	ATCTT	5	12703	12707	ATCCT	8745	8749	1	4
12705	C	CATCT	5	12702	12706	CAACT	8768	8772	1	4
12705	C	TCTTC	5	12704	12708	TCCTC	8777	8781	1	4
12705	C	CATCT	5	12702	12706	CAACT	8815	8819	1	4
12705	C	CATCT	5	12702	12706	TATCT	8819	8823	1	4
12705	C	ATCTT	5	12703	12707	ATCTA	8820	8824	1	4
12705	C	TCATC	5	12701	12705	CCATC	8840	8844	1	4
12705	C	CATCT	5	12702	12706	CATCC	8841	8845	1	4
12705	C	CTTCC	5	12705	12709	CATCC	8841	8845	1	4
12705	C	CTTCC	5	12705	12709	CTTTC	8874	8878	1	4
12705	C	TCTTC	5	12704	12708	ACTTC	8906	8910	1	4
12705	C	CATCT	5	12702	12706	CACCT	8924	8928	1	4
12705	C	TCATC	5	12701	12705	TTATC	8954	8958	1	4
12705	C	TCATC	5	12701	12705	CCATC	8963	8967	1	4
12705	C	TCATC	5	12701	12705	TCAGC	8966	8970	1	4
12705	C	TCATC	5	12701	12705	TCAAC	8979	8983	1	4
12705	C	CATCT	5	12702	12706	CACCT	9028	9032	1	4
12705	C	TCATC	5	12701	12705	TCAAC	9070	9074	1	4
12705	C	CATCT	5	12702	12706	CCTCT	9086	9090	1	4
12705	C	TCTTC	5	12704	12708	TCTAC	9088	9092	1	4
12705	C	TCTTC	5	12704	12708	TCTAC	9117	9121	1	4
12705	C	ATCTT	5	12703	12707	ATCCT	9127	9131	1	4
12705	C	TCATC	5	12701	12705	TAATC	9149	9153	1	4
12705	C	TCTTC	5	12704	12708	TTTTC	9164	9168	1	4
12705	C	CATCT	5	12702	12706	CTTCT	9172	9176	1	4
12705	C	TCTTC	5	12704	12708	ACTTC	9171	9175	1	4
12705	C	CTTCC	5	12705	12709	CTTCT	9172	9176	1	4
12705	C	CATCT	5	12702	12706	CCTCT	9183	9187	1	4
12705	C	ATCTT	5	12703	12707	ATCAT	9229	9233	1	4
12705	C	CATCT	5	12702	12706	CCTCT	9269	9273	1	4
12705	C	CTTCC	5	12705	12709	CCTCC	9289	9293	1	4
12705	C	CATCT	5	12702	12706	CATGT	9302	9306	1	4
12705	C	TCTTC	5	12704	12708	TCCTC	9331	9335	1	4
12705	C	CATCT	5	12702	12706	CATAT	9365	9369	1	4
12705	C	CATCT	5	12702	12706	CACCT	9424	9428	1	4
12705	C	TCTTC	5	12704	12708	CCTTC	9440	9444	1	4
12705	C	CTTCC	5	12705	12709	CTTCG	9441	9445	1	4
12705	C	TCATC	5	12701	12705	TAATC	9454	9458	1	4
12705	C	ATCTT	5	12703	12707	ATCCT	9456	9460	1	4
12705	C	TCATC	5	12701	12705	TCTTC	9484	9488	1	4
12705	C	TCTTC	5	12704	12708	TTTTC	9481	9485	1	4
12705	C	ATCTT	5	12703	12707	ATTTT	9494	9498	1	4
12705	C	TCTTC	5	12704	12708	TTTTC	9496	9500	1	4
12705	C	CTTCC	5	12705	12709	CTACC	9529	9533	1	4
12705	C	TCATC	5	12701	12705	GCATC	9565	9569	1	4
12705	C	TCATC	5	12701	12705	TCACC	9568	9572	1	4
12705	C	CATCT	5	12702	12706	CATCA	9566	9570	1	4
12705	C	CATCT	5	12702	12706	CATCC	9607	9611	1	4
12705	C	CTTCC	5	12705	12709	CATCC	9607	9611	1	4
12705	C	CATCT	5	12702	12706	CATCA	9622	9626	1	4
12705	C	ATCTT	5	12703	12707	ATTTT	9705	9709	1	4
12705	C	ATCTT	5	12703	12707	ATTTT	9721	9725	1	4
12705	C	TCTTC	5	12704	12708	ACTTC	9748	9752	1	4
12705	C	CTTCC	5	12705	12709	CTTCG	9749	9753	1	4
12705	C	TCATC	5	12701	12705	TCACC	9763	9767	1	4
12705	C	CATCT	5	12702	12706	CATTT	9767	9771	1	4
12705	C	TCTTC	5	12704	12708	CCTTC	9760	9764	1	4
12705	C	CTTCC	5	12705	12709	CTTCA	9761	9765	1	4
12705	C	CTTCC	5	12705	12709	TTTCC	9769	9773	1	4
12705	C	TCTTC	5	12704	12708	ACTTC	9821	9825	1	4
12705	C	CTTCC	5	12705	12709	CTTCA	9822	9826	1	4
12705	C	TCATC	5	12701	12705	TCATT	9829	9833	1	4
12705	C	TCATC	5	12701	12705	TCCTC	9847	9851	1	4
12705	C	TCTTC	5	12704	12708	TCCTC	9847	9851	1	4
12705	C	CATCT	5	12702	12706	TATCT	9854	9858	1	4
12705	C	TCTTC	5	12704	12708	GCTTC	9859	9863	1	4
12705	C	CATCT	5	12702	12706	CAACT	9870	9874	1	4
12705	C	ATCTT	5	12703	12707	ATATT	9876	9880	1	4
12705	C	TCATC	5	12701	12705	ACATC	9888	9892	1	4
12705	C	CATCT	5	12702	12706	CATCC	9889	9893	1	4
12705	C	CTTCC	5	12705	12709	CATCC	9889	9893	1	4
12705	C	TCATC	5	12701	12705	ACATC	9896	9900	1	4
12705	C	CATCT	5	12702	12706	CATCA	9897	9901	1	4
12705	C	TCTTC	5	12704	12708	GCTTC	9907	9911	1	4
12705	C	CTTCC	5	12705	12709	CTTCG	9908	9912	1	4
12705	C	TCTTC	5	12704	12708	TCTCC	9967	9971	1	4
12705	C	ATCTT	5	12703	12707	GTCTT	9986	9990	1	4
12705	C	ATCTT	5	12703	12707	CTCTT	9992	9996	1	4
12705	C	TCTTC	5	12704	12708	TCTTT	9993	9997	1	4
12705	C	CTTCC	5	12705	12709	CTTCG	10064	10068	1	4
12705	C	ATCTT	5	12703	12707	ATTTT	10074	10078	1	4
12705	C	TCATC	5	12701	12705	TAATC	10081	10085	1	4
12705	C	TCATC	5	12701	12705	TCAAC	10084	10088	1	4
12705	C	CTTCC	5	12705	12709	CTACC	10128	10132	1	4
12705	C	CATCT	5	12702	12706	CAACT	10134	10138	1	4
12705	C	CTTCC	5	12705	12709	CTTAC	10165	10169	1	4
12705	C	TCTTC	5	12704	12708	GCTTC	10177	10181	1	4
12705	C	CTTCC	5	12705	12709	CTTCG	10178	10182	1	4
12705	C	CTTCC	5	12705	12709	CGTCC	10202	10206	1	4
12705	C	TCTTC	5	12704	12708	TCTCC	10210	10214	1	4
12705	C	TCTTC	5	12704	12708	TCTTA	10243	10247	1	4
12705	C	ATCTT	5	12703	12707	ATCTA	10255	10259	1	4
12705	C	CTTCC	5	12705	12709	CTACC	10281	10285	1	4
12705	C	CATCT	5	12702	12706	CAACT	10300	10304	1	4
12705	C	CTTCC	5	12705	12709	CTGCC	10308	10312	1	4
12705	C	ATCTT	5	12703	12707	ATATT	10489	10493	1	4
12705	C	CATCT	5	12702	12706	CATTT	10501	10505	1	4
12705	C	CATCT	5	12702	12706	CTTCT	10515	10519	1	4
12705	C	TCTTC	5	12704	12708	ACTTC	10514	10518	1	4
12705	C	CTTCC	5	12705	12709	CTTCT	10515	10519	1	4
12705	C	TCATC	5	12701	12705	TCCTC	10551	10555	1	4
12705	C	CATCT	5	12702	12706	CACCT	10542	10546	1	4
12705	C	TCATC	5	12701	12705	TCATT	10591	10595	1	4
12705	C	TCTTC	5	12704	12708	TGTTC	10588	10592	1	4
12705	C	TCTTC	5	12704	12708	TCTTA	10630	10634	1	4
12705	C	ATCTT	5	12703	12707	ATATT	10639	10643	1	4
12705	C	TCTTC	5	12704	12708	TCTTT	10663	10667	1	4
12705	C	CATCT	5	12702	12706	AATCT	10709	10713	1	4
12705	C	CATCT	5	12702	12706	CATAT	10720	10724	1	4
12705	C	ATCTT	5	12703	12707	ATATT	10787	10791	1	4
12705	C	CTTCC	5	12705	12709	CTACC	10793	10797	1	4
12705	C	CTTCC	5	12705	12709	CTTTC	10808	10812	1	4
12705	C	CTTCC	5	12705	12709	TTTCC	10809	10813	1	4
12705	C	TCATC	5	12701	12705	TCAAC	10833	10837	1	4
12705	C	TCATC	5	12701	12705	GCATC	10863	10867	1	4
12705	C	CATCT	5	12702	12706	CCTCT	10871	10875	1	4
12705	C	TCTTC	5	12704	12708	TCTAC	10873	10877	1	4
12705	C	ATCTT	5	12703	12707	ATTTT	10879	10883	1	4
12705	C	TCATC	5	12701	12705	TCAAC	10893	10897	1	4
12705	C	TCATC	5	12701	12705	TCCTC	10928	10932	1	4
12705	C	ATCTT	5	12703	12707	ACCTT	10922	10926	1	4
12705	C	CTTCC	5	12705	12709	CTACC	10976	10980	1	4
12705	C	TCATC	5	12701	12705	TCATG	10989	10993	1	4
12705	C	ATCTT	5	12703	12707	ATCAT	10988	10992	1	4
12705	C	CATCT	5	12702	12706	CCTCT	11044	11048	1	4
12705	C	ATCTT	5	12703	12707	ATTTT	11110	11114	1	4
12705	C	TCATC	5	12701	12705	TCACC	11157	11161	1	4
12705	C	TCTTC	5	12704	12708	TATTC	11208	11212	1	4
12705	C	TCTTC	5	12704	12708	TCTAC	11211	11215	1	4
12705	C	TCTTC	5	12704	12708	TCTAC	11287	11291	1	4
12705	C	CTTCC	5	12705	12709	CTGCC	11304	11308	1	4
12705	C	ATCTT	5	12703	12707	AGCTT	11350	11354	1	4
12705	C	CTTCC	5	12705	12709	CTTAC	11352	11356	1	4
12705	C	ATCTT	5	12703	12707	AGCTT	11362	11366	1	4
12705	C	TCTTC	5	12704	12708	TCTTT	11383	11387	1	4
12705	C	CATCT	5	12702	12706	CATGT	11417	11421	1	4
12705	C	CATCT	5	12702	12706	CATCG	11431	11435	1	4
12705	C	CTTCC	5	12705	12709	CTTGC	11450	11454	1	4
12705	C	ATCTT	5	12703	12707	CTCTT	11462	11466	1	4
12705	C	TCTTC	5	12704	12708	TCTTA	11463	11467	1	4
12705	C	CTTCC	5	12705	12709	CTACC	11533	11537	1	4
12705	C	TCATC	5	12701	12705	TCAGC	11631	11635	1	4
12705	C	TCATC	5	12701	12705	TCACC	11685	11689	1	4
12705	C	CTTCC	5	12705	12709	CTTCA	11683	11687	1	4
12705	C	TCATC	5	12701	12705	TCATT	11697	11701	1	4
12705	C	TCATC	5	12701	12705	TAATC	11706	11710	1	4
12705	C	TCATC	5	12701	12705	ACATC	11723	11727	1	4
12705	C	TCATC	5	12701	12705	TCCTC	11726	11730	1	4
12705	C	TCTTC	5	12704	12708	TATTC	11736	11740	1	4
12705	C	CTTCC	5	12705	12709	CTTAC	11720	11724	1	4
12705	C	TCTTC	5	12704	12708	ACTTC	11800	11804	1	4
12705	C	CTTCC	5	12705	12709	CTTCA	11801	11805	1	4
12705	C	TCTTC	5	12704	12708	TCTAC	11809	11813	1	4
12705	C	CTTCC	5	12705	12709	CTCCC	11813	11817	1	4
12705	C	ATCTT	5	12703	12707	AGCTT	11824	11828	1	4
12705	C	CATCT	5	12702	12706	CTTCT	11837	11841	1	4
12705	C	TCTTC	5	12704	12708	ACTTC	11836	11840	1	4
12705	C	CTTCC	5	12705	12709	CTTCT	11837	11841	1	4
12705	C	CTTCC	5	12705	12709	CTTAC	11863	11867	1	4
12705	C	TCTTC	5	12704	12708	TCTCC	11916	11920	1	4
12705	C	TCTTC	5	12704	12708	TCTCC	11935	11939	1	4
12705	C	CTTCC	5	12705	12709	CTTAC	11942	11946	1	4
12705	C	CATCT	5	12702	12706	CCTCT	11980	11984	1	4
12705	C	CATCT	5	12702	12706	CACCT	12077	12081	1	4
12705	C	TCTTC	5	12704	12708	TCTCC	12091	12095	1	4
12705	C	TCATC	5	12701	12705	ACATC	12114	12118	1	4
12705	C	TCATC	5	12701	12705	TCATT	12117	12121	1	4
12705	C	TCTTC	5	12704	12708	TCCTC	12131	12135	1	4
12705	C	TCTTC	5	12704	12708	TCTTG	12134	12138	1	4
12705	C	TCATC	5	12701	12705	ACATC	12158	12162	1	4
12705	C	CATCT	5	12702	12706	CATCA	12159	12163	1	4
12705	C	CATCT	5	12702	12706	AATCT	12171	12175	1	4
12705	C	ATCTT	5	12703	12707	ATCTG	12172	12176	1	4
12705	C	CTTCC	5	12705	12709	CTTAC	12187	12191	1	4
12705	C	CATCT	5	12702	12706	CATGT	12241	12245	1	4
12705	C	CATCT	5	12702	12706	CAGCT	12281	12285	1	4
12705	C	ATCTT	5	12703	12707	GTCTT	12294	12298	1	4
12705	C	TCTTC	5	12704	12708	TCTTA	12295	12299	1	4
12705	C	ATCTT	5	12703	12707	ATTTT	12310	12314	1	4
12705	C	CATCT	5	12702	12706	CAACT	12319	12323	1	4
12705	C	CTTCC	5	12705	12709	ATTCC	12382	12386	1	4
12705	C	CTTCC	5	12705	12709	CTTAC	12394	12398	1	4
12705	C	CATCT	5	12702	12706	CATCC	12458	12462	1	4
12705	C	CTTCC	5	12705	12709	CATCC	12458	12462	1	4
12705	C	TCATC	5	12701	12705	TTATC	12470	12474	1	4
12705	C	ATCTT	5	12703	12707	ATCTC	12523	12527	1	4
12705	C	CATCT	5	12702	12706	CAGCT	12559	12563	1	4
12705	C	CTTCC	5	12705	12709	CTTCA	12573	12577	1	4
12705	C	CATCT	5	12702	12706	CTTCT	12588	12592	1	4
12705	C	TCTTC	5	12704	12708	ACTTC	12587	12591	1	4
12705	C	CTTCC	5	12705	12709	CTTCT	12588	12592	1	4
12705	C	TCTTC	5	12704	12708	TGTTC	12617	12621	1	4
12705	C	TCATC	5	12701	12705	CCATC	12632	12636	1	4
12705	C	TCATC	5	12701	12705	TCATA	12635	12639	1	4
12705	C	TCATC	5	12701	12705	TAATC	12678	12682	1	4
12705	C	TCATC	5	12701	12705	TCTTC	12686	12690	1	4
12705	C	CATCT	5	12702	12706	TATCT	12694	12698	1	4
12705	C	TCATC	5	12701	12705	TCTTC	12704	12708	1	4
12705	C	TCTTC	5	12704	12708	TCATC	12701	12705	1	4
12705	C	CATCT	5	12702	12706	CAACT	12751	12755	1	4
12705	C	TCTTC	5	12704	12708	TGTTC	12755	12759	1	4
12705	C	TCTTC	5	12704	12708	TCATC	12758	12762	1	4
12705	C	ATCTT	5	12703	12707	ATCCT	12786	12790	1	4
12705	C	TCTTC	5	12704	12708	CCTTC	12788	12792	1	4
12705	C	TCTTC	5	12704	12708	TCATC	12797	12801	1	4
12705	C	ATCTT	5	12703	12707	ATCCT	12850	12854	1	4
12705	C	TCATC	5	12701	12705	TTATC	12902	12906	1	4
12705	C	ATCTT	5	12703	12707	ATCCT	12904	12908	1	4
12705	C	CATCT	5	12702	12706	CAACT	12915	12919	1	4
12705	C	CATCT	5	12702	12706	CTTCT	12943	12947	1	4
12705	C	TCTTC	5	12704	12708	CCTTC	12942	12946	1	4
12705	C	CTTCC	5	12705	12709	CTTCT	12943	12947	1	4
12705	C	TCATC	5	12701	12705	TCAGC	13006	13010	1	4
12705	C	TCTTC	5	12704	12708	TCTCC	13020	13024	1	4
12705	C	CTTCC	5	12705	12709	CTCCC	13033	13037	1	4
12705	C	TCATC	5	12701	12705	TCACC	13184	13188	1	4
12705	C	TCTTC	5	12704	12708	TGTTC	13193	13197	1	4
12705	C	TCTTC	5	12704	12708	TCTGC	13205	13209	1	4
12705	C	CTTCC	5	12705	12709	CTTAC	13213	13217	1	4
12705	C	TCATC	5	12701	12705	ACATC	13226	13230	1	4
12705	C	CATCT	5	12702	12706	CATCA	13227	13231	1	4
12705	C	ATCTT	5	12703	12707	ATCGT	13237	13241	1	4
12705	C	CATCT	5	12702	12706	CTTCT	13245	13249	1	4
12705	C	TCTTC	5	12704	12708	CCTTC	13244	13248	1	4
12705	C	TCTTC	5	12704	12708	TCTCC	13247	13251	1	4
12705	C	CTTCC	5	12705	12709	CTTCT	13245	13249	1	4
12705	C	TCTTC	5	12704	12708	ACTTC	13252	13256	1	4
12705	C	CTTCC	5	12705	12709	CTTCA	13253	13257	1	4
12705	C	TCATC	5	12701	12705	GCATC	13289	13293	1	4
12705	C	TCATC	5	12701	12705	TCAAC	13292	13296	1	4
12705	C	CATCT	5	12702	12706	CATCA	13290	13294	1	4
12705	C	CATCT	5	12702	12706	CACCT	13303	13307	1	4
12705	C	TCATC	5	12701	12705	TCTTC	13337	13341	1	4
12705	C	TCTTC	5	12704	12708	CCTTC	13334	13338	1	4
12705	C	TCATC	5	12701	12705	CCATC	13370	13374	1	4
12705	C	ATCTT	5	12703	12707	ACCTT	13382	13386	1	4
12705	C	CATCT	5	12702	12706	CCTCT	13435	13439	1	4
12705	C	TCATC	5	12701	12705	TCAAC	13444	13448	1	4
12705	C	TCTTC	5	12704	12708	ACTTC	13441	13445	1	4
12705	C	CTTCC	5	12705	12709	CTTCA	13442	13446	1	4
12705	C	CTTCC	5	12705	12709	CCTCC	13448	13452	1	4
12705	C	TCATC	5	12701	12705	TCCTC	13490	13494	1	4
12705	C	ATCTT	5	12703	12707	ACCTT	13485	13489	1	4
12705	C	TCTTC	5	12704	12708	TCCTC	13490	13494	1	4
12705	C	CTTCC	5	12705	12709	CTTTC	13487	13491	1	4
12705	C	TCTTC	5	12704	12708	TCTAC	13502	13506	1	4
12705	C	TCATC	5	12701	12705	TCATA	13540	13544	1	4
12705	C	CATCT	5	12702	12706	CATAT	13536	13540	1	4
12705	C	ATCTT	5	12703	12707	ATCAT	13539	13543	1	4
12705	C	CATCT	5	12702	12706	TATCT	13562	13566	1	4
12705	C	ATCTT	5	12703	12707	ATCTA	13563	13567	1	4
12705	C	TCTTC	5	12704	12708	TCATC	13574	13578	1	4
12705	C	CTTCC	5	12705	12709	CCTCC	13583	13587	1	4
12705	C	TCATC	5	12701	12705	TCAAC	13635	13639	1	4
12705	C	TCTTC	5	12704	12708	TATTC	13721	13725	1	4
12705	C	CATCT	5	12702	12706	CATTT	13749	13753	1	4
12705	C	CTTCC	5	12705	12709	TTTCC	13751	13755	1	4
12705	C	CATCT	5	12702	12706	CATCC	13760	13764	1	4
12705	C	CTTCC	5	12705	12709	CATCC	13760	13764	1	4
12705	C	CATCT	5	12702	12706	CTTCT	13828	13832	1	4
12705	C	TCTTC	5	12704	12708	ACTTC	13827	13831	1	4
12705	C	CTTCC	5	12705	12709	CTTCT	13828	13832	1	4
12705	C	ATCTT	5	12703	12707	AACTT	13865	13869	1	4
12705	C	TCTTC	5	12704	12708	TCTCC	13901	13905	1	4
12705	C	TCATC	5	12701	12705	GCATC	13928	13932	1	4
12705	C	CATCT	5	12702	12706	CATCA	13929	13933	1	4
12705	C	CATCT	5	12702	12706	TATCT	13951	13955	1	4
12705	C	ATCTT	5	12703	12707	ATCTA	13952	13956	1	4
12705	C	TCTTC	5	12704	12708	CCTTC	13959	13963	1	4
12705	C	CTTCC	5	12705	12709	CTGCC	13978	13982	1	4
12705	C	TCATC	5	12701	12705	CCATC	14057	14061	1	4
12705	C	CATCT	5	12702	12706	AATCT	14046	14050	1	4
12705	C	CATCT	5	12702	12706	CACCT	14052	14056	1	4
12705	C	CTTCC	5	12705	12709	CCTCC	14054	14058	1	4
12705	C	ATCTT	5	12703	12707	AACTT	14090	14094	1	4
12705	C	ATCTT	5	12703	12707	CTCTT	14103	14107	1	4
12705	C	TCTTC	5	12704	12708	TCCTC	14099	14103	1	4
12705	C	CATCT	5	12702	12706	AATCT	14164	14168	1	4
12705	C	ATCTT	5	12703	12707	ATCTC	14165	14169	1	4
12705	C	TCATC	5	12701	12705	TCAAC	14200	14204	1	4
12705	C	TCATC	5	12701	12705	TCAAC	14221	14225	1	4
12705	C	TCATC	5	12701	12705	TAATC	14231	14235	1	4
12705	C	TCATC	5	12701	12705	TCATA	14234	14238	1	4
12705	C	ATCTT	5	12703	12707	ATCAT	14233	14237	1	4
12705	C	TCATC	5	12701	12705	TCCTC	14261	14265	1	4
12705	C	CTTCC	5	12705	12709	CTCCC	14263	14267	1	4
12705	C	TCATC	5	12701	12705	TCAAC	14271	14275	1	4
12705	C	TCATC	5	12701	12705	TCATA	14291	14295	1	4
12705	C	CATCT	5	12702	12706	CCTCT	14283	14287	1	4
12705	C	TCTTC	5	12704	12708	TCTCC	14285	14289	1	4
12705	C	TCTTC	5	12704	12708	CCTTC	14288	14292	1	4
12705	C	TCATC	5	12701	12705	TCATA	14345	14349	1	4
12705	C	TCATC	5	12701	12705	TCACC	14355	14359	1	4
12705	C	ATCTT	5	12703	12707	CTCTT	14350	14354	1	4
12705	C	TCATC	5	12701	12705	CCATC	14379	14383	1	4
12705	C	CATCT	5	12702	12706	CATCG	14380	14384	1	4
12705	C	ATCTT	5	12703	12707	ATCCT	14370	14374	1	4
12705	C	CTTCC	5	12705	12709	CCTCC	14376	14380	1	4
12705	C	TCTTC	5	12704	12708	TCCTC	14444	14448	1	4
12705	C	TCATC	5	12701	12705	CCATC	14454	14458	1	4
12705	C	CATCT	5	12702	12706	CATCG	14455	14459	1	4
12705	C	TCATC	5	12701	12705	CCATC	14481	14485	1	4
12705	C	TCATC	5	12701	12705	TCATT	14484	14488	1	4
12705	C	CTTCC	5	12705	12709	ATTCC	14486	14490	1	4
12705	C	CATCT	5	12702	12706	CATAT	14521	14525	1	4
12705	C	CTTCC	5	12705	12709	CCTCC	14528	14532	1	4
12705	C	CTTCC	5	12705	12709	CTCCC	14529	14533	1	4
12705	C	TCATC	5	12701	12705	ACATC	14667	14671	1	4
12705	C	TCATC	5	12701	12705	TCATT	14670	14674	1	4
12705	C	TCTTC	5	12704	12708	TATTC	14674	14678	1	4
12705	C	TCATC	5	12701	12705	CCATC	14716	14720	1	4
12705	C	CTTCC	5	12705	12709	CCTCC	14806	14810	1	4
12705	C	CTTCC	5	12705	12709	CTCCC	14807	14811	1	4
12705	C	CATCT	5	12702	12706	CATCC	14817	14821	1	4
12705	C	CTTCC	5	12705	12709	CATCC	14817	14821	1	4
12705	C	CTTCC	5	12705	12709	CTTCG	14842	14846	1	4
12705	C	TCATC	5	12701	12705	TCACC	14880	14884	1	4
12705	C	TCTTC	5	12704	12708	TTTTC	14933	14937	1	4
12705	C	TCTTC	5	12704	12708	TCATC	14936	14940	1	4
12705	C	CATCT	5	12702	12706	CATCA	14950	14954	1	4
12705	C	CTTCC	5	12705	12709	CTTCA	14990	14994	1	4
12705	C	ATCTT	5	12703	12707	TTCTT	15014	15018	1	4
12705	C	TCTTC	5	12704	12708	TCTTT	15015	15019	1	4
12705	C	ATCTT	5	12703	12707	ATATT	15052	15056	1	4
12705	C	ATCTT	5	12703	12707	ATCAT	15061	15065	1	4
12705	C	TCTTC	5	12704	12708	TCTAC	15069	15073	1	4
12705	C	TCATC	5	12701	12705	ACATC	15087	15091	1	4
12705	C	CATCT	5	12702	12706	CATCG	15088	15092	1	4
12705	C	CATCT	5	12702	12706	CAACT	15111	15115	1	4
12705	C	CTTCC	5	12705	12709	CTTGC	15107	15111	1	4
12705	C	TCATC	5	12701	12705	TCATA	15129	15133	1	4
12705	C	TCTTC	5	12704	12708	CCTTC	15126	15130	1	4
12705	C	TCATC	5	12701	12705	TCCTC	15141	15145	1	4
12705	C	CTTCC	5	12705	12709	CTCCC	15143	15147	1	4
12705	C	TCATC	5	12701	12705	TCATT	15161	15165	1	4
12705	C	ATCTT	5	12703	12707	ATCAT	15160	15164	1	4
12705	C	ATCTT	5	12703	12707	AACTT	15188	15192	1	4
12705	C	TCATC	5	12701	12705	CCATC	15201	15205	1	4
12705	C	CATCT	5	12702	12706	CATCC	15202	15206	1	4
12705	C	CTTCC	5	12705	12709	CATCC	15202	15206	1	4
12705	C	CATCT	5	12702	12706	AATCT	15235	15239	1	4
12705	C	ATCTT	5	12703	12707	ATCTG	15236	15240	1	4
12705	C	ATCTT	5	12703	12707	TTCTT	15278	15282	1	4
12705	C	TCTTC	5	12704	12708	TCTTT	15279	15283	1	4
12705	C	ATCTT	5	12703	12707	ACCTT	15284	15288	1	4
12705	C	CTTCC	5	12705	12709	CTTTC	15286	15290	1	4
12705	C	TCATC	5	12701	12705	TCATT	15306	15310	1	4
12705	C	TCTTC	5	12704	12708	ACTTC	15291	15295	1	4
12705	C	TCTTC	5	12704	12708	CCTTC	15303	15307	1	4
12705	C	CATCT	5	12702	12706	CACCT	15332	15336	1	4
12705	C	ATCTT	5	12703	12707	TTCTT	15341	15345	1	4
12705	C	TCTTC	5	12704	12708	TATTC	15339	15343	1	4
12705	C	CTTCC	5	12705	12709	CCTCC	15381	15385	1	4
12705	C	CTTCC	5	12705	12709	CTCCC	15382	15386	1	4
12705	C	CTTCC	5	12705	12709	ATTCC	15387	15391	1	4
12705	C	CATCT	5	12702	12706	CTTCT	15452	15456	1	4
12705	C	TCTTC	5	12704	12708	TATTC	15477	15481	1	4
12705	C	CTTCC	5	12705	12709	CCTCC	15539	15543	1	4
12705	C	CTTCC	5	12705	12709	CTCCC	15540	15544	1	4
12705	C	CATCT	5	12702	12706	CATCA	15547	15551	1	4
12705	C	ATCTT	5	12703	12707	ATATT	15562	15566	1	4
12705	C	TCTTC	5	12704	12708	TATTC	15570	15574	1	4
12705	C	TCTTC	5	12704	12708	TCTCC	15586	15590	1	4
12705	C	CTTCC	5	12705	12709	CGTCC	15595	15599	1	4
12705	C	CTTCC	5	12705	12709	CTTGC	15620	15624	1	4
12705	C	TCATC	5	12701	12705	CCATC	15636	15640	1	4
12705	C	TCATC	5	12701	12705	TAATC	15654	15658	1	4
12705	C	CATCT	5	12702	12706	CATAT	15668	15672	1	4
12705	C	ATCTT	5	12703	12707	ATATT	15692	15696	1	4
12705	C	TCTTC	5	12704	12708	TCCTC	15741	15745	1	4
12705	C	CTTCC	5	12705	12709	CTACC	15778	15782	1	4
12705	C	TCATC	5	12701	12705	CCATC	15789	15793	1	4
12705	C	TCATC	5	12701	12705	TCATT	15792	15796	1	4
12705	C	TCATC	5	12701	12705	GCATC	15806	15810	1	4
12705	C	CATCT	5	12702	12706	CATCC	15807	15811	1	4
12705	C	CTTCC	5	12705	12709	CATCC	15807	15811	1	4
12705	C	TCTTC	5	12704	12708	ACTTC	15819	15823	1	4
12705	C	CTTCC	5	12705	12709	CTTCA	15820	15824	1	4
12705	C	ATCTT	5	12703	12707	ATCCT	15830	15834	1	4
12705	C	ATCTT	5	12703	12707	ATCCT	15836	15840	1	4
12705	C	CATCT	5	12702	12706	CAACT	15846	15850	1	4
12705	C	ATCTT	5	12703	12707	GTCTT	15915	15919	1	4
12705	C	TCTTC	5	12704	12708	TCTTG	15916	15920	1	4
12705	C	ATCTT	5	12703	12707	ACCTT	15937	15941	1	4
12705	C	ATCTT	5	12703	12707	GTCTT	15967	15971	1	4
12705	C	TCTTC	5	12704	12708	TCTTT	15968	15972	1	4
12705	C	TCTTC	5	12704	12708	TATTC	16015	16019	1	4
12705	C	TCATC	5	12701	12705	TCATG	16029	16033	1	4
12705	C	ATCTT	5	12703	12707	TTCTT	16024	16028	1	4
12705	C	TCTTC	5	12704	12708	TGTTC	16022	16026	1	4
12705	C	TCATC	5	12701	12705	TCAAC	16075	16079	1	4
12705	C	CATCT	5	12702	12706	CATCA	16073	16077	1	4
12705	C	CTTCC	5	12705	12709	CTGCC	16104	16108	1	4
12705	C	ATCTT	5	12703	12707	ATATT	16120	16124	1	4
12705	C	CATCT	5	12702	12706	CACCT	16148	16152	1	4
12705	C	CATCT	5	12702	12706	CATCA	16176	16180	1	4
12705	C	CTTCC	5	12705	12709	CCTCC	16187	16191	1	4
12705	C	CTTCC	5	12705	12709	CTCCC	16188	16192	1	4
12705	C	CTTCC	5	12705	12709	CTTAC	16197	16201	1	4
12705	C	TCATC	5	12701	12705	TCAAC	16217	16221	1	4
12705	C	CATCT	5	12702	12706	CATCA	16236	16240	1	4
12705	C	CATCT	5	12702	12706	CAACT	16245	16249	1	4
12705	C	CTTCC	5	12705	12709	CTACC	16287	16291	1	4
12705	C	CATCT	5	12702	12706	CATTT	16321	16325	1	4
12705	C	CATCT	5	12702	12706	CTTCT	16355	16359	1	4
12705	C	TCTTC	5	12704	12708	CCTTC	16354	16358	1	4
12705	C	CTTCC	5	12705	12709	CTTCT	16355	16359	1	4
12705	C	TCATC	5	12701	12705	CCATC	16403	16407	1	4
12705	C	TCATC	5	12701	12705	TCCTC	16406	16410	1	4
12705	C	TCTTC	5	12704	12708	TCTCC	16443	16447	1	4
12705	C	TCTTC	5	12704	12708	TCCTC	16445	16449	1	4
12705	C	TCTTC	5	12704	12708	ACTTC	16510	16514	1	4
12705	C	CTTCC	5	12705	12709	CTTCA	16511	16515	1	4
12705	C	TCATC	5	12701	12705	TCATA	16519	16523	1	4
12705	C	CTTCC	5	12705	12709	GTTCC	16543	16547	1	4
12705	C	TCATC	5	12701	12705	ACATC	16559	16563	1	4
12705	C	CATCT	5	12702	12706	CATCA	16560	16564	1	4
