pos	nuc	motif.seq	motif.length	motif.start	motif.end	repeat.seq	repeat.start	repeat.end	repeat.hamming.distance	effective.length
12705	T	ATCTACTCATTTTCCTAATT	20	12695	12714	ACCTACTCATGCACCTAATT	9029	9048	4	16
12705	T	CTACTCATTTTCCTAAT	17	12697	12713	ATAATCATTTTCCTTAT	7670	7686	3	14
12705	T	TACTCATTTTCCTAATT	17	12698	12714	TAATCATTTTCCTTATC	7671	7687	3	14
12705	T	ATTTTCCTAATTACCA	16	12703	12718	ATTATCCTAACTACTA	5094	5109	3	13
12705	T	TCTACTCATTTTCCTA	16	12696	12711	TCTACTGACTATCCTA	9117	9132	3	13
12705	T	CTCATTTTCCTAATTA	16	12700	12715	CTCATTTACATAAATA	10476	10491	3	13
12705	T	TCATTTTCCTAATTAC	16	12701	12716	TCACTCTCCTACTTAC	11931	11946	3	13
12705	T	CATTTTCCTAATTAC	15	12702	12716	TATTATCCTAACTAC	5093	5107	3	12
12705	T	TCTACTCATTTTCCT	15	12696	12710	CATAATCATTTTCCT	7669	7683	3	12
12705	T	TCATTTTCCTAATTA	15	12701	12715	TCATTTTCCTTATCT	7674	7688	3	12
12705	T	ACTCATTTTCCTAAT	15	12699	12713	AGTCATTCTCATAAT	11695	11709	3	12
12705	T	CTCATTTTCCTAATT	15	12700	12714	CTGACTTCCCTAATT	12370	12384	3	12
12705	T	ATTTTCCTAATTACC	15	12703	12717	ACTTCCCTAATTCCC	12373	12387	3	12
12705	T	AAATATCTACTCATT	15	12691	12705	AATTAACCACTCATT	14785	14799	3	12
12705	T	ATATCTACTCATT	13	12693	12705	ATTTCGACTCATT	10432	10444	2	11
12705	T	TCATTTTCCTAA	12	12701	12712	TCATTTCTCTAA	7279	7290	2	10
12705	T	ATTTTCCTAATT	12	12703	12714	ATTTTCATGATT	7308	7319	2	10
12705	T	TCATTTTCCT	10	12701	12710	TCATTTTCCT	7674	7683	0	10
12705	T	TCATTTTCCTAA	12	12701	12712	CCCTTTTCCTAA	7707	7718	2	10
12705	T	CATTTTCCTAAT	12	12702	12713	CCTTTTCCTAAC	7708	7719	2	10
12705	T	TCTACTCATTTT	12	12696	12707	TCTACTATTTTT	10873	10884	2	10
12705	T	CTACTCATTTTC	12	12697	12708	CTACTCACTCTC	11291	11302	2	10
12705	T	CTCATTTTCCTA	12	12700	12711	CTCATGTTCATA	12065	12076	2	10
12705	T	CTCATTTTCCTA	12	12700	12711	GTCACTTTCCTA	13813	13824	2	10
12705	T	TCATTTTCCTAA	12	12701	12712	TCACTTTCCTAG	13814	13825	2	10
12705	T	ATTTTCCTAATT	12	12703	12714	ATCTCCCTAATT	15851	15862	2	10
12705	T	CATTTTCCTAA	11	12702	12712	CATTTAACTAA	1518	1528	2	9
12705	T	TCTACTCATTT	11	12696	12706	CCTACGCATTT	1533	1543	2	9
12705	T	CTACTCATTTT	11	12697	12707	CTACGCATTTA	1534	1544	2	9
12705	T	CATTTTCCTAA	11	12702	12712	CATTTACCCAA	1726	1736	2	9
12705	T	TCTACTCATTT	11	12696	12706	TATACTCAATT	2885	2895	2	9
12705	T	CTACTCATTTT	11	12697	12707	CTCCTCATTGT	3328	3338	2	9
12705	T	TCATTTTCCTA	11	12701	12711	TCATTCTACTA	3749	3759	2	9
12705	T	CTACTCATTTT	11	12697	12707	CTACTCAACTT	5121	5131	2	9
12705	T	TACTCATTTTC	11	12698	12708	TACTTAATTTC	5567	5577	2	9
12705	T	ATCTACTCATT	11	12695	12705	ATCTTCTCCTT	6342	6352	2	9
12705	T	ACTCATTTTCC	11	12699	12709	ACTGATTTCCC	7087	7097	2	9
12705	T	TACTCATTTTC	11	12698	12708	TAATAATTTTC	7303	7313	2	9
12705	T	TTTTCCTAA	9	12704	12712	TTTTCCTAA	7710	7718	0	9
12705	T	TTTTCCTAATT	11	12704	12714	TTTTCCTAACA	7710	7720	2	9
12705	T	CTACTCATTTT	11	12697	12707	TTAATCATTTT	8749	8759	2	9
12705	T	TACTCATTTTC	11	12698	12708	TAATCATTTTT	8750	8760	2	9
12705	T	TACTCATTTTC	11	12698	12708	CACTCATTTAC	8794	8804	2	9
12705	T	ACTCATTTTCC	11	12699	12709	ACTCATTTACA	8795	8805	2	9
12705	T	CTACTCATT	9	12697	12705	CTACTCATT	8971	8979	0	9
12705	T	ATCTACTCATT	11	12695	12705	GCCTACTCATT	8969	8979	2	9
12705	T	TCTACTCATTT	11	12696	12706	CCTACTCATTC	8970	8980	2	9
12705	T	CTACTCATTTT	11	12697	12707	CTACTCATTCA	8971	8981	2	9
12705	T	TTTCCTAATTA	11	12705	12715	TTTCCTCACTA	9845	9855	2	9
12705	T	ATTTTCCTAAT	11	12703	12713	ATTTTAATAAT	10074	10084	2	9
12705	T	TCATTTTCCTA	11	12701	12711	TCATCATCCTA	10342	10352	2	9
12705	T	TCTACTCATTT	11	12696	12706	TCGACTCATTA	10435	10445	2	9
12705	T	ATTTTCCTAAT	11	12703	12713	ATTTACCAAAT	10461	10471	2	9
12705	T	CTACTCATTTT	11	12697	12707	CTAATCATATT	11102	11112	2	9
12705	T	TACTCATTTTC	11	12698	12708	CACTCATTCTC	11499	11509	2	9
12705	T	ACTCATTTTCC	11	12699	12709	ACTCATTCTCA	11500	11510	2	9
12705	T	TCTACTCATTT	11	12696	12706	TCTACATATTT	11982	11992	2	9
12705	T	CTCATTTTCCT	11	12700	12710	CCCATTCTCCT	12086	12096	2	9
12705	T	TCATTTTCCTA	11	12701	12711	TCATGTGCCTA	12497	12507	2	9
12705	T	TCATTTTCCTA	11	12701	12711	TCAGCTTCCTA	14302	14312	2	9
12705	T	TCATTTTCCTA	11	12701	12711	TCATTTCTCTA	15062	15072	2	9
12705	T	ATCTACTCATT	11	12695	12705	ACCTCCTCATT	15738	15748	2	9
12705	T	CTACTCATTTT	11	12697	12707	CTCCTCATTCT	15740	15750	2	9
12705	T	CTCATTTTCC	10	12700	12709	ATTATTTTCC	448	457	2	8
12705	T	TCATTTTCCT	10	12701	12710	TTATTTTCCC	449	458	2	8
12705	T	CTACTCATTT	10	12697	12706	CTACTAATCT	473	482	2	8
12705	T	TCATTTTCCT	10	12701	12710	TCAATTTCGT	879	888	2	8
12705	T	TCATTTTCCT	10	12701	12710	TCATATCCCT	1184	1193	2	8
12705	T	TCATTTTCCT	10	12701	12710	ACATTCTCCT	2321	2330	2	8
12705	T	CATTTTCCTA	10	12702	12711	CATTCTCCTC	2322	2331	2	8
12705	T	TACTCATTTT	10	12698	12707	TACTCAATTG	2887	2896	2	8
12705	T	TCATTTTCCT	10	12701	12710	TCAAATTCCT	3109	3118	2	8
12705	T	TCTACTCATT	10	12696	12705	ACTCCTCATT	3327	3336	2	8
12705	T	TCTACTCATT	10	12696	12705	TGTACCCATT	3336	3345	2	8
12705	T	TACTCATTTT	10	12698	12707	TACCCATTCT	3338	3347	2	8
12705	T	CTCATTTTCC	10	12700	12709	CTCATTGTAC	3331	3340	2	8
12705	T	TTTTCCTAAT	10	12704	12713	CATTCCTAAT	3359	3368	2	8
12705	T	TTTCCTAATT	10	12705	12714	ATTCCTAATG	3360	3369	2	8
12705	T	TCTACTCATT	10	12696	12705	TTTACTCAAT	3644	3653	2	8
12705	T	CATTTTCCTA	10	12702	12711	AATCTTCCTA	4026	4035	2	8
12705	T	ATTTTCCTAA	10	12703	12712	ATCTTCCTAG	4027	4036	2	8
12705	T	TACTCATTTT	10	12698	12707	CACTGATTTT	4542	4551	2	8
12705	T	ACTCATTTTC	10	12699	12708	ACTGATTTTT	4543	4552	2	8
12705	T	TACTCATTTT	10	12698	12707	TACTCATCAT	4746	4755	2	8
12705	T	TCTACTCATT	10	12696	12705	TCTCCTCACT	4928	4937	2	8
12705	T	CTACTCATTT	10	12697	12706	CTCCTCAATT	5012	5021	2	8
12705	T	CTCATTTTCC	10	12700	12709	CTCAATTACC	5015	5024	2	8
12705	T	TTTCCTAATT	10	12705	12714	ATTCTTAATT	5073	5082	2	8
12705	T	CTCATTTTCC	10	12700	12709	CTCATCATCC	5295	5304	2	8
12705	T	TTTTCCTAAT	10	12704	12713	TTATACTAAT	5494	5503	2	8
12705	T	ACTCATTTTC	10	12699	12708	ACTGATGTTC	5900	5909	2	8
12705	T	TTTTCCTAAT	10	12704	12713	TTCCCCTAAT	6151	6160	2	8
12705	T	TCATTTTCCT	10	12701	12710	TCAATTTCAT	6388	6397	2	8
12705	T	TACTCATTTT	10	12698	12707	TTCTGATTTT	6606	6615	2	8
12705	T	CTCATTTTCC	10	12700	12709	CTGATTTTTC	6608	6617	2	8
12705	T	TCATTTTCCT	10	12701	12710	TCATCTTTCT	6934	6943	2	8
12705	T	CATTTTCCTA	10	12702	12711	CATTTCACTA	7140	7149	2	8
12705	T	TCATTTTCCT	10	12701	12710	TCATATTCAT	7150	7159	2	8
12705	T	TCATTTTCCT	10	12701	12710	TAATTTTCAT	7306	7315	2	8
12705	T	TTTCCTAATT	10	12705	12714	TTTCATAACT	7536	7545	2	8
12705	T	CATTTTCCTA	10	12702	12711	CATCATCCTA	7795	7804	2	8
12705	T	ACTCATTTTC	10	12699	12708	ACTAATCTTC	7930	7939	2	8
12705	T	CATTTTCCTA	10	12702	12711	CATCGTCCTA	8209	8218	2	8
12705	T	ATTTTCCTAA	10	12703	12712	ATTCCCCTAA	8225	8234	2	8
12705	T	TTTTCCTAAT	10	12704	12713	TATTCCTCAT	8424	8433	2	8
12705	T	TCATTTTCCT	10	12701	12710	TCATTTTTAT	8753	8762	2	8
12705	T	ACTCATTT	8	12699	12706	ACTCATTT	8795	8802	0	8
12705	T	CTACTCATTT	10	12697	12706	TCACTCATTT	8793	8802	2	8
12705	T	ATTTTCCTAA	10	12703	12712	ATTTTTCTGA	9494	9503	2	8
12705	T	ATTTTCCTAA	10	12703	12712	ACTTTCCTCA	9843	9852	2	8
12705	T	CTACTCATTT	10	12697	12706	TTACTCTTTT	9989	9998	2	8
12705	T	TACTCATTTT	10	12698	12707	TACTCTTTTA	9990	9999	2	8
12705	T	CTCATTTTCC	10	12700	12709	CTCCTTTTAC	10269	10278	2	8
12705	T	TACTCATTTT	10	12698	12707	TAATCATATT	10454	10463	2	8
12705	T	CTACTCATTT	10	12697	12706	CCCCTCATTT	10473	10482	2	8
12705	T	ACTCATTTTC	10	12699	12708	CCTCATTTAC	10475	10484	2	8
12705	T	CTCATTTTCC	10	12700	12709	CTCAATCTCC	10706	10715	2	8
12705	T	ATTTTCCTAA	10	12703	12712	ACTTTCCAAA	10807	10816	2	8
12705	T	TCATTTTCCT	10	12701	12710	ACCTTTTCCT	10922	10931	2	8
12705	T	CATTTTCCTA	10	12702	12711	CCTTTTCCTC	10923	10932	2	8
12705	T	TCTACTCATT	10	12696	12705	CCTACTCATC	11236	11245	2	8
12705	T	CTACTCATTT	10	12697	12706	CTACTCATCG	11237	11246	2	8
12705	T	ACTCATTTTC	10	12699	12708	ACTAATTTAC	11248	11257	2	8
12705	T	TCTACTCATT	10	12696	12705	ACTACTCACT	11290	11299	2	8
12705	T	CATTTTCCTA	10	12702	12711	CATTCTACTA	11284	11293	2	8
12705	T	CATTTTCCTA	10	12702	12711	CATCTGCCTA	11581	11590	2	8
12705	T	TCATTTTCCT	10	12701	12710	TCATAATCCT	11781	11790	2	8
12705	T	TTTTCCTAAT	10	12704	12713	TTCTCCTGAT	11915	11924	2	8
12705	T	ACTCATTTTC	10	12699	12708	CCTCATGTTC	12064	12073	2	8
12705	T	CATTTTCCTA	10	12702	12711	CATTCTCCTC	12088	12097	2	8
12705	T	TTTTCCTAAT	10	12704	12713	TTTTCCTCTT	12128	12137	2	8
12705	T	CTCATTTTCC	10	12700	12709	CTTATTTACC	12197	12206	2	8
12705	T	TACTCATTTT	10	12698	12707	TACTAATCTT	12719	12728	2	8
12705	T	TACTCATTTT	10	12698	12707	TGCACATTTT	13888	13897	2	8
12705	T	TTTTCCTAAT	10	12704	12713	TACTCCTAAT	14132	14141	2	8
12705	T	TCATTTTCCT	10	12701	12710	TCATTATTCT	14670	14679	2	8
12705	T	CTACTCATTT	10	12697	12706	CCACTCATTC	14791	14800	2	8
12705	T	CATTTTCCTA	10	12702	12711	CCTCTTCCTA	15025	15034	2	8
12705	T	TCTACTCATT	10	12696	12705	TCTACTCAGA	15069	15078	2	8
12705	T	TCATTTTCCT	10	12701	12710	GCATTATCCT	15093	15102	2	8
12705	T	CATTTTCCTA	10	12702	12711	CATTATCCTC	15094	15103	2	8
12705	T	TCTACTCATT	10	12696	12705	GCTACTCAGT	15246	15255	2	8
12705	T	CTACTCATTT	10	12697	12706	CTACTCAGTA	15247	15256	2	8
12705	T	TTTTCCTAAT	10	12704	12713	ATTTCCTATT	15564	15573	2	8
12705	T	TTTCCTAATT	10	12705	12714	TTTCCTATTC	15565	15574	2	8
12705	T	CTACTCATTT	10	12697	12706	CTACACAATT	15577	15586	2	8
12705	T	CTACTCATTT	10	12697	12706	CTACCCTTTT	15778	15787	2	8
12705	T	TTTTCCTAAT	10	12704	12713	TAATCCTAAT	15834	15843	2	8
12705	T	CATTTTCCTA	10	12702	12711	CTTTTTCCAA	15939	15948	2	8
12705	T	TTTCCTAATT	10	12705	12714	GTTCCTACTT	16504	16513	2	8
12705	T	ATTTTCCT	8	12703	12710	ATTTTCGT	56	63	1	7
12705	T	CATTTTCC	8	12702	12709	CACTTTCC	262	269	1	7
12705	T	ATTTTCC	7	12703	12709	ATTTTCC	451	457	0	7
12705	T	CATTTTC	7	12702	12708	CATTTTC	1366	1372	0	7
12705	T	TCATTTTC	8	12701	12708	ACATTTTC	1365	1372	1	7
12705	T	CATTTTCC	8	12702	12709	CATTTTCT	1366	1373	1	7
12705	T	TACTCATT	8	12698	12705	TACCCATT	4226	4233	1	7
12705	T	TACTCATT	8	12698	12705	TACTAATT	4465	4472	1	7
12705	T	TTTCCTAA	8	12705	12712	TTTCCTCA	4646	4653	1	7
12705	T	CATTTTCC	8	12702	12709	CATTTTAC	5883	5890	1	7
12705	T	TTTTCCTA	8	12704	12711	TTCTCCTA	6487	6494	1	7
12705	T	TTTTCCTA	8	12704	12711	TTATCCTA	6640	6647	1	7
12705	T	ACTCATTT	8	12699	12706	ATTCATTT	7277	7284	1	7
12705	T	TTTTCCTA	8	12704	12711	TATTCCTA	7962	7969	1	7
12705	T	TACTCATT	8	12698	12705	TACTCCTT	8412	8419	1	7
12705	T	TCATTTT	7	12701	12707	TCATTTT	8753	8759	0	7
12705	T	TCATTTTC	8	12701	12708	TCATCTTC	9098	9105	1	7
12705	T	ATTTTCCT	8	12703	12710	ATTTTACT	9705	9712	1	7
12705	T	ACTCATT	7	12699	12705	ACTCATT	10438	10444	0	7
12705	T	CTCATTT	7	12700	12706	CTCATTT	10476	10482	0	7
12705	T	CATTTTCC	8	12702	12709	CATTTACC	10501	10508	1	7
12705	T	TTTTCCT	7	12704	12710	TTTTCCT	10925	10931	0	7
12705	T	ACTCATT	7	12699	12705	ACTCATT	11500	11506	0	7
12705	T	TACTCATT	8	12698	12705	TCCTCATT	11726	11733	1	7
12705	T	TTTTCCT	7	12704	12710	TTTTCCT	12128	12134	0	7
12705	T	ATTTTCCT	8	12703	12710	GTTTTCCT	12127	12134	1	7
12705	T	TTTTCCTA	8	12704	12711	TTATCCTA	12902	12909	1	7
12705	T	TACTCATT	8	12698	12705	TACTCATC	13112	13119	1	7
12705	T	TTTCCTAA	8	12705	12712	TTTCCTCA	13488	13495	1	7
12705	T	TACTCATT	8	12698	12705	TTCTCATT	13733	13740	1	7
12705	T	CATTTTCC	8	12702	12709	CATTTCCC	13749	13756	1	7
12705	T	TTTCCTA	7	12705	12711	TTTCCTA	13818	13824	0	7
12705	T	TTTCCTAA	8	12705	12712	TTACCTAA	14020	14027	1	7
12705	T	TACTCATT	8	12698	12705	TACTCTTT	14348	14355	1	7
12705	T	ACTCATT	7	12699	12705	ACTCATT	14793	14799	0	7
12705	T	TTTTCCTA	8	12704	12711	TATTCCTA	14892	14899	1	7
12705	T	TTTCCTA	7	12705	12711	TTTCCTA	15565	15571	0	7
12705	T	CATTTTCC	8	12702	12709	CATTTACC	16321	16328	1	7
12705	T	ATTTTC	6	12703	12708	ATTTTC	56	61	0	6
12705	T	CATTTTC	7	12702	12708	TATTTTC	55	61	1	6
12705	T	ATTTTCC	7	12703	12709	AATTTCC	290	296	1	6
12705	T	ACTCATT	7	12699	12705	ACACATT	444	450	1	6
12705	T	CATTTTC	7	12702	12708	CATCTTC	1265	1271	1	6
12705	T	TTTCCTA	7	12705	12711	TTTTCTA	1368	1374	1	6
12705	T	ATTTTCC	7	12703	12709	ATTTGCC	2052	2058	1	6
12705	T	ACTCATT	7	12699	12705	AGTCATT	2402	2408	1	6
12705	T	TCATTTT	7	12701	12707	TCATTAT	2404	2410	1	6
12705	T	TTTTCCT	7	12704	12710	TGTTCCT	2607	2613	1	6
12705	T	CTCATT	6	12700	12705	CTCATT	3331	3336	0	6
12705	T	CTCATTT	7	12700	12706	CTCATAT	3726	3732	1	6
12705	T	CTCATTT	7	12700	12706	CTCCTTT	3780	3786	1	6
12705	T	ACTCATT	7	12699	12705	ACTCATA	4158	4164	1	6
12705	T	TTTCCTA	7	12705	12711	CTTCCTA	4182	4188	1	6
12705	T	CTCATTT	7	12700	12706	CTTATTT	4322	4328	1	6
12705	T	ATTTTCC	7	12703	12709	ATTCTCC	4369	4375	1	6
12705	T	ACTCATT	7	12699	12705	ACTCATC	4520	4526	1	6
12705	T	TTTTCCT	7	12704	12710	TTTACCT	4551	4557	1	6
12705	T	TTTCCT	6	12705	12710	TTTCCT	4646	4651	0	6
12705	T	TTTTCCT	7	12704	12710	ATTTCCT	4645	4651	1	6
12705	T	TTTTCCT	7	12704	12710	TTCTCCT	4927	4933	1	6
12705	T	TTTCCTA	7	12705	12711	ATTCCTA	5114	5120	1	6
12705	T	CATTTTC	7	12702	12708	CATTATC	5264	5270	1	6
12705	T	ACTCATT	7	12699	12705	ACTCATC	5453	5459	1	6
12705	T	CATTTT	6	12702	12707	CATTTT	5883	5888	0	6
12705	T	TCATTTT	7	12701	12707	CCATTTT	5882	5888	1	6
12705	T	TTTTCCT	7	12704	12710	TTTACCT	5886	5892	1	6
12705	T	TTTCCTA	7	12705	12711	TCTCCTA	6227	6233	1	6
12705	T	CATTTTC	7	12702	12708	CATCTTC	6341	6347	1	6
12705	T	TTTTCCT	7	12704	12710	TTCTCCT	6345	6351	1	6
12705	T	TTTCCTA	7	12705	12711	CTTCCTA	6746	6752	1	6
12705	T	ACTCATT	7	12699	12705	ACTCATC	6982	6988	1	6
12705	T	TTTCCTA	7	12705	12711	TGTCCTA	7040	7046	1	6
12705	T	ATTTTCC	7	12703	12709	ATTTGCC	7061	7067	1	6
12705	T	CATTTTC	7	12702	12708	CACTTTC	7188	7194	1	6
12705	T	CTCATT	6	12700	12705	CTCATT	7274	7279	0	6
12705	T	TCATTT	6	12701	12706	TCATTT	7279	7284	0	6
12705	T	ACTCATT	7	12699	12705	GCTCATT	7273	7279	1	6
12705	T	CTCATTT	7	12700	12706	CTCATTC	7274	7280	1	6
12705	T	ATTTTC	6	12703	12708	ATTTTC	7308	7313	0	6
12705	T	ACTCATT	7	12699	12705	ACACATT	7411	7417	1	6
12705	T	CATTTTC	7	12702	12708	CTTTTTC	7508	7514	1	6
12705	T	TTTCCTA	7	12705	12711	CTTCCTA	7690	7696	1	6
12705	T	ACTCATT	7	12699	12705	ACTCCTT	7987	7993	1	6
12705	T	ACTCATT	7	12699	12705	ACTCATG	8067	8073	1	6
12705	T	CATTTTC	7	12702	12708	CACTTTC	8131	8137	1	6
12705	T	CATTTTC	7	12702	12708	CAGTTTC	8197	8203	1	6
12705	T	ATTTTCC	7	12703	12709	ATTTACC	8257	8263	1	6
12705	T	ACTCATT	7	12699	12705	ATTCATT	8550	8556	1	6
12705	T	TCATTTT	7	12701	12707	TCATTCT	8594	8600	1	6
12705	T	ATTTTCC	7	12703	12709	ATTTCCC	8601	8607	1	6
12705	T	CATTTTC	7	12702	12708	CGTTTTC	9162	9168	1	6
12705	T	TTTTCCT	7	12704	12710	TTTTTCT	9480	9486	1	6
12705	T	TTTTCCT	7	12704	12710	TTTTCTT	9481	9487	1	6
12705	T	ATTTTCC	7	12703	12709	ATTTTAC	9721	9727	1	6
12705	T	CATTTTC	7	12702	12708	CATTTCC	9767	9773	1	6
12705	T	TTTCCTA	7	12705	12711	TTTCCGA	9769	9775	1	6
12705	T	CATTTT	6	12702	12707	CATTTT	9793	9798	0	6
12705	T	TCATTTT	7	12701	12707	ACATTTT	9792	9798	1	6
12705	T	CATTTTC	7	12702	12708	CATTTTT	9793	9799	1	6
12705	T	TCATTTT	7	12701	12707	TCATTAT	9829	9835	1	6
12705	T	TTTCCT	6	12705	12710	TTTCCT	9845	9850	0	6
12705	T	TCATTTT	7	12701	12707	TCACTTT	9881	9887	1	6
12705	T	TCATTTT	7	12701	12707	TCACTTT	9899	9905	1	6
12705	T	CATTTT	6	12702	12707	CATTTT	9933	9938	0	6
12705	T	TCATTTT	7	12701	12707	GCATTTT	9932	9938	1	6
12705	T	CATTTTC	7	12702	12708	CATTTTG	9933	9939	1	6
12705	T	TCATTTT	7	12701	12707	TAATTTT	10072	10078	1	6
12705	T	CATTTT	6	12702	12707	CATTTT	10120	10125	0	6
12705	T	TCATTTT	7	12701	12707	ACATTTT	10119	10125	1	6
12705	T	CATTTTC	7	12702	12708	CATTTTG	10120	10126	1	6
12705	T	CTCATTT	7	12700	12706	CTCACTT	10511	10517	1	6
12705	T	CTCATTT	7	12700	12706	CTCATAT	10545	10551	1	6
12705	T	TCATTTT	7	12701	12707	TCATTAT	10591	10597	1	6
12705	T	TTTCCTA	7	12705	12711	CTTCCTA	11203	11209	1	6
12705	T	CTCATT	6	12700	12705	CTCATT	11612	11617	0	6
12705	T	ACTCATT	7	12699	12705	GCTCATT	11611	11617	1	6
12705	T	CTCATTT	7	12700	12706	CTCATTG	11612	11618	1	6
12705	T	CATTTTC	7	12702	12708	CATTCTC	11659	11665	1	6
12705	T	CTCATT	6	12700	12705	CTCATT	11728	11733	0	6
12705	T	CTCATTT	7	12700	12706	CTCATTA	11728	11734	1	6
12705	T	ATTTTCC	7	12703	12709	ATTTACC	11989	11995	1	6
12705	T	CTCATT	6	12700	12705	CTCATT	12043	12048	0	6
12705	T	ACTCATT	7	12699	12705	CCTCATT	12042	12048	1	6
12705	T	CTCATTT	7	12700	12706	CTCATTC	12043	12049	1	6
12705	T	ACTCATT	7	12699	12705	ACTCATG	12230	12236	1	6
12705	T	ACTCATT	7	12699	12705	ACTCATA	12425	12431	1	6
12705	T	CATTTTC	7	12702	12708	CATTGTC	12450	12456	1	6
12705	T	ACTCATT	7	12699	12705	ACTCATG	12917	12923	1	6
12705	T	ACTCATT	7	12699	12705	ACTCATA	13269	13275	1	6
12705	T	CTCATTT	7	12700	12706	CTCACTT	13438	13444	1	6
12705	T	TTTCCT	6	12705	12710	TTTCCT	13488	13493	0	6
12705	T	TTTTCCT	7	12704	12710	CTTTCCT	13487	13493	1	6
12705	T	CTCATT	6	12700	12705	CTCATT	13735	13740	0	6
12705	T	CTCATTT	7	12700	12706	CTCATTA	13735	13741	1	6
12705	T	CATTTT	6	12702	12707	CATTTT	13892	13897	0	6
12705	T	CATTTTC	7	12702	12708	CATTTTA	13892	13898	1	6
12705	T	CATTTTC	7	12702	12708	CAATTTC	14030	14036	1	6
12705	T	ACTCATT	7	12699	12705	ACTCATC	14118	14124	1	6
12705	T	CTCATTT	7	12700	12706	CTCAATT	14167	14173	1	6
12705	T	ACTCATT	7	12699	12705	ACTCCTT	14851	14857	1	6
12705	T	CATTTTC	7	12702	12708	CCTTTTC	14931	14937	1	6
12705	T	TTTTCCT	7	12704	12710	TTTTCAT	14933	14939	1	6
12705	T	TCATTT	6	12701	12706	TCATTT	15062	15067	0	6
12705	T	CTCATTT	7	12700	12706	ATCATTT	15061	15067	1	6
12705	T	TCATTTT	7	12701	12707	TCATTCT	15161	15167	1	6
12705	T	TCATTTT	7	12701	12707	TCATCTT	15294	15300	1	6
12705	T	TTTTCCT	7	12704	12710	TTTACCT	15281	15287	1	6
12705	T	TCATTTT	7	12701	12707	TCATTAT	15306	15312	1	6
12705	T	TTTTCCT	7	12704	12710	TCTTCCT	15447	15453	1	6
12705	T	ATTTTCC	7	12703	12709	ATTCTCC	15584	15590	1	6
12705	T	TCATTTT	7	12701	12707	TCACTTT	15713	15719	1	6
12705	T	CTCATT	6	12700	12705	CTCATT	15743	15748	0	6
12705	T	TTTTCC	6	12704	12709	TTTTCC	15941	15946	0	6
12705	T	CTCATTT	7	12700	12706	CTAATTT	16004	16010	1	6
12705	T	TTTCCTA	7	12705	12711	TTTCGTA	16092	16098	1	6
12705	T	CATTT	5	12702	12706	CATTT	48	52	0	5
12705	T	TCATTT	6	12701	12706	GCATTT	47	52	1	5
12705	T	CATTTT	6	12702	12707	CATTTG	48	53	1	5
12705	T	TTTCCT	6	12705	12710	ATTCCT	137	142	1	5
12705	T	CTCATT	6	12700	12705	CTCATC	145	150	1	5
12705	T	TCATTT	6	12701	12706	TTATTT	154	159	1	5
12705	T	TTTCC	5	12705	12709	TTTCC	265	269	0	5
12705	T	TTTCCT	6	12705	12710	TTTCCA	265	270	1	5
12705	T	TTTCC	5	12705	12709	TTTCC	292	296	0	5
12705	T	TTTCCT	6	12705	12710	TTTCCA	292	297	1	5
12705	T	ATTTT	5	12703	12707	ATTTT	397	401	0	5
12705	T	TCATTT	6	12701	12706	TCTTTT	403	408	1	5
12705	T	CATTTT	6	12702	12707	AATTTT	396	401	1	5
12705	T	ATTTTC	6	12703	12708	ATTTTA	397	402	1	5
12705	T	CATTTT	6	12702	12707	CACTTT	418	423	1	5
12705	T	CATTTT	6	12702	12707	CATTAT	447	452	1	5
12705	T	CTCATT	6	12700	12705	CTCATC	481	486	1	5
12705	T	CATTTT	6	12702	12707	CAGTTT	575	580	1	5
12705	T	TTTCCT	6	12705	12710	TTACCT	588	593	1	5
12705	T	CATTT	5	12702	12706	CATTT	1518	1522	0	5
12705	T	TCATTT	6	12701	12706	ACATTT	1517	1522	1	5
12705	T	CATTT	5	12702	12706	CATTT	1539	1543	0	5
12705	T	CATTT	5	12702	12706	CATTT	1726	1730	0	5
12705	T	TCATTT	6	12701	12706	CCATTT	1725	1730	1	5
12705	T	TTTTCC	6	12704	12709	TTGTCC	2020	2025	1	5
12705	T	CTCATT	6	12700	12705	CTCTTT	2114	2119	1	5
12705	T	TCATT	5	12701	12705	TCATT	2404	2408	0	5
12705	T	CTCATT	6	12700	12705	CTCACT	2415	2420	1	5
12705	T	CTCATT	6	12700	12705	CTCATA	2441	2446	1	5
12705	T	TTTTCC	6	12704	12709	TTTACC	2497	2502	1	5
12705	T	CATTTT	6	12702	12707	CATGTT	2557	2562	1	5
12705	T	TCATTT	6	12701	12706	TCACTT	2602	2607	1	5
12705	T	TCATTT	6	12701	12706	TAATTT	2739	2744	1	5
12705	T	ATTTTC	6	12703	12708	AATTTC	2804	2809	1	5
12705	T	TCATTT	6	12701	12706	TCGTTT	3034	3039	1	5
12705	T	TCATTT	6	12701	12706	TCATCT	3183	3188	1	5
12705	T	TCATTT	6	12701	12706	TCAATT	3286	3291	1	5
12705	T	TTTCCT	6	12705	12710	ATTCCT	3289	3294	1	5
12705	T	TTTCCT	6	12705	12710	TTTACT	3644	3649	1	5
12705	T	TCATT	5	12701	12705	TCATT	3749	3753	0	5
12705	T	CTCATT	6	12700	12705	ATCATT	3748	3753	1	5
12705	T	CTCATT	6	12700	12705	CTGATT	3822	3827	1	5
12705	T	TCATTT	6	12701	12706	TGATTT	3859	3864	1	5
12705	T	CATTTT	6	12702	12707	CATTAT	3996	4001	1	5
12705	T	ATTTT	5	12703	12707	ATTTT	4079	4083	0	5
12705	T	CATTTT	6	12702	12707	CATATT	4076	4081	1	5
12705	T	CATTTT	6	12702	12707	TATTTT	4078	4083	1	5
12705	T	ATTTTC	6	12703	12708	ATTTTG	4079	4084	1	5
12705	T	TCATTT	6	12701	12706	TCATCT	4492	4497	1	5
12705	T	CATTTT	6	12702	12707	CATCTT	4505	4510	1	5
12705	T	ATTTT	5	12703	12707	ATTTT	4547	4551	0	5
12705	T	TTTTCC	6	12704	12709	TTTTAC	4550	4555	1	5
12705	T	TTTTCC	6	12704	12709	TATTCC	4589	4594	1	5
12705	T	CTCATT	6	12700	12705	CTCGTT	4618	4623	1	5
12705	T	ATTTTC	6	12703	12708	ATTTCC	4645	4650	1	5
12705	T	TTTCCT	6	12705	12710	TATCCT	4688	4693	1	5
12705	T	TCATT	5	12701	12705	TCATT	4752	4756	0	5
12705	T	CTCATT	6	12700	12705	ATCATT	4751	4756	1	5
12705	T	TCATTT	6	12701	12706	TCATTA	4752	4757	1	5
12705	T	TCATTT	6	12701	12706	TCACTT	4802	4807	1	5
12705	T	CTCATT	6	12700	12705	CTCAAT	4886	4891	1	5
12705	T	TCATTT	6	12701	12706	TCATAT	4891	4896	1	5
12705	T	CTCATT	6	12700	12705	CTCACT	4910	4915	1	5
12705	T	CTCATT	6	12700	12705	CTCAAT	4940	4945	1	5
12705	T	TTTTCC	6	12704	12709	TTATCC	4947	4952	1	5
12705	T	TCATTT	6	12701	12706	TAATTT	5078	5083	1	5
12705	T	CATTTT	6	12702	12707	CATTCT	5072	5077	1	5
12705	T	CTCATT	6	12700	12705	CGCATT	5111	5116	1	5
12705	T	CATTTT	6	12702	12707	CTTTTT	5246	5251	1	5
12705	T	TTTTCC	6	12704	12709	TTTTGC	5248	5253	1	5
12705	T	TTTTCC	6	12704	12709	TTTGCC	5249	5254	1	5
12705	T	CTCATT	6	12700	12705	CTCCTT	5328	5333	1	5
12705	T	CTCATT	6	12700	12705	CTCAAT	5369	5374	1	5
12705	T	CATTTT	6	12702	12707	CAGTTT	5415	5420	1	5
12705	T	CTCATT	6	12700	12705	CCCATT	5438	5443	1	5
12705	T	TTTCCT	6	12705	12710	ATTCCT	5441	5446	1	5
12705	T	CATTTT	6	12702	12707	CCTTTT	5490	5495	1	5
12705	T	CTCATT	6	12700	12705	CTCAGT	5552	5557	1	5
12705	T	CATTTT	6	12702	12707	CACTTT	5633	5638	1	5
12705	T	TTTTCC	6	12704	12709	TTCTCC	5731	5736	1	5
12705	T	ATTTTC	6	12703	12708	ATTTGC	5793	5798	1	5
12705	T	ATTTTC	6	12703	12708	ATTTAC	5857	5862	1	5
12705	T	ATTTTC	6	12703	12708	ATTCTC	5924	5929	1	5
12705	T	CTCATT	6	12700	12705	CTCCTT	6006	6011	1	5
12705	T	CTCATT	6	12700	12705	CTTATT	6009	6014	1	5
12705	T	CATTT	5	12702	12706	CATTT	6088	6092	0	5
12705	T	TCATTT	6	12701	12706	GCATTT	6087	6092	1	5
12705	T	CATTTT	6	12702	12707	CATTTG	6088	6093	1	5
12705	T	ATTTTC	6	12703	12708	ATCTTC	6099	6104	1	5
12705	T	TTTCC	5	12705	12709	TTTCC	6183	6187	0	5
12705	T	TTTTCC	6	12704	12709	GTTTCC	6182	6187	1	5
12705	T	TTTTCC	6	12704	12709	TTTCCC	6183	6188	1	5
12705	T	TTTCCT	6	12705	12710	TTTCCC	6183	6188	1	5
12705	T	TTTCCT	6	12705	12710	TTACCT	6216	6221	1	5
12705	T	TTTCCT	6	12705	12710	TCTCCT	6367	6372	1	5
12705	T	ATTTTC	6	12703	12708	ATTATC	6405	6410	1	5
12705	T	CTCATT	6	12700	12705	CCCATT	6585	6590	1	5
12705	T	CATTTT	6	12702	12707	CATTCT	6587	6592	1	5
12705	T	ATTTT	5	12703	12707	ATTTT	6611	6615	0	5
12705	T	TTTTC	5	12704	12708	TTTTC	6613	6617	0	5
12705	T	TTTTCC	6	12704	12709	TTTTCG	6613	6618	1	5
12705	T	ATTTTC	6	12703	12708	ATATTC	6634	6639	1	5
12705	T	CATTTT	6	12702	12707	CATATT	6669	6674	1	5
12705	T	CATTT	5	12702	12706	CATTT	6703	6707	0	5
12705	T	TCATTT	6	12701	12706	CCATTT	6702	6707	1	5
12705	T	CATTTT	6	12702	12707	CATTTG	6703	6708	1	5
12705	T	TCATTT	6	12701	12706	TCAATT	6738	6743	1	5
12705	T	ATTTTC	6	12703	12708	ATTTAC	6779	6784	1	5
12705	T	CATTTT	6	12702	12707	CATATT	6811	6816	1	5
12705	T	TTTTC	5	12704	12708	TTTTC	6943	6947	0	5
12705	T	TCATTT	6	12701	12706	TCTTTT	6941	6946	1	5
12705	T	ATTTTC	6	12703	12708	CTTTTC	6942	6947	1	5
12705	T	TTTTCC	6	12704	12709	TTTTCA	6943	6948	1	5
12705	T	TTTCCT	6	12705	12710	TTTCTT	6939	6944	1	5
12705	T	CATTTT	6	12702	12707	CATTGT	6968	6973	1	5
12705	T	TCATT	5	12701	12705	TCATT	7081	7085	0	5
12705	T	TTTCC	5	12705	12709	TTTCC	7092	7096	0	5
12705	T	CTCATT	6	12700	12705	TTCATT	7080	7085	1	5
12705	T	TCATTT	6	12701	12706	TCATTC	7081	7086	1	5
12705	T	TTTCCT	6	12705	12710	TTTCCC	7092	7097	1	5
12705	T	ATTTTC	6	12703	12708	ATTCTC	7100	7105	1	5
12705	T	CATTT	5	12702	12706	CATTT	7140	7144	0	5
12705	T	TCATTT	6	12701	12706	CCATTT	7139	7144	1	5
12705	T	ATTTTC	6	12703	12708	ACTTTC	7173	7178	1	5
12705	T	TTTTCC	6	12704	12709	TCTTCC	7177	7182	1	5
12705	T	TTTCCT	6	12705	12710	TTTCTT	7175	7180	1	5
12705	T	TCATTT	6	12701	12706	TCATCT	7263	7268	1	5
12705	T	TCATTT	6	12701	12706	TGATTT	7315	7320	1	5
12705	T	TTTTC	5	12704	12708	TTTTC	7510	7514	0	5
12705	T	TTTTCC	6	12704	12709	TTTTTC	7509	7514	1	5
12705	T	TTTTCC	6	12704	12709	TTTTCA	7510	7515	1	5
12705	T	CATTT	5	12702	12706	CATTT	7534	7538	0	5
12705	T	TCATTT	6	12701	12706	CCATTT	7533	7538	1	5
12705	T	CATTTT	6	12702	12707	CATTTC	7534	7539	1	5
12705	T	TTTCCT	6	12705	12710	TTTCAT	7652	7657	1	5
12705	T	CTCATT	6	12700	12705	CTCATA	7667	7672	1	5
12705	T	TTTCCT	6	12705	12710	TATCCT	7783	7788	1	5
12705	T	CTCATT	6	12700	12705	CTCATC	7808	7813	1	5
12705	T	TCATTT	6	12701	12706	TCCTTT	7833	7838	1	5
12705	T	TCATTT	6	12701	12706	TCAATT	7880	7885	1	5
12705	T	CTCATT	6	12700	12705	CCCATT	7957	7962	1	5
12705	T	CATTTT	6	12702	12707	CATTAT	7959	7964	1	5
12705	T	CTCATT	6	12700	12705	CCCATT	8030	8035	1	5
12705	T	CTCATT	6	12700	12705	CACATT	8083	8088	1	5
12705	T	TTTCCT	6	12705	12710	TTTCAT	8200	8205	1	5
12705	T	CATTTT	6	12702	12707	CCTTTT	8320	8325	1	5
12705	T	CTCATT	6	12700	12705	CTCTTT	8352	8357	1	5
12705	T	CTCATT	6	12700	12705	CTCATC	8429	8434	1	5
12705	T	TCATT	5	12701	12705	TCATT	8548	8552	0	5
12705	T	TCATT	5	12701	12705	TCATT	8552	8556	0	5
12705	T	CTCATT	6	12700	12705	TTCATT	8547	8552	1	5
12705	T	TCATTT	6	12701	12706	TCATTC	8548	8553	1	5
12705	T	TCATTT	6	12701	12706	TCATTG	8552	8557	1	5
12705	T	TCATT	5	12701	12705	TCATT	8594	8598	0	5
12705	T	TTTCC	5	12705	12709	TTTCC	8602	8606	0	5
12705	T	CTCATT	6	12700	12705	ATCATT	8593	8598	1	5
12705	T	TTTCCT	6	12705	12710	TTTCCC	8602	8607	1	5
12705	T	CTCATT	6	12700	12705	CTCATC	8635	8640	1	5
12705	T	TTTCCT	6	12705	12710	TATCCT	8744	8749	1	5
12705	T	CTCATT	6	12700	12705	CTCACT	8792	8797	1	5
12705	T	TTTTCC	6	12704	12709	TTATCC	8936	8941	1	5
12705	T	ATTTTC	6	12703	12708	ATTATC	8953	8958	1	5
12705	T	TTTCCT	6	12705	12710	TTCCCT	9083	9088	1	5
12705	T	CTCATT	6	12700	12705	CTAATT	9112	9117	1	5
12705	T	TTTTC	5	12704	12708	TTTTC	9164	9168	0	5
12705	T	TTTTCC	6	12704	12709	TTTTCA	9164	9169	1	5
12705	T	TCATTT	6	12701	12706	TCATAT	9230	9235	1	5
12705	T	TCATTT	6	12701	12706	TGATTT	9306	9311	1	5
12705	T	TCATTT	6	12701	12706	TCACTT	9311	9316	1	5
12705	T	CTCATT	6	12700	12705	CTCATA	9333	9338	1	5
12705	T	TTTCCT	6	12705	12710	TTACCT	9466	9471	1	5
12705	T	TTTTC	5	12704	12708	TTTTC	9481	9485	0	5
12705	T	ATTTTC	6	12703	12708	TTTTTC	9480	9485	1	5
12705	T	ATTTT	5	12703	12707	ATTTT	9494	9498	0	5
12705	T	TTTTC	5	12704	12708	TTTTC	9496	9500	0	5
12705	T	CATTTT	6	12702	12707	GATTTT	9493	9498	1	5
12705	T	CATTTT	6	12702	12707	CCTTTT	9505	9510	1	5
12705	T	TTTTCC	6	12704	12709	TTTTAC	9507	9512	1	5
12705	T	TTTTCC	6	12704	12709	TTTACC	9508	9513	1	5
12705	T	CTCATT	6	12700	12705	CTTATT	9696	9701	1	5
12705	T	ATTTT	5	12703	12707	ATTTT	9705	9709	0	5
12705	T	CATTTT	6	12702	12707	CAATTT	9703	9708	1	5
12705	T	CATTTT	6	12702	12707	AATTTT	9704	9709	1	5
12705	T	ATTTT	5	12703	12707	ATTTT	9721	9725	0	5
12705	T	CATTTT	6	12702	12707	TATTTT	9720	9725	1	5
12705	T	TTTTCC	6	12704	12709	TTTACC	9723	9728	1	5
12705	T	CATTT	5	12702	12706	CATTT	9767	9771	0	5
12705	T	TTTCC	5	12705	12709	TTTCC	9769	9773	0	5
12705	T	TCATTT	6	12701	12706	CCATTT	9766	9771	1	5
12705	T	TTTTCC	6	12704	12709	ATTTCC	9768	9773	1	5
12705	T	TCATT	5	12701	12705	TCATT	9829	9833	0	5
12705	T	CTCATT	6	12700	12705	GTCATT	9828	9833	1	5
12705	T	CTCATT	6	12700	12705	CTCACT	9849	9854	1	5
12705	T	ATTTT	5	12703	12707	ATTTT	10074	10078	0	5
12705	T	TTTTCC	6	12704	12709	TTCTCC	10209	10214	1	5
12705	T	TTTCCT	6	12705	12710	TTACCT	10237	10242	1	5
12705	T	CTCATT	6	12700	12705	CTTATT	10244	10249	1	5
12705	T	TCATTT	6	12701	12706	TTATTT	10248	10253	1	5
12705	T	TTTTCC	6	12704	12709	TTTACC	10274	10279	1	5
12705	T	CTCATT	6	12700	12705	CTTATT	10334	10339	1	5
12705	T	TCATTT	6	12701	12706	TGATTT	10430	10435	1	5
12705	T	CATTT	5	12702	12706	CATTT	10501	10505	0	5
12705	T	TCATTT	6	12701	12706	GCATTT	10500	10505	1	5
12705	T	TTTCCT	6	12705	12710	TATCCT	10549	10554	1	5
12705	T	TCATT	5	12701	12705	TCATT	10591	10595	0	5
12705	T	CTCATT	6	12700	12705	TTCATT	10590	10595	1	5
12705	T	CTCATT	6	12700	12705	CTCATA	10605	10610	1	5
12705	T	TTTTCC	6	12704	12709	TTTGCC	10665	10670	1	5
12705	T	TTTCC	5	12705	12709	TTTCC	10809	10813	0	5
12705	T	TCATTT	6	12701	12706	TAATTT	10824	10829	1	5
12705	T	CTCATT	6	12700	12705	CTAATT	10853	10858	1	5
12705	T	ATTTT	5	12703	12707	ATTTT	10879	10883	0	5
12705	T	ATTTTC	6	12703	12708	ATTTTT	10879	10884	1	5
12705	T	TTTTCC	6	12704	12709	TGTTCC	10913	10918	1	5
12705	T	TTTTCC	6	12704	12709	TTATCC	11009	11014	1	5
12705	T	CTCATT	6	12700	12705	CTCCTT	11071	11076	1	5
12705	T	TTTCCT	6	12705	12710	TCTCCT	11070	11075	1	5
12705	T	ATTTT	5	12703	12707	ATTTT	11110	11114	0	5
12705	T	CATTTT	6	12702	12707	TATTTT	11109	11114	1	5
12705	T	ATTTTC	6	12703	12708	ATTTTA	11110	11115	1	5
12705	T	ATTTTC	6	12703	12708	ATCTTC	11117	11122	1	5
12705	T	TTTTCC	6	12704	12709	TTATCC	11136	11141	1	5
12705	T	CTCATT	6	12700	12705	CTCACT	11275	11280	1	5
12705	T	CTCATT	6	12700	12705	CTCACT	11300	11305	1	5
12705	T	CTCATT	6	12700	12705	CTCTTT	11382	11387	1	5
12705	T	TTTCCT	6	12705	12710	CTTCCT	11539	11544	1	5
12705	T	CTCATT	6	12700	12705	CTCATC	11663	11668	1	5
12705	T	TCATT	5	12701	12705	TCATT	11697	11701	0	5
12705	T	CATTTT	6	12702	12707	CTTTTT	11826	11831	1	5
12705	T	CATTTT	6	12702	12707	CATATT	11986	11991	1	5
12705	T	CTCATT	6	12700	12705	CTCACT	12010	12015	1	5
12705	T	CTCATT	6	12700	12705	CACATT	12023	12028	1	5
12705	T	TCATT	5	12701	12705	TCATT	12117	12121	0	5
12705	T	CTCATT	6	12700	12705	ATCATT	12116	12121	1	5
12705	T	TCATTT	6	12701	12706	TCATTA	12117	12122	1	5
12705	T	ATTTT	5	12703	12707	ATTTT	12310	12314	0	5
12705	T	CATTTT	6	12702	12707	AATTTT	12309	12314	1	5
12705	T	ATTTTC	6	12703	12708	ATTTTG	12310	12315	1	5
12705	T	CTCATT	6	12700	12705	CTCGTT	12403	12408	1	5
12705	T	CTCATT	6	12700	12705	CCCATT	12434	12439	1	5
12705	T	CATTTT	6	12702	12707	CATTAT	12436	12441	1	5
12705	T	ATTTTC	6	12703	12708	ATTATC	12469	12474	1	5
12705	T	TTTTCC	6	12704	12709	TCTTCC	12479	12484	1	5
12705	T	ATTTTC	6	12703	12708	ATATTC	12493	12498	1	5
12705	T	ATTTTC	6	12703	12708	ATTATC	12520	12525	1	5
12705	T	TTTTCC	6	12704	12709	TTCTCC	12589	12594	1	5
12705	T	ATTTTC	6	12703	12708	ATATTC	12598	12603	1	5
12705	T	CATTTT	6	12702	12707	CATTGT	12614	12619	1	5
12705	T	CTCATT	6	12700	12705	CTCACT	12645	12650	1	5
12705	T	ATTTTC	6	12703	12708	ATTCTC	12642	12647	1	5
12705	T	TCATTT	6	12701	12706	TCAGTT	12681	12686	1	5
12705	T	CTCATT	6	12700	12705	CTAATT	12709	12714	1	5
12705	T	TTTTCC	6	12704	12709	TATTCC	12746	12751	1	5
12705	T	TTTCCT	6	12705	12710	TATCCT	12785	12790	1	5
12705	T	CTCATT	6	12700	12705	CTCATC	12796	12801	1	5
12705	T	TCATTT	6	12701	12706	TCAGTT	12800	12805	1	5
12705	T	TTTCCT	6	12705	12710	TTTCAT	12879	12884	1	5
12705	T	TCATTT	6	12701	12706	TGATTT	12898	12903	1	5
12705	T	ATTTTC	6	12703	12708	ATCTTC	13105	13110	1	5
12705	T	TTTTCC	6	12704	12709	TTCTCC	13246	13251	1	5
12705	T	TTTCCT	6	12705	12710	ATTCCT	13311	13316	1	5
12705	T	ATTTTC	6	12703	12708	ATATTC	13400	13405	1	5
12705	T	CTCATT	6	12700	12705	CTCATC	13573	13578	1	5
12705	T	CTCATT	6	12700	12705	CCCATT	13693	13698	1	5
12705	T	CATTT	5	12702	12706	CATTT	13749	13753	0	5
12705	T	TTTCC	5	12705	12709	TTTCC	13751	13755	0	5
12705	T	TCATTT	6	12701	12706	ACATTT	13748	13753	1	5
12705	T	TTTCCT	6	12705	12710	TTTCCC	13751	13756	1	5
12705	T	TCATTT	6	12701	12706	TTATTT	13896	13901	1	5
12705	T	TTTTCC	6	12704	12709	TTCTCC	13900	13905	1	5
12705	T	TTTCCT	6	12705	12710	TTTACT	14093	14098	1	5
12705	T	TTTCCT	6	12705	12710	CTTCCT	14097	14102	1	5
12705	T	CTCATT	6	12700	12705	CTCTTT	14103	14108	1	5
12705	T	TTTTCC	6	12704	12709	TCTTCC	14111	14116	1	5
12705	T	TTTCCT	6	12705	12710	TTTCTT	14106	14111	1	5
12705	T	TTTTCC	6	12704	12709	TATTCC	14151	14156	1	5
12705	T	ATTTTC	6	12703	12708	ATGTTC	14196	14201	1	5
12705	T	CTCATT	6	12700	12705	CTCCTT	14286	14291	1	5
12705	T	TTTCCT	6	12705	12710	TCTCCT	14285	14290	1	5
12705	T	TTTTCC	6	12704	12709	TTTACC	14324	14329	1	5
12705	T	CTCATT	6	12700	12705	CTCAAT	14446	14451	1	5
12705	T	TCATT	5	12701	12705	TCATT	14484	14488	0	5
12705	T	CTCATT	6	12700	12705	ATCATT	14483	14488	1	5
12705	T	TCATTT	6	12701	12706	TCATTC	14484	14489	1	5
12705	T	CTCATT	6	12700	12705	CCCATT	14630	14635	1	5
12705	T	TCATT	5	12701	12705	TCATT	14670	14674	0	5
12705	T	CTCATT	6	12700	12705	ATCATT	14669	14674	1	5
12705	T	ATTTTC	6	12703	12708	ATTCTC	14675	14680	1	5
12705	T	CTCATT	6	12700	12705	CTCACT	14848	14853	1	5
12705	T	TTTTC	5	12704	12708	TTTTC	14933	14937	0	5
12705	T	CTCATT	6	12700	12705	CTCAAT	15007	15012	1	5
12705	T	ATTTTC	6	12703	12708	ATATTC	15011	15016	1	5
12705	T	TTTCCT	6	12705	12710	TGTCCT	15139	15144	1	5
12705	T	TCATT	5	12701	12705	TCATT	15161	15165	0	5
12705	T	CTCATT	6	12700	12705	ATCATT	15160	15165	1	5
12705	T	TCATTT	6	12701	12706	TCACTT	15289	15294	1	5
12705	T	TCATT	5	12701	12705	TCATT	15306	15310	0	5
12705	T	CTCATT	6	12700	12705	TTCATT	15305	15310	1	5
12705	T	CTCATT	6	12700	12705	CCCATT	15384	15389	1	5
12705	T	CTCATT	6	12700	12705	CTCCTT	15457	15462	1	5
12705	T	TTTCCT	6	12705	12710	TCTCCT	15456	15461	1	5
12705	T	ATTTTC	6	12703	12708	ATTCTC	15478	15483	1	5
12705	T	ATTTTC	6	12703	12708	ATTTCC	15564	15569	1	5
12705	T	CTCATT	6	12700	12705	CTCATC	15641	15646	1	5
12705	T	CATTTT	6	12702	12707	CCTTTT	15782	15787	1	5
12705	T	TTTTCC	6	12704	12709	TTTTAC	15784	15789	1	5
12705	T	TTTTCC	6	12704	12709	TTTACC	15785	15790	1	5
12705	T	TCATT	5	12701	12705	TCATT	15792	15796	0	5
12705	T	CTCATT	6	12700	12705	ATCATT	15791	15796	1	5
12705	T	TCATTT	6	12701	12706	TCATTG	15792	15797	1	5
12705	T	CTCATT	6	12700	12705	CTAATT	15857	15862	1	5
12705	T	TTTCCT	6	12705	12710	TGTCCT	15887	15892	1	5
12705	T	CATTTT	6	12702	12707	CCTTTT	15938	15943	1	5
12705	T	ATTTTC	6	12703	12708	ATTCTC	16016	16021	1	5
12705	T	TTTCCT	6	12705	12710	TTTCAT	16027	16032	1	5
12705	T	CATTT	5	12702	12706	CATTT	16321	16325	0	5
12705	T	TCATTT	6	12701	12706	CCATTT	16320	16325	1	5
12705	T	CTCATT	6	12700	12705	CACATT	16337	16342	1	5
12705	T	TTTCCT	6	12705	12710	TCTCCT	16443	16448	1	5
12705	T	TTTCC	5	12705	12709	TCTCC	40	44	1	4
12705	T	TCATT	5	12701	12705	GCATT	85	89	1	4
12705	T	CATTT	5	12702	12706	CATTG	86	90	1	4
12705	T	TCATT	5	12701	12705	TCTTT	131	135	1	4
12705	T	TCATT	5	12701	12705	TGATT	135	139	1	4
12705	T	ATTTT	5	12703	12707	ATTAT	153	157	1	4
12705	T	ATTTT	5	12703	12707	ATTTA	156	160	1	4
12705	T	TTTTC	5	12704	12708	TTATC	158	162	1	4
12705	T	TCATT	5	12701	12705	TCAAT	173	177	1	4
12705	T	ATTTT	5	12703	12707	ATATT	176	180	1	4
12705	T	TCATT	5	12701	12705	TAATT	209	213	1	4
12705	T	TCATT	5	12701	12705	TAATT	213	217	1	4
12705	T	CATTT	5	12702	12706	CAATT	242	246	1	4
12705	T	TCATT	5	12701	12705	TCATA	279	283	1	4
12705	T	CATTT	5	12702	12706	AATTT	290	294	1	4
12705	T	CATTT	5	12702	12706	CACTT	330	334	1	4
12705	T	CATTT	5	12702	12706	CATCT	340	344	1	4
12705	T	CATTT	5	12702	12706	GATTT	389	393	1	4
12705	T	ATTTT	5	12703	12707	ATTTC	390	394	1	4
12705	T	TTTTC	5	12704	12708	ATTTC	390	394	1	4
12705	T	TTTCC	5	12705	12709	TTTCA	391	395	1	4
12705	T	ATTTT	5	12703	12707	ATCTT	402	406	1	4
12705	T	ATTTT	5	12703	12707	CTTTT	404	408	1	4
12705	T	TTTTC	5	12704	12708	TTATC	400	404	1	4
12705	T	TTTTC	5	12704	12708	TTTTG	405	409	1	4
12705	T	CATTT	5	12702	12706	CTTTT	420	424	1	4
12705	T	ATTTT	5	12703	12707	CTTTT	420	424	1	4
12705	T	TTTTC	5	12704	12708	TTTTA	421	425	1	4
12705	T	TCATT	5	12701	12705	TCAAT	485	489	1	4
12705	T	ATTTT	5	12703	12707	ATGTT	615	619	1	4
12705	T	CATTT	5	12702	12706	CCTTT	665	669	1	4
12705	T	TTTTC	5	12704	12708	CTTTC	666	670	1	4
12705	T	TTTCC	5	12705	12709	TTTCT	667	671	1	4
12705	T	TTTCC	5	12705	12709	GTTCC	709	713	1	4
12705	T	TCATT	5	12701	12705	TGATT	821	825	1	4
12705	T	CATTT	5	12702	12706	CCTTT	828	832	1	4
12705	T	ATTTT	5	12703	12707	AGTTT	846	850	1	4
12705	T	TCATT	5	12701	12705	TCAAT	921	925	1	4
12705	T	ATTTT	5	12703	12707	GTTTT	945	949	1	4
12705	T	TTTTC	5	12704	12708	TTTTA	946	950	1	4
12705	T	CATTT	5	12702	12706	CAGTT	1002	1006	1	4
12705	T	CATTT	5	12702	12706	CATAT	1038	1042	1	4
12705	T	CATTT	5	12702	12706	CAGTT	1111	1115	1	4
12705	T	TTTTC	5	12704	12708	TGTTC	1205	1209	1	4
12705	T	CATTT	5	12702	12706	GATTT	1422	1426	1	4
12705	T	ATTTT	5	12703	12707	ATTTA	1423	1427	1	4
12705	T	CATTT	5	12702	12706	CACTT	1589	1593	1	4
12705	T	CATTT	5	12702	12706	CACTT	1635	1639	1	4
12705	T	CATTT	5	12702	12706	GATTT	1644	1648	1	4
12705	T	ATTTT	5	12703	12707	ATTTC	1645	1649	1	4
12705	T	TTTTC	5	12704	12708	ATTTC	1645	1649	1	4
12705	T	TTTCC	5	12705	12709	TTTCA	1646	1650	1	4
12705	T	ATTTT	5	12703	12707	ATTAT	1805	1809	1	4
12705	T	ATTTT	5	12703	12707	ACTTT	1874	1878	1	4
12705	T	TTTTC	5	12704	12708	TTTGC	1876	1880	1	4
12705	T	TTTCC	5	12705	12709	TTTGC	1876	1880	1	4
12705	T	CATTT	5	12702	12706	GATTT	1973	1977	1	4
12705	T	ATTTT	5	12703	12707	ATTTA	1974	1978	1	4
12705	T	ATTTT	5	12703	12707	ATCTT	2034	2038	1	4
12705	T	ATTTT	5	12703	12707	ACTTT	2045	2049	1	4
12705	T	CATTT	5	12702	12706	AATTT	2051	2055	1	4
12705	T	ATTTT	5	12703	12707	AATTT	2051	2055	1	4
12705	T	CATTT	5	12702	12706	AATTT	2085	2089	1	4
12705	T	ATTTT	5	12703	12707	AATTT	2085	2089	1	4
12705	T	ATTTT	5	12703	12707	ATTTA	2086	2090	1	4
12705	T	CATTT	5	12702	12706	AATTT	2155	2159	1	4
12705	T	ATTTT	5	12703	12707	AATTT	2155	2159	1	4
12705	T	ATTTT	5	12703	12707	ATTTA	2156	2160	1	4
12705	T	CATTT	5	12702	12706	CAATT	2190	2194	1	4
12705	T	CATTT	5	12702	12706	CATAT	2240	2244	1	4
12705	T	CATTT	5	12702	12706	CAATT	2263	2267	1	4
12705	T	ATTTT	5	12703	12707	ATGTT	2298	2302	1	4
12705	T	CATTT	5	12702	12706	CAATT	2368	2372	1	4
12705	T	TCATT	5	12701	12705	TTATT	2407	2411	1	4
12705	T	TTTCC	5	12705	12709	TTACC	2410	2414	1	4
12705	T	ATTTT	5	12703	12707	ATCTT	2482	2486	1	4
12705	T	TTTCC	5	12705	12709	TTACC	2485	2489	1	4
12705	T	TCATT	5	12701	12705	TCCTT	2610	2614	1	4
12705	T	CATTT	5	12702	12706	CTTTT	2663	2667	1	4
12705	T	ATTTT	5	12703	12707	ACTTT	2662	2666	1	4
12705	T	ATTTT	5	12703	12707	CTTTT	2663	2667	1	4
12705	T	TTTTC	5	12704	12708	TTTTA	2664	2668	1	4
12705	T	TCATT	5	12701	12705	TTATT	2743	2747	1	4
12705	T	ATTTT	5	12703	12707	AATTT	2740	2744	1	4
12705	T	ATTTT	5	12703	12707	ATTTA	2741	2745	1	4
12705	T	TCATT	5	12701	12705	GCATT	2796	2800	1	4
12705	T	CATTT	5	12702	12706	CATTA	2797	2801	1	4
12705	T	CATTT	5	12702	12706	AATTT	2804	2808	1	4
12705	T	TTTCC	5	12705	12709	TTTCG	2806	2810	1	4
12705	T	TTTCC	5	12705	12709	TTACC	2924	2928	1	4
12705	T	ATTTT	5	12703	12707	ATTCT	2951	2955	1	4
12705	T	TTTTC	5	12704	12708	TATTC	2950	2954	1	4
12705	T	CATTT	5	12702	12706	CATAT	2962	2966	1	4
12705	T	TTTTC	5	12704	12708	TTTAC	2978	2982	1	4
12705	T	TTTCC	5	12705	12709	TTTAC	2978	2982	1	4
12705	T	ATTTT	5	12703	12707	ATGTT	2990	2994	1	4
12705	T	TTTTC	5	12704	12708	TGTTC	3039	3043	1	4
12705	T	TTTTC	5	12704	12708	GTTTC	3095	3099	1	4
12705	T	TTTCC	5	12705	12709	TTTCT	3096	3100	1	4
12705	T	TTTCC	5	12705	12709	CTTCC	3165	3169	1	4
12705	T	TTTCC	5	12705	12709	TTCCC	3166	3170	1	4
12705	T	ATTTT	5	12703	12707	ATTAT	3198	3202	1	4
12705	T	ATTTT	5	12703	12707	ACTTT	3269	3273	1	4
12705	T	TTTTC	5	12704	12708	TTTAC	3271	3275	1	4
12705	T	TTTCC	5	12705	12709	TTTAC	3271	3275	1	4
12705	T	TTTTC	5	12704	12708	TCTTC	3294	3298	1	4
12705	T	TCATT	5	12701	12705	GCATT	3358	3362	1	4
12705	T	CATTT	5	12702	12706	CATTC	3359	3363	1	4
12705	T	TTTCC	5	12705	12709	TTACC	3371	3375	1	4
12705	T	ATTTT	5	12703	12707	ATTCT	3385	3389	1	4
12705	T	TTTTC	5	12704	12708	TCTTC	3470	3474	1	4
12705	T	CATTT	5	12702	12706	CATCT	3500	3504	1	4
12705	T	TTTTC	5	12704	12708	TCTTC	3552	3556	1	4
12705	T	TCATT	5	12701	12705	TTATT	3617	3621	1	4
12705	T	CATTT	5	12702	12706	TATTT	3614	3618	1	4
12705	T	ATTTT	5	12703	12707	ATTTA	3615	3619	1	4
12705	T	ATTTT	5	12703	12707	ATTCT	3619	3623	1	4
12705	T	TTTTC	5	12704	12708	TATTC	3618	3622	1	4
12705	T	CATTT	5	12702	12706	CGTTT	3642	3646	1	4
12705	T	TTTTC	5	12704	12708	TTTAC	3644	3648	1	4
12705	T	TCATT	5	12701	12705	ACATT	3763	3767	1	4
12705	T	CATTT	5	12702	12706	CATTA	3764	3768	1	4
12705	T	TTTCC	5	12705	12709	TCTCC	3791	3795	1	4
12705	T	TTTTC	5	12704	12708	TTATC	3800	3804	1	4
12705	T	TCATT	5	12701	12705	TCATG	3838	3842	1	4
12705	T	ATTTT	5	12703	12707	ATTTA	3861	3865	1	4
12705	T	TTTTC	5	12704	12708	TTATC	3863	3867	1	4
12705	T	TTTCC	5	12705	12709	TCTCC	3866	3870	1	4
12705	T	TTTCC	5	12705	12709	TTGCC	3905	3909	1	4
12705	T	TCATT	5	12701	12705	TCATA	3977	3981	1	4
12705	T	ATTTT	5	12703	12707	ATTCT	3972	3976	1	4
12705	T	TTTTC	5	12704	12708	TATTC	3971	3975	1	4
12705	T	TTTTC	5	12704	12708	TCTTC	3974	3978	1	4
12705	T	TCATT	5	12701	12705	ACATT	3995	3999	1	4
12705	T	TCATT	5	12701	12705	TTATT	3998	4002	1	4
12705	T	ATTTT	5	12703	12707	ATTAT	4000	4004	1	4
12705	T	CATTT	5	12702	12706	CATAT	4043	4047	1	4
12705	T	TTTCC	5	12705	12709	TCTCC	4055	4059	1	4
12705	T	TTTTC	5	12704	12708	TTGTC	4082	4086	1	4
12705	T	TTTTC	5	12704	12708	TGTTC	4112	4116	1	4
12705	T	TTTCC	5	12705	12709	ATTCC	4143	4147	1	4
12705	T	TCATT	5	12701	12705	GCATT	4201	4205	1	4
12705	T	CATTT	5	12702	12706	CATTA	4202	4206	1	4
12705	T	TTTCC	5	12705	12709	TCTCC	4220	4224	1	4
12705	T	CATTT	5	12702	12706	CATTA	4230	4234	1	4
12705	T	TTTCC	5	12705	12709	TCTCC	4238	4242	1	4
12705	T	TCATT	5	12701	12705	GCATT	4244	4248	1	4
12705	T	CATTT	5	12702	12706	CATTC	4245	4249	1	4
12705	T	TTTCC	5	12705	12709	ATTCC	4246	4250	1	4
12705	T	TTTCC	5	12705	12709	TTCCC	4247	4251	1	4
12705	T	ATTTT	5	12703	12707	ACTTT	4287	4291	1	4
12705	T	ATTTT	5	12703	12707	ATTTC	4325	4329	1	4
12705	T	TTTTC	5	12704	12708	ATTTC	4325	4329	1	4
12705	T	TTTCC	5	12705	12709	TTTCT	4326	4330	1	4
12705	T	ATTTT	5	12703	12707	ATGTT	4444	4448	1	4
12705	T	TTTCC	5	12705	12709	CTTCC	4458	4462	1	4
12705	T	TTTCC	5	12705	12709	TTCCC	4459	4463	1	4
12705	T	TCATT	5	12701	12705	TCTTT	4507	4511	1	4
12705	T	TTTTC	5	12704	12708	TTTGC	4509	4513	1	4
12705	T	TTTCC	5	12705	12709	TTTGC	4509	4513	1	4
12705	T	ATTTT	5	12703	12707	TTTTT	4549	4553	1	4
12705	T	TTTTC	5	12704	12708	TTTTT	4549	4553	1	4
12705	T	TCATT	5	12701	12705	TTATT	4588	4592	1	4
12705	T	CATTT	5	12702	12706	CTTTT	4585	4589	1	4
12705	T	CATTT	5	12702	12706	CAGTT	4594	4598	1	4
12705	T	ATTTT	5	12703	12707	CTTTT	4585	4589	1	4
12705	T	TTTTC	5	12704	12708	TTTTA	4586	4590	1	4
12705	T	TTTCC	5	12705	12709	GTTCC	4621	4625	1	4
12705	T	CATTT	5	12702	12706	TATTT	4644	4648	1	4
12705	T	TCATT	5	12701	12705	TCCTT	4675	4679	1	4
12705	T	TTTTC	5	12704	12708	TCTTC	4693	4697	1	4
12705	T	TTTCC	5	12705	12709	TCTCC	4708	4712	1	4
12705	T	TCATT	5	12701	12705	TCAAT	4742	4746	1	4
12705	T	TCATT	5	12701	12705	TCATA	4762	4766	1	4
12705	T	CATTT	5	12702	12706	CCTTT	4798	4802	1	4
12705	T	TTTTC	5	12704	12708	CTTTC	4799	4803	1	4
12705	T	TTTCC	5	12705	12709	TTTCA	4800	4804	1	4
12705	T	TTTCC	5	12705	12709	TTACC	4822	4826	1	4
12705	T	TTTTC	5	12704	12708	TCTTC	4856	4860	1	4
12705	T	TTTTC	5	12704	12708	TTCTC	4858	4862	1	4
12705	T	CATTT	5	12702	12706	CATCT	4883	4887	1	4
12705	T	TTTCC	5	12705	12709	TCTCC	4905	4909	1	4
12705	T	ATTTT	5	12703	12707	ATCTT	4944	4948	1	4
12705	T	TCATT	5	12701	12705	TCATA	4954	4958	1	4
12705	T	CATTT	5	12702	12706	CAGTT	4964	4968	1	4
12705	T	ATTTT	5	12703	12707	ATCTT	5001	5005	1	4
12705	T	CATTT	5	12702	12706	CAGTT	5044	5048	1	4
12705	T	TCATT	5	12701	12705	CCATT	5071	5075	1	4
12705	T	ATTTT	5	12703	12707	AATTT	5079	5083	1	4
12705	T	ATTTT	5	12703	12707	ATTTA	5080	5084	1	4
12705	T	CATTT	5	12702	12706	TATTT	5087	5091	1	4
12705	T	ATTTT	5	12703	12707	ATTTA	5088	5092	1	4
12705	T	ATTTT	5	12703	12707	ATATT	5092	5096	1	4
12705	T	CATTT	5	12702	12706	CATTC	5113	5117	1	4
12705	T	TCATT	5	12701	12705	TAATT	5197	5201	1	4
12705	T	TTTCC	5	12705	12709	ATTCC	5199	5203	1	4
12705	T	TTTCC	5	12705	12709	TCTCC	5215	5219	1	4
12705	T	TTTTC	5	12704	12708	TTTTT	5247	5251	1	4
12705	T	TCATT	5	12701	12705	CCATT	5263	5267	1	4
12705	T	TCATT	5	12701	12705	TCATA	5311	5315	1	4
12705	T	CATTT	5	12702	12706	CATAT	5387	5391	1	4
12705	T	CATTT	5	12702	12706	CATTC	5440	5444	1	4
12705	T	TTTCC	5	12705	12709	TTACC	5464	5468	1	4
12705	T	TTTCC	5	12705	12709	TCTCC	5485	5489	1	4
12705	T	TTTTC	5	12704	12708	TTTTA	5492	5496	1	4
12705	T	ATTTT	5	12703	12707	ATCTT	5505	5509	1	4
12705	T	CATTT	5	12702	12706	AATTT	5515	5519	1	4
12705	T	ATTTT	5	12703	12707	AATTT	5515	5519	1	4
12705	T	ATTTT	5	12703	12707	ATTTA	5516	5520	1	4
12705	T	TTTCC	5	12705	12709	TTTCT	5574	5578	1	4
12705	T	TCATT	5	12701	12705	TAATT	5638	5642	1	4
12705	T	CATTT	5	12702	12706	CACTT	5685	5689	1	4
12705	T	TCATT	5	12701	12705	TCAAT	5722	5726	1	4
12705	T	TTTTC	5	12704	12708	TCTTC	5786	5790	1	4
12705	T	TCATT	5	12701	12705	TCAAT	5802	5806	1	4
12705	T	CATTT	5	12702	12706	AATTT	5792	5796	1	4
12705	T	CATTT	5	12702	12706	CAATT	5798	5802	1	4
12705	T	ATTTT	5	12703	12707	AATTT	5792	5796	1	4
12705	T	TTTCC	5	12705	12709	TTTGC	5794	5798	1	4
12705	T	TCATT	5	12701	12705	TCTTT	5850	5854	1	4
12705	T	CATTT	5	12702	12706	GATTT	5856	5860	1	4
12705	T	TTTCC	5	12705	12709	TTTAC	5858	5862	1	4
12705	T	TCATT	5	12701	12705	TCACT	5874	5878	1	4
12705	T	TTTTC	5	12704	12708	TATTC	5923	5927	1	4
12705	T	TCATT	5	12701	12705	ACATT	5944	5948	1	4
12705	T	CATTT	5	12702	12706	CATTG	5945	5949	1	4
12705	T	TCATT	5	12701	12705	TTATT	5964	5968	1	4
12705	T	ATTTT	5	12703	12707	ATTAT	5963	5967	1	4
12705	T	TTTTC	5	12704	12708	TATTC	5965	5969	1	4
12705	T	TTTTC	5	12704	12708	TATTC	6011	6015	1	4
12705	T	CATTT	5	12702	12706	CATCT	6059	6063	1	4
12705	T	TTTTC	5	12704	12708	TTATC	6070	6074	1	4
12705	T	TCATT	5	12701	12705	TCATA	6106	6110	1	4
12705	T	TTTTC	5	12704	12708	TCTTC	6103	6107	1	4
12705	T	TCATT	5	12701	12705	TCATA	6121	6125	1	4
12705	T	TTTCC	5	12705	12709	GTTCC	6150	6154	1	4
12705	T	CATTT	5	12702	12706	CGTTT	6181	6185	1	4
12705	T	CATTT	5	12702	12706	CATCT	6244	6248	1	4
12705	T	ATTTT	5	12703	12707	ATCTT	6375	6379	1	4
12705	T	TCATT	5	12701	12705	TCATC	6394	6398	1	4
12705	T	TCATT	5	12701	12705	TCAAT	6409	6413	1	4
12705	T	CATTT	5	12702	12706	CAATT	6403	6407	1	4
12705	T	TTTTC	5	12704	12708	TCTTC	6451	6455	1	4
12705	T	TTTCC	5	12705	12709	TCTCC	6497	6501	1	4
12705	T	TCATT	5	12701	12705	TCACT	6520	6524	1	4
12705	T	TTTTC	5	12704	12708	TCTTC	6559	6563	1	4
12705	T	ATTTT	5	12703	12707	ATTCT	6605	6609	1	4
12705	T	TTTTC	5	12704	12708	TATTC	6604	6608	1	4
12705	T	ATTTT	5	12703	12707	AGTTT	6629	6633	1	4
12705	T	ATTTT	5	12703	12707	ATTCT	6636	6640	1	4
12705	T	TTTCC	5	12705	12709	TCTCC	6664	6668	1	4
12705	T	ATTTT	5	12703	12707	ATTGT	6672	6676	1	4
12705	T	TTTTC	5	12704	12708	TTATC	6757	6761	1	4
12705	T	CATTT	5	12702	12706	CATAT	6774	6778	1	4
12705	T	CATTT	5	12702	12706	TATTT	6778	6782	1	4
12705	T	ATTTT	5	12703	12707	ATATT	6777	6781	1	4
12705	T	TTTCC	5	12705	12709	TTTAC	6780	6784	1	4
12705	T	CATTT	5	12702	12706	TATTT	6813	6817	1	4
12705	T	ATTTT	5	12703	12707	ATTTC	6814	6818	1	4
12705	T	TTTTC	5	12704	12708	ATTTC	6814	6818	1	4
12705	T	TTTCC	5	12705	12709	TTTCA	6815	6819	1	4
12705	T	TCATT	5	12701	12705	TCATC	6835	6839	1	4
12705	T	TTTCC	5	12705	12709	TATCC	6842	6846	1	4
12705	T	CATTT	5	12702	12706	TATTT	6862	6866	1	4
12705	T	ATTTT	5	12703	12707	ATTTA	6863	6867	1	4
12705	T	TCATT	5	12701	12705	GCATT	6967	6971	1	4
12705	T	TCATT	5	12701	12705	TCACT	6987	6991	1	4
12705	T	CATTT	5	12702	12706	CACTT	7029	7033	1	4
12705	T	TTTCC	5	12705	12709	CTTCC	7031	7035	1	4
12705	T	TCATT	5	12701	12705	TCAAT	7047	7051	1	4
12705	T	CATTT	5	12702	12706	TATTT	7060	7064	1	4
12705	T	TCATT	5	12701	12705	TCATA	7069	7073	1	4
12705	T	TCATT	5	12701	12705	TCACT	7085	7089	1	4
12705	T	TTTTC	5	12704	12708	TATTC	7099	7103	1	4
12705	T	TCATT	5	12701	12705	TCACT	7144	7148	1	4
12705	T	TCATT	5	12701	12705	TCATC	7156	7160	1	4
12705	T	TTTCC	5	12705	12709	TTCCC	7179	7183	1	4
12705	T	TTTTC	5	12704	12708	TTCTC	7192	7196	1	4
12705	T	TTTCC	5	12705	12709	TTTCT	7191	7195	1	4
12705	T	TTTCC	5	12705	12709	TATCC	7201	7205	1	4
12705	T	TCATT	5	12701	12705	TCATG	7312	7316	1	4
12705	T	ATTTT	5	12703	12707	ATATT	7299	7303	1	4
12705	T	ATTTT	5	12703	12707	ATTTG	7317	7321	1	4
12705	T	CATTT	5	12702	12706	CATTC	7414	7418	1	4
12705	T	TTTTC	5	12704	12708	GTTTC	7479	7483	1	4
12705	T	TTTCC	5	12705	12709	TTTCA	7480	7484	1	4
12705	T	ATTTT	5	12703	12707	ACTTT	7507	7511	1	4
12705	T	TCATT	5	12701	12705	TCATA	7538	7542	1	4
12705	T	ATTTT	5	12703	12707	ACTTT	7543	7547	1	4
12705	T	TTTTC	5	12704	12708	ATTTC	7535	7539	1	4
12705	T	TTTTC	5	12704	12708	TTGTC	7546	7550	1	4
12705	T	ATTTT	5	12703	12707	ATTAT	7559	7563	1	4
12705	T	ATTTT	5	12703	12707	ATCTT	7580	7584	1	4
12705	T	TTTCC	5	12705	12709	CTTCC	7623	7627	1	4
12705	T	TTTCC	5	12705	12709	TTCCC	7624	7628	1	4
12705	T	TCATT	5	12701	12705	TCATA	7632	7636	1	4
12705	T	TTTTC	5	12704	12708	TTATC	7644	7648	1	4
12705	T	TCATT	5	12701	12705	TCATG	7654	7658	1	4
12705	T	CATTT	5	12702	12706	CCTTT	7650	7654	1	4
12705	T	TTTTC	5	12704	12708	CTTTC	7651	7655	1	4
12705	T	CATTT	5	12702	12706	CATCT	7747	7751	1	4
12705	T	TCATT	5	12701	12705	TCATC	7797	7801	1	4
12705	T	TTTTC	5	12704	12708	TTTAC	7836	7840	1	4
12705	T	TTTCC	5	12705	12709	TTTAC	7836	7840	1	4
12705	T	TTTCC	5	12705	12709	TTACC	7869	7873	1	4
12705	T	TCATT	5	12701	12705	TTATT	7961	7965	1	4
12705	T	TTTCC	5	12705	12709	CTTCC	7952	7956	1	4
12705	T	TTTCC	5	12705	12709	TTCCC	7953	7957	1	4
12705	T	CATTT	5	12702	12706	CATTC	8032	8036	1	4
12705	T	TCATT	5	12701	12705	TAATT	8043	8047	1	4
12705	T	TTTCC	5	12705	12709	TGTCC	8077	8081	1	4
12705	T	CATTT	5	12702	12706	CATTA	8085	8089	1	4
12705	T	CATTT	5	12702	12706	CAATT	8106	8110	1	4
12705	T	TTTCC	5	12705	12709	ATTCC	8108	8112	1	4
12705	T	TTTCC	5	12705	12709	TTCCC	8109	8113	1	4
12705	T	TTTCC	5	12705	12709	TTTCA	8134	8138	1	4
12705	T	TCATT	5	12701	12705	TCAAT	8167	8171	1	4
12705	T	TCATT	5	12701	12705	TCATG	8202	8206	1	4
12705	T	TCATT	5	12701	12705	TAATT	8223	8227	1	4
12705	T	TCATT	5	12701	12705	TCTTT	8238	8242	1	4
12705	T	ATTTT	5	12703	12707	ATCTT	8237	8241	1	4
12705	T	CATTT	5	12702	12706	TATTT	8256	8260	1	4
12705	T	TCATT	5	12701	12705	GCATT	8313	8317	1	4
12705	T	CATTT	5	12702	12706	CATTA	8314	8318	1	4
12705	T	TTTTC	5	12704	12708	TTTTA	8322	8326	1	4
12705	T	TTTTC	5	12704	12708	TTTAC	8355	8359	1	4
12705	T	TTTCC	5	12705	12709	TTTAC	8355	8359	1	4
12705	T	TCATT	5	12701	12705	TAATT	8400	8404	1	4
12705	T	TTTCC	5	12705	12709	TTACC	8403	8407	1	4
12705	T	ATTTT	5	12703	12707	ATATT	8447	8451	1	4
12705	T	ATTTT	5	12703	12707	ATTAT	8502	8506	1	4
12705	T	TTTTC	5	12704	12708	TGTTC	8540	8544	1	4
12705	T	TTTCC	5	12705	12709	TTGCC	8555	8559	1	4
12705	T	CATTT	5	12702	12706	TATTT	8600	8604	1	4
12705	T	TCATT	5	12701	12705	TCCTT	8746	8750	1	4
12705	T	TCATT	5	12701	12705	TTATT	8759	8763	1	4
12705	T	TTTCC	5	12705	12709	TTGCC	8762	8766	1	4
12705	T	TCATT	5	12701	12705	TGATT	8864	8868	1	4
12705	T	ATTTT	5	12703	12707	ATTAT	8866	8870	1	4
12705	T	TTTTC	5	12704	12708	CTTTC	8874	8878	1	4
12705	T	TTTCC	5	12705	12709	TTTCG	8875	8879	1	4
12705	T	CATTT	5	12702	12706	CACTT	8905	8909	1	4
12705	T	TTTCC	5	12705	12709	TTACC	8911	8915	1	4
12705	T	TCATT	5	12701	12705	TTATT	8951	8955	1	4
12705	T	TCATT	5	12701	12705	ACATT	9014	9018	1	4
12705	T	CATTT	5	12702	12706	CATTA	9015	9019	1	4
12705	T	TCATT	5	12701	12705	CCATT	9074	9078	1	4
12705	T	CATTT	5	12702	12706	CATTA	9075	9079	1	4
12705	T	TTTCC	5	12705	12709	CTTCC	9082	9086	1	4
12705	T	CATTT	5	12702	12706	CACTT	9092	9096	1	4
12705	T	TTTTC	5	12704	12708	TTATC	9095	9099	1	4
12705	T	CATTT	5	12702	12706	CAATT	9107	9111	1	4
12705	T	ATTTT	5	12703	12707	ATTCT	9109	9113	1	4
12705	T	ATTTT	5	12703	12707	ATTCT	9115	9119	1	4
12705	T	CATTT	5	12702	12706	CACTT	9170	9174	1	4
12705	T	CATTT	5	12702	12706	CATGT	9302	9306	1	4
12705	T	ATTTT	5	12703	12707	ATTTC	9308	9312	1	4
12705	T	TTTTC	5	12704	12708	ATTTC	9308	9312	1	4
12705	T	TTTCC	5	12705	12709	TTTCA	9309	9313	1	4
12705	T	TTTCC	5	12705	12709	CTTCC	9314	9318	1	4
12705	T	CATTT	5	12702	12706	CATAT	9365	9369	1	4
12705	T	TTTCC	5	12705	12709	TGTCC	9428	9432	1	4
12705	T	TCATT	5	12701	12705	TTATT	9463	9467	1	4
12705	T	CATTT	5	12702	12706	TATTT	9460	9464	1	4
12705	T	ATTTT	5	12703	12707	ATTTA	9461	9465	1	4
12705	T	ATTTT	5	12703	12707	AGTTT	9476	9480	1	4
12705	T	ATTTT	5	12703	12707	GTTTT	9477	9481	1	4
12705	T	ATTTT	5	12703	12707	TTTTT	9478	9482	1	4
12705	T	ATTTT	5	12703	12707	TTTTT	9479	9483	1	4
12705	T	TTTTC	5	12704	12708	TTTTT	9478	9482	1	4
12705	T	TTTTC	5	12704	12708	TTTTT	9479	9483	1	4
12705	T	TTTTC	5	12704	12708	TCTTC	9484	9488	1	4
12705	T	CATTT	5	12702	12706	CAATT	9537	9541	1	4
12705	T	TCATT	5	12701	12705	TCAAT	9633	9637	1	4
12705	T	TCATT	5	12701	12705	TAATT	9682	9686	1	4
12705	T	TTTCC	5	12705	12709	TCTCC	9756	9760	1	4
12705	T	CATTT	5	12702	12706	CATCT	9779	9783	1	4
12705	T	ATTTT	5	12703	12707	TTTTT	9796	9800	1	4
12705	T	TTTTC	5	12704	12708	TTTTT	9796	9800	1	4
12705	T	TTTTC	5	12704	12708	TTTTG	9797	9801	1	4
12705	T	TTTCC	5	12705	12709	CTTCC	9812	9816	1	4
12705	T	TCATT	5	12701	12705	TTATT	9832	9836	1	4
12705	T	TCATT	5	12701	12705	TCATC	9862	9866	1	4
12705	T	CATTT	5	12702	12706	TATTT	9877	9881	1	4
12705	T	ATTTT	5	12703	12707	ATATT	9876	9880	1	4
12705	T	ATTTT	5	12703	12707	ATTTC	9878	9882	1	4
12705	T	TTTTC	5	12704	12708	ATTTC	9878	9882	1	4
12705	T	TTTTC	5	12704	12708	TTTAC	9885	9889	1	4
12705	T	TTTCC	5	12705	12709	TTTCA	9879	9883	1	4
12705	T	TTTCC	5	12705	12709	TTTAC	9885	9889	1	4
12705	T	CATTT	5	12702	12706	TATTT	9955	9959	1	4
12705	T	ATTTT	5	12703	12707	ATTTC	9956	9960	1	4
12705	T	TTTTC	5	12704	12708	ATTTC	9956	9960	1	4
12705	T	TTTCC	5	12705	12709	TTTCT	9957	9961	1	4
12705	T	CATTT	5	12702	12706	CATCT	9971	9975	1	4
12705	T	TTTCC	5	12705	12709	TCTCC	9967	9971	1	4
12705	T	TTTTC	5	12704	12708	TTTTA	9995	9999	1	4
12705	T	CATTT	5	12702	12706	CAATT	10023	10027	1	4
12705	T	TTTCC	5	12705	12709	CTTCC	10019	10023	1	4
12705	T	ATTTT	5	12703	12707	AGTTT	10032	10036	1	4
12705	T	ATTTT	5	12703	12707	GTTTT	10033	10037	1	4
12705	T	TTTTC	5	12704	12708	TTTTG	10034	10038	1	4
12705	T	TCATT	5	12701	12705	ACATT	10042	10046	1	4
12705	T	CATTT	5	12702	12706	CATTC	10043	10047	1	4
12705	T	TCATT	5	12701	12705	TAATT	10111	10115	1	4
12705	T	TCATT	5	12701	12705	TTATT	10114	10118	1	4
12705	T	ATTTT	5	12703	12707	ATTAT	10113	10117	1	4
12705	T	TTTCC	5	12705	12709	TATCC	10189	10193	1	4
12705	T	CATTT	5	12702	12706	CCTTT	10206	10210	1	4
12705	T	TTTTC	5	12704	12708	CTTTC	10207	10211	1	4
12705	T	TTTCC	5	12705	12709	TTTCT	10208	10212	1	4
12705	T	ATTTT	5	12703	12707	ATTCT	10220	10224	1	4
12705	T	TTTTC	5	12704	12708	TCTTC	10222	10226	1	4
12705	T	ATTTT	5	12703	12707	ATTAT	10247	10251	1	4
12705	T	ATTTT	5	12703	12707	ATTTG	10250	10254	1	4
12705	T	TTTCC	5	12705	12709	TTGCC	10264	10268	1	4
12705	T	TCATT	5	12701	12705	TCATC	10326	10330	1	4
12705	T	ATTTT	5	12703	12707	AGTTT	10413	10417	1	4
12705	T	ATTTT	5	12703	12707	ATTTC	10432	10436	1	4
12705	T	TTTTC	5	12704	12708	ATTTC	10432	10436	1	4
12705	T	TTTCC	5	12705	12709	TTTCG	10433	10437	1	4
12705	T	ATTTT	5	12703	12707	ATTAT	10447	10451	1	4
12705	T	CATTT	5	12702	12706	TATTT	10460	10464	1	4
12705	T	ATTTT	5	12703	12707	ATATT	10489	10493	1	4
12705	T	ATTTT	5	12703	12707	ATTAT	10491	10495	1	4
12705	T	CATTT	5	12702	12706	CATCT	10508	10512	1	4
12705	T	TTTTC	5	12704	12708	TGTTC	10588	10592	1	4
12705	T	ATTTT	5	12703	12707	ATATT	10639	10643	1	4
12705	T	ATTTT	5	12703	12707	ATTGT	10641	10645	1	4
12705	T	TTTCC	5	12705	12709	TTGCC	10651	10655	1	4
12705	T	TCATT	5	12701	12705	TCTTT	10663	10667	1	4
12705	T	CATTT	5	12702	12706	CATAT	10720	10724	1	4
12705	T	CATTT	5	12702	12706	CAATT	10782	10786	1	4
12705	T	ATTTT	5	12703	12707	ATTAT	10784	10788	1	4
12705	T	ATTTT	5	12703	12707	ATATT	10787	10791	1	4
12705	T	ATTTT	5	12703	12707	AATTT	10825	10829	1	4
12705	T	ATTTT	5	12703	12707	ATTTG	10826	10830	1	4
12705	T	TCATT	5	12701	12705	TTATT	10857	10861	1	4
12705	T	ATTTT	5	12703	12707	ATTAT	10856	10860	1	4
12705	T	TCATT	5	12701	12705	TCATC	10866	10870	1	4
12705	T	ATTTT	5	12703	12707	TTTTT	10881	10885	1	4
12705	T	TTTTC	5	12704	12708	TTTTT	10881	10885	1	4
12705	T	TTTTC	5	12704	12708	TTTTA	10882	10886	1	4
12705	T	CATTT	5	12702	12706	TATTT	10905	10909	1	4
12705	T	ATTTT	5	12703	12707	ATTTA	10906	10910	1	4
12705	T	TTTCC	5	12705	12709	TTCCC	10915	10919	1	4
12705	T	TCATT	5	12701	12705	TCATG	10989	10993	1	4
12705	T	CATTT	5	12702	12706	CACTT	11006	11010	1	4
12705	T	TTTCC	5	12705	12709	TCTCC	11058	11062	1	4
12705	T	TCATT	5	12701	12705	TAATT	11076	11080	1	4
12705	T	ATTTT	5	12703	12707	ATTAT	11078	11082	1	4
12705	T	TCATT	5	12701	12705	ACATT	11084	11088	1	4
12705	T	CATTT	5	12702	12706	CATTC	11085	11089	1	4
12705	T	TTTTC	5	12704	12708	TCTTC	11121	11125	1	4
12705	T	CATTT	5	12702	12706	CACTT	11133	11137	1	4
12705	T	TCATT	5	12701	12705	TCATC	11154	11158	1	4
12705	T	ATTTT	5	12703	12707	ATTCT	11209	11213	1	4
12705	T	TTTTC	5	12704	12708	TATTC	11208	11212	1	4
12705	T	TTTCC	5	12705	12709	CTTCC	11231	11235	1	4
12705	T	TTTCC	5	12705	12709	TTCCC	11232	11236	1	4
12705	T	TTTCC	5	12705	12709	TTTAC	11253	11257	1	4
12705	T	TCATT	5	12701	12705	ACATT	11283	11287	1	4
12705	T	CATTT	5	12702	12706	CTTTT	11364	11368	1	4
12705	T	ATTTT	5	12703	12707	CTTTT	11364	11368	1	4
12705	T	TTTTC	5	12704	12708	TTTTA	11365	11369	1	4
12705	T	TTTTC	5	12704	12708	TTTAC	11385	11389	1	4
12705	T	TTTCC	5	12705	12709	TTTAC	11385	11389	1	4
12705	T	CATTT	5	12702	12706	CACTT	11396	11400	1	4
12705	T	CATTT	5	12702	12706	CATGT	11417	11421	1	4
12705	T	TCATT	5	12701	12705	TCAAT	11441	11445	1	4
12705	T	TTTCC	5	12705	12709	TTGCC	11451	11455	1	4
12705	T	TCATT	5	12701	12705	TCCTT	11541	11545	1	4
12705	T	TTTCC	5	12705	12709	TATCC	11550	11554	1	4
12705	T	TCATT	5	12701	12705	TAATT	11565	11569	1	4
12705	T	ATTTT	5	12703	12707	ATTAT	11567	11571	1	4
12705	T	TCATT	5	12701	12705	TCAAT	11627	11631	1	4
12705	T	TTTTC	5	12704	12708	TCTTC	11624	11628	1	4
12705	T	TCATT	5	12701	12705	CCATT	11658	11662	1	4
12705	T	ATTTT	5	12703	12707	ATTCT	11737	11741	1	4
12705	T	TTTTC	5	12704	12708	TATTC	11736	11740	1	4
12705	T	TTTTC	5	12704	12708	TTTTT	11827	11831	1	4
12705	T	TTTTC	5	12704	12708	TTTTG	11828	11832	1	4
12705	T	TTTCC	5	12705	12709	TTACC	11864	11868	1	4
12705	T	CATTT	5	12702	12706	CATTA	12025	12029	1	4
12705	T	TTTCC	5	12705	12709	TATCC	12081	12085	1	4
12705	T	TTTCC	5	12705	12709	TATCC	12099	12103	1	4
12705	T	TTTCC	5	12705	12709	TTACC	12120	12124	1	4
12705	T	ATTTT	5	12703	12707	AGTTT	12146	12150	1	4
12705	T	ATTTT	5	12703	12707	ATTGT	12165	12169	1	4
12705	T	CATTT	5	12702	12706	CATGT	12241	12245	1	4
12705	T	TTTTC	5	12704	12708	CTTTC	12258	12262	1	4
12705	T	TTTTC	5	12704	12708	TTCTC	12260	12264	1	4
12705	T	TTTCC	5	12705	12709	TTTCT	12259	12263	1	4
12705	T	CATTT	5	12702	12706	CTTTT	12267	12271	1	4
12705	T	ATTTT	5	12703	12707	ACTTT	12266	12270	1	4
12705	T	ATTTT	5	12703	12707	CTTTT	12267	12271	1	4
12705	T	TTTTC	5	12704	12708	TTTTA	12268	12272	1	4
12705	T	TCATT	5	12701	12705	CCATT	12288	12292	1	4
12705	T	CATTT	5	12702	12706	CATTG	12289	12293	1	4
12705	T	TTTCC	5	12705	12709	TATCC	12285	12289	1	4
12705	T	TCATT	5	12701	12705	TCCTT	12392	12396	1	4
12705	T	TTTCC	5	12705	12709	TTACC	12395	12399	1	4
12705	T	TCATT	5	12701	12705	CCATT	12449	12453	1	4
12705	T	TCATT	5	12701	12705	TTATT	12467	12471	1	4
12705	T	TCATT	5	12701	12705	TCAGT	12473	12477	1	4
12705	T	CATTT	5	12702	12706	CCTTT	12464	12468	1	4
12705	T	TTTCC	5	12705	12709	TTCCC	12481	12485	1	4
12705	T	TCATT	5	12701	12705	TTATT	12518	12522	1	4
12705	T	TTTCC	5	12705	12709	TCTCC	12563	12567	1	4
12705	T	TCATT	5	12701	12705	TCATC	12602	12606	1	4
12705	T	TCATT	5	12701	12705	GCATT	12613	12617	1	4
12705	T	TCATT	5	12701	12705	TCGTT	12620	12624	1	4
12705	T	TTTTC	5	12704	12708	TGTTC	12617	12621	1	4
12705	T	TCATT	5	12701	12705	TCATA	12635	12639	1	4
12705	T	TCATT	5	12701	12705	ACATT	12674	12678	1	4
12705	T	CATTT	5	12702	12706	CATTA	12675	12679	1	4
12705	T	TTTTC	5	12704	12708	TCTTC	12686	12690	1	4
12705	T	TTTTC	5	12704	12708	TTTCC	12705	12709	1	4
12705	T	TTTCC	5	12705	12709	TTTTC	12704	12708	1	4
12705	T	TTTCC	5	12705	12709	TTACC	12713	12717	1	4
12705	T	TTTCC	5	12705	12709	TTACC	12731	12735	1	4
12705	T	TCATT	5	12701	12705	TCATC	12758	12762	1	4
12705	T	TTTTC	5	12704	12708	TGTTC	12755	12759	1	4
12705	T	TCATT	5	12701	12705	TCCTT	12787	12791	1	4
12705	T	ATTTT	5	12703	12707	ATTAT	12781	12785	1	4
12705	T	TCATT	5	12701	12705	CCATT	12839	12843	1	4
12705	T	CATTT	5	12702	12706	CATTC	12840	12844	1	4
12705	T	TCATT	5	12701	12705	TCATC	12881	12885	1	4
12705	T	TTTTC	5	12704	12708	GTTTC	12878	12882	1	4
12705	T	ATTTT	5	12703	12707	ATTTA	12900	12904	1	4
12705	T	CATTT	5	12702	12706	CAATT	13012	13016	1	4
12705	T	TTTCC	5	12705	12709	TCTCC	13020	13024	1	4
12705	T	TTTCC	5	12705	12709	CTTCC	13122	13126	1	4
12705	T	TTTTC	5	12704	12708	TGTTC	13193	13197	1	4
12705	T	CATTT	5	12702	12706	CACTT	13251	13255	1	4
12705	T	TCATT	5	12701	12705	GCATT	13309	13313	1	4
12705	T	CATTT	5	12702	12706	CATTC	13310	13314	1	4
12705	T	CATTT	5	12702	12706	CATCT	13320	13324	1	4
12705	T	TTTTC	5	12704	12708	TCTTC	13337	13341	1	4
12705	T	CATTT	5	12702	12706	TATTT	13352	13356	1	4
12705	T	ATTTT	5	12703	12707	ATTTA	13353	13357	1	4
12705	T	TCATT	5	12701	12705	TCATC	13373	13377	1	4
12705	T	TCATT	5	12701	12705	CCATT	13457	13461	1	4
12705	T	CATTT	5	12702	12706	CATTG	13458	13462	1	4
12705	T	TCATT	5	12701	12705	GCATT	13471	13475	1	4
12705	T	CATTT	5	12702	12706	CATTA	13472	13476	1	4
12705	T	CATTT	5	12702	12706	CCTTT	13486	13490	1	4
12705	T	TTTTC	5	12704	12708	GTTTC	13499	13503	1	4
12705	T	TTTCC	5	12705	12709	TTTCT	13500	13504	1	4
12705	T	TCATT	5	12701	12705	TCATC	13520	13524	1	4
12705	T	TCATT	5	12701	12705	TCATA	13540	13544	1	4
12705	T	CATTT	5	12702	12706	CATAT	13536	13540	1	4
12705	T	TCATT	5	12701	12705	TAATT	13613	13617	1	4
12705	T	ATTTT	5	12703	12707	ATTCT	13615	13619	1	4
12705	T	TTTTC	5	12704	12708	TCTTC	13617	13621	1	4
12705	T	TTTTC	5	12704	12708	TTCTC	13619	13623	1	4
12705	T	TTTCC	5	12705	12709	CTTCC	13644	13648	1	4
12705	T	TTTCC	5	12705	12709	TTCCC	13645	13649	1	4
12705	T	TCATT	5	12701	12705	ACATT	13661	13665	1	4
12705	T	CATTT	5	12702	12706	CATTA	13662	13666	1	4
12705	T	CATTT	5	12702	12706	CATTA	13695	13699	1	4
12705	T	TTTTC	5	12704	12708	TATTC	13721	13725	1	4
12705	T	CATTT	5	12702	12706	GATTT	13730	13734	1	4
12705	T	ATTTT	5	12703	12707	ATTTC	13731	13735	1	4
12705	T	TTTTC	5	12704	12708	ATTTC	13731	13735	1	4
12705	T	TTTTC	5	12704	12708	TTCTC	13733	13737	1	4
12705	T	TTTCC	5	12705	12709	TTTCT	13732	13736	1	4
12705	T	TTTCC	5	12705	12709	CTTCC	13767	13771	1	4
12705	T	ATTTT	5	12703	12707	ATTTC	13898	13902	1	4
12705	T	TTTTC	5	12704	12708	ATTTC	13898	13902	1	4
12705	T	TTTCC	5	12705	12709	TTTCT	13899	13903	1	4
12705	T	ATTTT	5	12703	12707	ATTCT	13917	13921	1	4
12705	T	TTTCC	5	12705	12709	TTTCA	14033	14037	1	4
12705	T	TTTCC	5	12705	12709	TCTCC	14048	14052	1	4
12705	T	TCATT	5	12701	12705	TCATC	14060	14064	1	4
12705	T	TCATT	5	12701	12705	TAATT	14084	14088	1	4
12705	T	ATTTT	5	12703	12707	ACTTT	14091	14095	1	4
12705	T	TTTTC	5	12704	12708	TTTAC	14093	14097	1	4
12705	T	TTTTC	5	12704	12708	CTTTC	14105	14109	1	4
12705	T	TTTTC	5	12704	12708	TCTTC	14108	14112	1	4
12705	T	TTTCC	5	12705	12709	TTCCC	14113	14117	1	4
12705	T	TTTCC	5	12705	12709	TTCCC	14153	14157	1	4
12705	T	TCATT	5	12701	12705	TCATA	14234	14238	1	4
12705	T	TCATT	5	12701	12705	TCATA	14291	14295	1	4
12705	T	TCATT	5	12701	12705	TTATT	14298	14302	1	4
12705	T	ATTTT	5	12703	12707	ATTAT	14297	14301	1	4
12705	T	TTTTC	5	12704	12708	TATTC	14299	14303	1	4
12705	T	ATTTT	5	12703	12707	AGTTT	14322	14326	1	4
12705	T	TCATT	5	12701	12705	TCATA	14345	14349	1	4
12705	T	TTTTC	5	12704	12708	CTTTC	14352	14356	1	4
12705	T	TTTCC	5	12705	12709	TTTCA	14353	14357	1	4
12705	T	TTTCC	5	12705	12709	TATCC	14468	14472	1	4
12705	T	TTTCC	5	12705	12709	ATTCC	14486	14490	1	4
12705	T	TTTCC	5	12705	12709	TTCCC	14487	14491	1	4
12705	T	CATTT	5	12702	12706	CATAT	14521	14525	1	4
12705	T	TCATT	5	12701	12705	TCAAT	14577	14581	1	4
12705	T	CATTT	5	12702	12706	CATTA	14632	14636	1	4
12705	T	TCATT	5	12701	12705	TCGTT	14719	14723	1	4
12705	T	CATTT	5	12702	12706	TATTT	14725	14729	1	4
12705	T	ATTTT	5	12703	12707	ATTTC	14726	14730	1	4
12705	T	TTTTC	5	12704	12708	ATTTC	14726	14730	1	4
12705	T	TTTCC	5	12705	12709	TTTCA	14727	14731	1	4
12705	T	TCATT	5	12701	12705	TAATT	14784	14788	1	4
12705	T	TCATT	5	12701	12705	TCATC	14799	14803	1	4
12705	T	CATTT	5	12702	12706	CATCT	14824	14828	1	4
12705	T	TTTCC	5	12705	12709	TCTCC	14826	14830	1	4
12705	T	TCATT	5	12701	12705	TCATC	14936	14940	1	4
12705	T	TCATT	5	12701	12705	TCAAT	14939	14943	1	4
12705	T	TCATT	5	12701	12705	TCACT	14952	14956	1	4
12705	T	ATTTT	5	12703	12707	ATTAT	14967	14971	1	4
12705	T	TCATT	5	12701	12705	TCATC	14979	14983	1	4
12705	T	TCATT	5	12701	12705	TCTTT	15015	15019	1	4
12705	T	ATTTT	5	12703	12707	ATTCT	15013	15017	1	4
12705	T	TTTTC	5	12704	12708	TTATC	15018	15022	1	4
12705	T	ATTTT	5	12703	12707	ATATT	15052	15056	1	4
12705	T	TCATT	5	12701	12705	TCATA	15129	15133	1	4
12705	T	TCATT	5	12701	12705	TAATT	15180	15184	1	4
12705	T	TTTCC	5	12705	12709	TATCC	15195	15199	1	4
12705	T	TCATT	5	12701	12705	ACATT	15210	15214	1	4
12705	T	CATTT	5	12702	12706	CATTG	15211	15215	1	4
12705	T	TCATT	5	12701	12705	TCAAT	15229	15233	1	4
12705	T	TCATT	5	12701	12705	TCTTT	15279	15283	1	4
12705	T	CATTT	5	12702	12706	CCTTT	15285	15289	1	4
12705	T	ATTTT	5	12703	12707	ATTCT	15277	15281	1	4
12705	T	TTTTC	5	12704	12708	CTTTC	15286	15290	1	4
12705	T	TTTCC	5	12705	12709	TTTCA	15287	15291	1	4
12705	T	TTTCC	5	12705	12709	TTGCC	15299	15303	1	4
12705	T	TCATT	5	12701	12705	TTATT	15309	15313	1	4
12705	T	ATTTT	5	12703	12707	ATTCT	15340	15344	1	4
12705	T	TTTTC	5	12704	12708	TATTC	15339	15343	1	4
12705	T	CATTT	5	12702	12706	CATTC	15386	15390	1	4
12705	T	TTTCC	5	12705	12709	ATTCC	15387	15391	1	4
12705	T	TTTCC	5	12705	12709	CTTCC	15403	15407	1	4
12705	T	TCATT	5	12701	12705	TCCTT	15450	15454	1	4
12705	T	TTTTC	5	12704	12708	TTCTC	15444	15448	1	4
12705	T	TTTTC	5	12704	12708	TTCTC	15453	15457	1	4
12705	T	TCATT	5	12701	12705	ACATT	15467	15471	1	4
12705	T	CATTT	5	12702	12706	CATTA	15468	15472	1	4
12705	T	TTTTC	5	12704	12708	TATTC	15477	15481	1	4
12705	T	CATTT	5	12702	12706	CAATT	15508	15512	1	4
12705	T	ATTTT	5	12703	12707	ATTAT	15510	15514	1	4
12705	T	CATTT	5	12702	12706	TATTT	15563	15567	1	4
12705	T	ATTTT	5	12703	12707	ATATT	15562	15566	1	4
12705	T	TTTTC	5	12704	12708	TATTC	15570	15574	1	4
12705	T	TCATT	5	12701	12705	TCCTT	15618	15622	1	4
12705	T	TTTCC	5	12705	12709	TTGCC	15621	15625	1	4
12705	T	TTTCC	5	12705	12709	TATCC	15633	15637	1	4
12705	T	CATTT	5	12702	12706	CATAT	15668	15672	1	4
12705	T	TTTCC	5	12705	12709	TATCC	15672	15676	1	4
12705	T	CATTT	5	12702	12706	TATTT	15693	15697	1	4
12705	T	ATTTT	5	12703	12707	ATATT	15692	15696	1	4
12705	T	ATTTT	5	12703	12707	ATTTC	15694	15698	1	4
12705	T	TTTTC	5	12704	12708	ATTTC	15694	15698	1	4
12705	T	TTTCC	5	12705	12709	TTTCG	15695	15699	1	4
12705	T	TCATT	5	12701	12705	TTATT	15718	15722	1	4
12705	T	TCATT	5	12701	12705	TCCTT	15889	15893	1	4
12705	T	TCATT	5	12701	12705	TCTTT	15968	15972	1	4
12705	T	TCATT	5	12701	12705	CCATT	15980	15984	1	4
12705	T	CATTT	5	12702	12706	CATTA	15981	15985	1	4
12705	T	ATTTT	5	12703	12707	ATTCT	16001	16005	1	4
12705	T	ATTTT	5	12703	12707	AATTT	16006	16010	1	4
12705	T	ATTTT	5	12703	12707	ATTTA	16007	16011	1	4
12705	T	TTTTC	5	12704	12708	TATTC	16015	16019	1	4
12705	T	TCATT	5	12701	12705	TCTTT	16025	16029	1	4
12705	T	TCATT	5	12701	12705	TCATG	16029	16033	1	4
12705	T	TTTTC	5	12704	12708	TGTTC	16022	16026	1	4
12705	T	TTTTC	5	12704	12708	CTTTC	16026	16030	1	4
12705	T	CATTT	5	12702	12706	GATTT	16042	16046	1	4
12705	T	ATTTT	5	12703	12707	ATTTG	16043	16047	1	4
12705	T	TCATT	5	12701	12705	ACATT	16098	16102	1	4
12705	T	CATTT	5	12702	12706	TATTT	16090	16094	1	4
12705	T	CATTT	5	12702	12706	CATTA	16099	16103	1	4
12705	T	ATTTT	5	12703	12707	ATTTC	16091	16095	1	4
12705	T	TTTTC	5	12704	12708	ATTTC	16091	16095	1	4
12705	T	ATTTT	5	12703	12707	ATATT	16120	16124	1	4
12705	T	ATTTT	5	12703	12707	ATTGT	16122	16126	1	4
12705	T	CATTT	5	12702	12706	CATTA	16339	16343	1	4
12705	T	TTTTC	5	12704	12708	TTCTC	16356	16360	1	4
12705	T	TCATT	5	12701	12705	TCAAT	16418	16422	1	4
12705	T	TTTCC	5	12705	12709	TATCC	16422	16426	1	4
12705	T	CATTT	5	12702	12706	CACTT	16465	16469	1	4
12705	T	TTTCC	5	12705	12709	TATCC	16491	16495	1	4
12705	T	CATTT	5	12702	12706	CATCT	16498	16502	1	4
12705	T	TCATT	5	12701	12705	TCATA	16519	16523	1	4
12705	T	TTTCC	5	12705	12709	GTTCC	16543	16547	1	4
12705	T	TTTCC	5	12705	12709	TTCCC	16544	16548	1	4
