pos	nuc	motif.seq	motif.length	motif.start	motif.end	repeat.seq	repeat.start	repeat.end	repeat.hamming.distance	effective.length
16223	T	CAATCAACCTTCAACT	16	16214	16229	CAATCAACCAACAAGT	2389	2404	3	13
16223	T	CAACCTTCAACTATCA	16	16218	16233	CATCATTCTACTATCA	3747	3762	3	13
16223	T	ACCTTCAACTATCACA	16	16220	16235	ACCTCCAAATATCTCA	8623	8638	3	13
16223	T	ATCAACCTTCAACTAT	16	16216	16231	ATCATCCCTCTACTAT	10865	10880	3	13
16223	T	CCTTCAACTATCACA	15	16221	16235	CCCCCAACTAACACA	434	448	3	12
16223	T	GCAATCAACCTTCAA	15	16213	16227	ACAATCAACCAACAA	2388	2402	3	12
16223	T	ATCAACCTTCAACTA	15	16216	16230	ATCAAACTCAAACTA	3672	3686	3	12
16223	T	TACAGCAATCAACCT	15	16209	16223	TATAGCAATAAAACT	4772	4786	3	12
16223	T	CAACCTTCAACTATC	15	16218	16232	CCACCTCCAAATATC	8621	8635	3	12
16223	T	CAGCAATCAACCTTC	15	16211	16225	CAACCATTAACCTTC	9071	9085	3	12
16223	T	TACAGCAATCAACCT	15	16209	16223	TACAGGACTCAACAT	11944	11958	3	12
16223	T	TACAGCAATCAACCT	15	16209	16223	TACCGCTAACAACCT	12732	12746	3	12
16223	T	CAATCAACCTTCAAC	15	16214	16228	CAAACAATGTTCAAC	14190	14204	3	12
16223	T	ATCAACCTTCAAC	13	16216	16228	ATCAACCATTAAC	9069	9081	2	11
16223	T	ATCAACCTTCAA	12	16216	16227	ATCTACNTTCAA	3101	3112	2	10
16223	T	CAACCTTCAACT	12	16218	16229	CAACCTCCTACT	3318	3329	2	10
16223	T	CTTCAACTATCA	12	16222	16233	CTTCTACTATGA	3553	3564	2	10
16223	T	TTCAACTATCAC	12	16223	16234	TTCTACTATCAA	3752	3763	2	10
16223	T	TCAACCTTCAAC	12	16217	16228	TCAGGCTTCAAC	3931	3942	2	10
16223	T	CCTTCAACTATC	12	16221	16232	CCTACTACTATC	5150	5161	2	10
16223	T	CAATCAACCTTC	12	16214	16225	CAGGCAACCTTC	6034	6045	2	10
16223	T	CTTCAACTATCA	12	16222	16233	CTTCCCCTATCA	7623	7634	2	10
16223	T	CAACCTTCAACT	12	16218	16229	TAATCTTCAACT	7932	7943	2	10
16223	T	AACCTTCAACTA	12	16219	16230	AATCTTCAACTC	7933	7944	2	10
16223	T	AACCTTCAACTA	12	16219	16230	AACCTGCCACTA	10305	10316	2	10
16223	T	TCAACCTTCAAC	12	16217	16228	TCAATCTCCAAC	10707	10718	2	10
16223	T	AACCTTCAACTA	12	16219	16230	AACATTCTACTA	11282	11293	2	10
16223	T	CCTTCAACTATC	12	16221	16232	CCTTGTACTATC	11542	11553	2	10
16223	T	TTCAACTATCAC	12	16223	16234	ATCAAATATCAC	11923	11934	2	10
16223	T	CCTTCAACTATC	12	16221	16232	TCTTCAAATATC	12686	12697	2	10
16223	T	CTTCAACTATCA	12	16222	16233	CTTCAAATATCT	12687	12698	2	10
16223	T	AATCAACCTTCA	12	16215	16226	AATCAACCCTGA	14269	14280	2	10
16223	T	TCAACCTTCAAC	12	16217	16228	TCACCCATCAAC	16068	16079	2	10
16223	T	ATCAACCTTCA	11	16216	16226	ATTAACCTTTA	823	833	2	9
16223	T	GCAATCAACCT	11	16213	16223	CCGATCAACCT	1225	1235	2	9
16223	T	CAATCAACCTT	11	16214	16224	CGATCAACCTC	1226	1236	2	9
16223	T	ACCTTCAACTA	11	16220	16230	ACATTTAACTA	1517	1527	2	9
16223	T	CAATCAACCTT	11	16214	16224	CACTCCACCTT	1691	1701	2	9
16223	T	CAATCAACCTT	11	16214	16224	CAGACAACCTT	1707	1717	2	9
16223	T	TCAACCTTCAA	11	16217	16227	TCAACTTTAAA	2042	2052	2	9
16223	T	TTCAACTATCA	11	16223	16233	TTCAACTTTAA	2041	2051	2	9
16223	T	TTCAACTATCA	11	16223	16233	TTCAACGATTA	3041	3051	2	9
16223	T	ATCAACCTTCA	11	16216	16226	ATCTACCATCA	3501	3511	2	9
16223	T	CCTTCAACTAT	11	16221	16231	TCTTCTACTAT	3552	3562	2	9
16223	T	CAATCAACCTT	11	16214	16224	CTATCAACATT	3757	3767	2	9
16223	T	AATCAACCTTC	11	16215	16225	AATAAACCCTC	4610	4620	2	9
16223	T	CCTTCAACTAT	11	16221	16231	CCATCAAGTAT	4636	4646	2	9
16223	T	GCAATCAACCT	11	16213	16223	GCAAGCAACCG	4655	4665	2	9
16223	T	CCTTCAACTAT	11	16221	16231	TCTTCAACAAT	4693	4703	2	9
16223	T	CTTCAACTATC	11	16222	16232	CTTCAACAATA	4694	4704	2	9
16223	T	CAATCAACCTT	11	16214	16224	CAATGAACCAT	4716	4726	2	9
16223	T	TCAACCTTCAA	11	16217	16227	GCAACCTTCTA	6037	6047	2	9
16223	T	CAACCTTCAAC	11	16218	16228	CAACCTTCTAG	6038	6048	2	9
16223	T	CTTCAACTATC	11	16222	16232	CTTCTCCTATC	6486	6496	2	9
16223	T	CCTTCAACTAT	11	16221	16231	ACTTCCACTAT	7030	7040	2	9
16223	T	CTTCAACTATC	11	16222	16232	CTTCCACTATG	7031	7041	2	9
16223	T	TTCAACTATCA	11	16223	16233	TTTCACTATCA	7142	7152	2	9
16223	T	ATCAACCTTCA	11	16216	16226	ATCACCTTTCA	7646	7656	2	9
16223	T	GCAATCAACCT	11	16213	16223	GCCATCATCCT	7793	7803	2	9
16223	T	CCTTCAACTAT	11	16221	16231	CCTTACACTAT	8416	8426	2	9
16223	T	ATCAACCTTCA	11	16216	16226	ATTAACCTTCC	9076	9086	2	9
16223	T	TCAACCTTCAA	11	16217	16227	ACAACATTCAA	10039	10049	2	9
16223	T	CAACCTTCAAC	11	16218	16228	CAACATTCAAA	10040	10050	2	9
16223	T	CAACCTTCAAC	11	16218	16228	TAACCCTCAAC	10609	10619	2	9
16223	T	AACCTTCAACT	11	16219	16229	AACCCTCAACA	10610	10620	2	9
16223	T	TCAACCTTCAA	11	16217	16227	TCAACTTTTAA	12263	12273	2	9
16223	T	ATCAACCTTCA	11	16216	16226	ATCCACCTTTA	12459	12469	2	9
16223	T	CTTCAACTATC	11	16222	16232	CCTCAACTACC	13845	13855	2	9
16223	T	CAATCAACCTT	11	16214	16224	GAATCAACCCT	14268	14278	2	9
16223	T	TTCAACTATCA	11	16223	16233	TTCAACTACAA	14728	14738	2	9
16223	T	CCTTCAACTAT	11	16221	16231	CTTGCAACTAT	15107	15117	2	9
16223	T	ATCAACCTTCA	11	16216	16226	AACAGCCTTCA	15121	15131	2	9
16223	T	CAATCAACCT	10	16214	16223	CTATCACCCT	11	20	2	8
16223	T	CAACCTTCAA	10	16218	16227	CTACGTTCAA	167	176	2	8
16223	T	CAACCTTCAA	10	16218	16227	CAAGCATCAA	752	761	2	8
16223	T	AATCAACCTT	10	16215	16224	GATTAACCTT	822	831	2	8
16223	T	AACCTTCAAC	10	16219	16228	AACCTTTAGC	826	835	2	8
16223	T	CAATCAACCT	10	16214	16223	CAATAAAGCT	965	974	2	8
16223	T	AACCTTCAAC	10	16219	16228	AAACCTCAAC	1102	1111	2	8
16223	T	ATCAACCT	8	16216	16223	ATCAACCT	1228	1235	0	8
16223	T	ATCAACCTTC	10	16216	16225	ATCAACCTCA	1228	1237	2	8
16223	T	CTTCAACTAT	10	16222	16231	CCTCAAGTAT	1497	1506	2	8
16223	T	CTTCAACTAT	10	16222	16231	GTTCAACTTT	2040	2049	2	8
16223	T	AATCAACCTT	10	16215	16224	AAAAAACCTT	2130	2139	2	8
16223	T	CAATCAACCT	10	16214	16223	CTATCACCCT	2276	2285	2	8
16223	T	TTCAACTATC	10	16223	16232	TTCAGCTGTC	2648	2657	2	8
16223	T	CAACCTTCAA	10	16218	16227	CAACCTCCGA	2836	2845	2	8
16223	T	CTTCAACTAT	10	16222	16231	GTTCAACGAT	3040	3049	2	8
16223	T	ACCTTCAACT	10	16220	16229	ACNTTCAAAT	3105	3114	2	8
16223	T	CAATCAACCT	10	16214	16223	CCATCACCCT	3506	3515	2	8
16223	T	TCAACCTTCA	10	16217	16226	TCAACCTCAA	3593	3602	2	8
16223	T	CAATCAACCT	10	16214	16223	CAAACAATCT	3718	3727	2	8
16223	T	ATCAACCTTC	10	16216	16225	ATCAACATTA	3759	3768	2	8
16223	T	CAATCAACCT	10	16214	16223	CAATCTTCCT	4025	4034	2	8
16223	T	CAATCAACCT	10	16214	16223	CACTCACCCT	4190	4199	2	8
16223	T	CCTTCAACTA	10	16221	16230	CCGTCATCTA	4489	4498	2	8
16223	T	ATCAACCTTC	10	16216	16225	ATAATCCTTC	4671	4680	2	8
16223	T	CCTTCAACTA	10	16221	16230	CCTTCTAATA	4676	4685	2	8
16223	T	CTTCAACTAT	10	16222	16231	ATTTAACTAT	5080	5089	2	8
16223	T	TTCAACTATC	10	16223	16232	TTTAACTATT	5081	5090	2	8
16223	T	ACCTTCAACT	10	16220	16229	AACTTAAACT	5127	5136	2	8
16223	T	ATCAACCTTC	10	16216	16225	ATCCACCCTC	5204	5213	2	8
16223	T	CAATCAACCT	10	16214	16223	CCATCACCCT	5320	5329	2	8
16223	T	ATCAACCTTC	10	16216	16225	ATCACCCTCC	5322	5331	2	8
16223	T	CAATCAACCT	10	16214	16223	CAATCACACT	5371	5380	2	8
16223	T	CAACCTTCAA	10	16218	16227	GAGCCTTCAA	5538	5547	2	8
16223	T	AACCTTCAAC	10	16219	16228	AGCCTTCAAA	5539	5548	2	8
16223	T	CAATCAACCT	10	16214	16223	CAATCTACTT	5723	5732	2	8
16223	T	CAACCTTC	8	16218	16225	CAACCTTC	6038	6045	0	8
16223	T	TTCAACTATC	10	16223	16232	TTCATCTTTC	6933	6942	2	8
16223	T	AATCAACCTT	10	16215	16224	AATCTAACTT	7167	7176	2	8
16223	T	CAATCAACCT	10	16214	16223	CCATAAACCT	7369	7378	2	8
16223	T	TTCAACTATC	10	16223	16232	CTGAACTATC	7777	7786	2	8
16223	T	ACCTTCAACT	10	16220	16229	ACCATCAAAT	7871	7880	2	8
16223	T	TTCAACTATC	10	16223	16232	GTCAACGATC	7853	7862	2	8
16223	T	CTTCAACT	8	16222	16229	CTTCAACT	7936	7943	0	8
16223	T	CTTCAACTAT	10	16222	16231	CTTCAACTCC	7936	7945	2	8
16223	T	ACCTTCAACT	10	16220	16229	ACCTGCGACT	7980	7989	2	8
16223	T	AATCAACCTT	10	16215	16224	CATTAACCTT	8314	8323	2	8
16223	T	ATCAACCTTC	10	16216	16225	ATTAACCTTT	8315	8324	2	8
16223	T	CAATCAACCT	10	16214	16223	TAATCAAACT	8672	8681	2	8
16223	T	AATCAACCTT	10	16215	16224	AATCAAACTA	8673	8682	2	8
16223	T	CAATCAACCT	10	16214	16223	CAACTAACCT	8768	8777	2	8
16223	T	CAATCAACCT	10	16214	16223	CTATAAACCT	8822	8831	2	8
16223	T	TTCAACTATC	10	16223	16232	CCCAACTATC	8813	8822	2	8
16223	T	CAATCAACCT	10	16214	16223	CCATCAGCCT	8963	8972	2	8
16223	T	ATCAACCTTC	10	16216	16225	ATCAGCCTAC	8965	8974	2	8
16223	T	AACCTTCAAC	10	16219	16228	AACCATCAGC	8961	8970	2	8
16223	T	CAATCAACCT	10	16214	16223	CATTCAACCA	8976	8985	2	8
16223	T	CCTTCAACTA	10	16221	16230	CATTCAACCA	8976	8985	2	8
16223	T	AATCAACCTT	10	16215	16224	TATCAACCAT	9068	9077	2	8
16223	T	TCAACCTTCA	10	16217	16226	TCTACCTGCA	9185	9194	2	8
16223	T	TCAACCTTCA	10	16217	16226	TCTCCCTTCA	9756	9765	2	8
16223	T	ATCAACCTTC	10	16216	16225	CTCAACTTTC	9839	9848	2	8
16223	T	TCAACCTTCA	10	16217	16226	TCAACTTTCC	9840	9849	2	8
16223	T	TTCAACTATC	10	16223	16232	CTCAACTTTC	9839	9848	2	8
16223	T	CCTTCAACTA	10	16221	16230	CCGCCAACTA	9866	9875	2	8
16223	T	CTTCAACTAT	10	16222	16231	CTCCATCTAT	9968	9977	2	8
16223	T	ACCTTCAACT	10	16220	16229	ACCGTTAACT	10011	10020	2	8
16223	T	CAATCAACCT	10	16214	16223	CAACTAACCT	10300	10309	2	8
16223	T	CCTTCAACTA	10	16221	16230	CCTTCCCCTA	11230	11239	2	8
16223	T	CAATCAACCT	10	16214	16223	CTATCAAACT	11315	11324	2	8
16223	T	ATCAACCTTC	10	16216	16225	ATCAAACTCC	11317	11326	2	8
16223	T	CAATCAACCT	10	16214	16223	CAATCAGCCA	11628	11637	2	8
16223	T	TCAACCTTCA	10	16217	16226	TGAAGCTTCA	11678	11687	2	8
16223	T	AACCTTCAAC	10	16219	16228	AAGCTTCACC	11680	11689	2	8
16223	T	CAATCAACCT	10	16214	16223	CTATTAACCT	11874	11883	2	8
16223	T	ATCAACCTTC	10	16216	16225	ATTAACCTAC	11876	11885	2	8
16223	T	TTCAACTATC	10	16223	16232	TACACCTATC	12075	12084	2	8
16223	T	AACCTTCAAC	10	16219	16228	ATCCCTCAAC	12100	12109	2	8
16223	T	AATCAACCTT	10	16215	16224	CATCCACCTT	12458	12467	2	8
16223	T	CAATCAACCT	10	16214	16223	CAAACAACCC	12550	12559	2	8
16223	T	CAACCTTCAA	10	16218	16227	TAAGCTTCAA	12569	12578	2	8
16223	T	AACCTTCAAC	10	16219	16228	AAGCTTCAAA	12570	12579	2	8
16223	T	CAATCAACCT	10	16214	16223	CAACCAACCA	13293	13302	2	8
16223	T	ATCAACCTTC	10	16216	16225	ATCAACCAAC	13291	13300	2	8
16223	T	TCAACCTTCA	10	16217	16226	ACAACCTTAA	13379	13388	2	8
16223	T	CAACCTTCAA	10	16218	16227	CAACCTTAAC	13380	13389	2	8
16223	T	ATCAACCTTC	10	16216	16225	TTCAACCTCC	13443	13452	2	8
16223	T	TCAACCTTCA	10	16217	16226	TCAACCTCCC	13444	13453	2	8
16223	T	ATCAACCTTC	10	16216	16225	ATCCCCCTTC	13761	13770	2	8
16223	T	CAATCAACCT	10	16214	16223	CAATCCCCCT	13778	13787	2	8
16223	T	ACCTTCAACT	10	16220	16229	ACCTAAAACT	13790	13799	2	8
16223	T	CCTTCAACTA	10	16221	16230	ACCTCAACTA	13844	13853	2	8
16223	T	CAACCTTCAA	10	16218	16227	CAAACTTAAA	13863	13872	2	8
16223	T	TCAACCTTCA	10	16217	16226	TCCACCTCCA	14050	14059	2	8
16223	T	AATCAACCTT	10	16215	16224	AATTAAACTT	14085	14094	2	8
16223	T	CAATCAACCT	10	16214	16223	CACTCATCCT	14117	14126	2	8
16223	T	TCAACCTTCA	10	16217	16226	ACAACCATCA	14477	14486	2	8
16223	T	CAACCTTCAA	10	16218	16227	CAACCATCAT	14478	14487	2	8
16223	T	TTCAACTA	8	16223	16230	TTCAACTA	14728	14735	0	8
16223	T	CCTTCAACTA	10	16221	16230	ATTTCAACTA	14726	14735	2	8
16223	T	CTTCAACTAT	10	16222	16231	TTTCAACTAC	14727	14736	2	8
16223	T	ATCAACCTTC	10	16216	16225	ATCGACCTCC	14801	14810	2	8
16223	T	ATCAACCTTC	10	16216	16225	ATGAAACTTC	14836	14845	2	8
16223	T	TTCAACTATC	10	16223	16232	TTCATCAATC	14935	14944	2	8
16223	T	TCAACCTTCA	10	16217	16226	GCTACCTTCA	14985	14994	2	8
16223	T	CAACCTTCAA	10	16218	16227	CTACCTTCAC	14986	14995	2	8
16223	T	AACCTTCAAC	10	16219	16228	AACCTGAAAC	15079	15088	2	8
16223	T	TTCAACTATC	10	16223	16232	TGCAACTATA	15109	15118	2	8
16223	T	CAACCTTCAA	10	16218	16227	CAGCCTTCAT	15123	15132	2	8
16223	T	CAATCAACCT	10	16214	16223	CAATGAATCT	15230	15239	2	8
16223	T	ACCTTCAACT	10	16220	16229	ACCTTTCACT	15284	15293	2	8
16223	T	CAATCAACCT	10	16214	16223	CACTCCACCT	15327	15336	2	8
16223	T	CAATCAACCT	10	16214	16223	CAAACAACCC	15360	15369	2	8
16223	T	AACCTTCAAC	10	16219	16228	CACCTTCCAC	15400	15409	2	8
16223	T	ACCTTCAACT	10	16220	16229	ACCTTCCACC	15401	15410	2	8
16223	T	TTCAACTATC	10	16223	16232	ACCAACTATC	15844	15853	2	8
16223	T	CTTCAACTAT	10	16222	16231	TTTAAACTAT	16008	16017	2	8
16223	T	TTCAACTATC	10	16223	16232	TTAAACTATT	16009	16018	2	8
16223	T	CCTTCAACTA	10	16221	16230	CCATCAACAA	16072	16081	2	8
16223	T	CAATCAACCT	10	16214	16223	CAATCCACAT	16169	16178	2	8
16223	T	TCAACCTTCA	10	16217	16226	TCAACTATCA	16224	16233	2	8
16223	T	ACCTTCAACT	10	16220	16229	AACTGCAACT	16240	16249	2	8
16223	T	CAATCAACCT	10	16214	16223	CAACAAACCT	16279	16288	2	8
16223	T	TTCAACTA	8	16223	16230	TTTAACTA	848	855	1	7
16223	T	TTCAACT	7	16223	16229	TTCAACT	1647	1653	0	7
16223	T	CTTCAACT	8	16222	16229	TTTCAACT	1646	1653	1	7
16223	T	TTCAACTA	8	16223	16230	TTCAACTT	1647	1654	1	7
16223	T	CAACCTT	7	16218	16224	CAACCTT	1711	1717	0	7
16223	T	CAACCTTC	8	16218	16225	CAACCTTA	1711	1718	1	7
16223	T	TTCAACT	7	16223	16229	TTCAACT	2041	2047	0	7
16223	T	AACCTTCA	8	16219	16226	AACCTGCA	2791	2798	1	7
16223	T	TTCAACTA	8	16223	16230	TACAACTA	3398	3405	1	7
16223	T	TCAACCT	7	16217	16223	TCAACCT	3593	3599	0	7
16223	T	TCAACCT	7	16217	16223	TCAACCT	3599	3605	0	7
16223	T	ATCAACCT	8	16216	16223	GTCAACCT	3592	3599	1	7
16223	T	ATCAACCT	8	16216	16223	CTCAACCT	3598	3605	1	7
16223	T	TCAACCTT	8	16217	16224	TCAACCTA	3599	3606	1	7
16223	T	CCTTCAAC	8	16221	16228	CCTTTAAC	3782	3789	1	7
16223	T	TCAACCTT	8	16217	16224	TCGACCTT	3899	3906	1	7
16223	T	CCTTCAAC	8	16221	16228	CCTTCGAC	3896	3903	1	7
16223	T	CTTCAAC	7	16222	16228	CTTCAAC	3936	3942	0	7
16223	T	CTTCAACT	8	16222	16229	CTTCAACA	3936	3943	1	7
16223	T	CAACCTTC	8	16218	16225	CAATCTTC	4025	4032	1	7
16223	T	CTTCAAC	7	16222	16228	CTTCAAC	4694	4700	0	7
16223	T	TCAACCTT	8	16217	16224	TCAATCTT	4941	4948	1	7
16223	T	CCTTCAA	7	16221	16227	CCTTCAA	5541	5547	0	7
16223	T	CTTCAACT	8	16222	16229	CATCAACT	5611	5618	1	7
16223	T	CAACCTTC	8	16218	16225	CCACCTTC	6553	6560	1	7
16223	T	AACCTTC	7	16219	16225	AACCTTC	9079	9085	0	7
16223	T	CTTCAACT	8	16222	16229	CTTCCACT	9314	9321	1	7
16223	T	CCTTCAAC	8	16221	16228	CCTTCACC	9760	9767	1	7
16223	T	TCAACCTT	8	16217	16224	TCAACATT	9789	9796	1	7
16223	T	ATCAACCT	8	16216	16223	ATCATCCT	10344	10351	1	7
16223	T	ATCAACCT	8	16216	16223	AACAACCT	10898	10905	1	7
16223	T	CAACCTT	7	16218	16224	CAACCTT	10920	10926	0	7
16223	T	TCAACCTT	8	16217	16224	CCAACCTT	10919	10926	1	7
16223	T	CAACCTTC	8	16218	16225	CAACCTTT	10920	10927	1	7
16223	T	AACCTTCA	8	16219	16226	AACATTCA	11083	11090	1	7
16223	T	AACCTTCA	8	16219	16226	AACCCTCA	12039	12046	1	7
16223	T	CTTCAACT	8	16222	16229	CTCCAACT	12912	12919	1	7
16223	T	CTTCAACT	8	16222	16229	CTTCAAGT	13253	13260	1	7
16223	T	TTCAACTA	8	16223	16230	GTCAACTA	13259	13266	1	7
16223	T	CAACCTT	7	16218	16224	CAACCTT	13380	13386	0	7
16223	T	TCAACCT	7	16217	16223	TCAACCT	13444	13450	0	7
16223	T	CTTCAAC	7	16222	16228	CTTCAAC	13442	13448	0	7
16223	T	CCTTCAAC	8	16221	16228	ACTTCAAC	13441	13448	1	7
16223	T	CTTCAACT	8	16222	16229	CTTCAACC	13442	13449	1	7
16223	T	TCAACCT	7	16217	16223	TCAACCT	13635	13641	0	7
16223	T	ATCAACCT	8	16216	16223	GTCAACCT	13634	13641	1	7
16223	T	TCAACCTT	8	16217	16224	TCAACCTC	13635	13642	1	7
16223	T	TTCAACTA	8	16223	16230	TTCAACCA	14199	14206	1	7
16223	T	ACCTTCA	7	16220	16226	ACCTTCA	14988	14994	0	7
16223	T	CTTCAACT	8	16222	16229	CTTCATCT	15292	15299	1	7
16223	T	CCTTCAAC	8	16221	16228	CCTTAAAC	15528	15535	1	7
16223	T	CTTCAACT	8	16222	16229	CTTTAACT	15969	15976	1	7
16223	T	CTTCAACT	8	16222	16229	CATCAACT	16236	16243	1	7
16223	T	TCAACCT	7	16217	16223	TCATCCT	146	152	1	6
16223	T	CTTCAAC	7	16222	16228	CTTAAAC	332	338	1	6
16223	T	TTCAACT	7	16223	16229	TTCAAAT	392	398	1	6
16223	T	TCAACCT	7	16217	16223	TCACCCT	721	727	1	6
16223	T	AACCTT	6	16219	16224	AACCTT	826	831	0	6
16223	T	CTTCAAC	7	16222	16228	CTTTAAC	1032	1038	1	6
16223	T	TCAACCT	7	16217	16223	TAAACCT	1101	1107	1	6
16223	T	TCAACCT	7	16217	16223	TCAGCCT	1249	1255	1	6
16223	T	ACCTTCA	7	16220	16226	ATCTTCA	1266	1272	1	6
16223	T	CTTCAAC	7	16222	16228	CTTCAGC	1268	1274	1	6
16223	T	TCAACCT	7	16217	16223	TCACCCT	1490	1496	1	6
16223	T	CTTCAA	6	16222	16227	CTTCAA	1508	1513	0	6
16223	T	CCTTCAA	7	16221	16227	ACTTCAA	1507	1513	1	6
16223	T	CTTCAAC	7	16222	16228	CTTCAAA	1508	1514	1	6
16223	T	TCAACCT	7	16217	16223	TCAACTT	1648	1654	1	6
16223	T	TCAACCT	7	16217	16223	TAAACCT	1673	1679	1	6
16223	T	ACCTTC	6	16220	16225	ACCTTC	1844	1849	0	6
16223	T	AACCTTC	7	16219	16225	TACCTTC	1843	1849	1	6
16223	T	ACCTTCA	7	16220	16226	ACCTTCT	1844	1850	1	6
16223	T	AACCTTC	7	16219	16225	AACCTAC	1994	2000	1	6
16223	T	AACCTTC	7	16219	16225	AACCCTC	2064	2070	1	6
16223	T	TTCAACT	7	16223	16229	TTTAACT	2087	2093	1	6
16223	T	AACCTT	6	16219	16224	AACCTT	2134	2139	0	6
16223	T	AACCTTC	7	16219	16225	AACCTTG	2134	2140	1	6
16223	T	TCAACCT	7	16217	16223	TCAAGCT	2205	2211	1	6
16223	T	CCTTCAA	7	16221	16227	CGTTCAA	2202	2208	1	6
16223	T	AACCTTC	7	16219	16225	AACATTC	2320	2326	1	6
16223	T	ACCTTCA	7	16220	16226	ACCCTCA	2412	2418	1	6
16223	T	TCAACCT	7	16217	16223	TCAACCC	2422	2428	1	6
16223	T	CCTTCAA	7	16221	16227	CCTTAAA	2611	2617	1	6
16223	T	CAACCT	6	16218	16223	CAACCT	2836	2841	0	6
16223	T	TCAACCT	7	16217	16223	CCAACCT	2835	2841	1	6
16223	T	CTTCAAC	7	16222	16228	CTTCACC	2862	2868	1	6
16223	T	TTCAAC	6	16223	16228	TTCAAC	3041	3046	0	6
16223	T	TCAACCT	7	16217	16223	TCAACTT	3188	3194	1	6
16223	T	TTCAACT	7	16223	16229	CTCAACT	3187	3193	1	6
16223	T	TTCAACT	7	16223	16229	TTCAATT	3285	3291	1	6
16223	T	CAACCT	6	16218	16223	CAACCT	3318	3323	0	6
16223	T	TCAACCT	7	16217	16223	CCAACCT	3317	3323	1	6
16223	T	CAACCTT	7	16218	16224	CAACGTT	3417	3423	1	6
16223	T	CAACCTT	7	16218	16224	CAACCCT	3445	3451	1	6
16223	T	AACCTTC	7	16219	16225	ACCCTTC	3447	3453	1	6
16223	T	CTTCAAC	7	16222	16228	CTACAAC	3442	3448	1	6
16223	T	CTTCAAC	7	16222	16228	CTTCACC	3471	3477	1	6
16223	T	CAACCTT	7	16218	16224	CGACCTT	3530	3536	1	6
16223	T	CTTCAAC	7	16222	16228	CCTCAAC	3597	3603	1	6
16223	T	TCAACCT	7	16217	16223	TCACCCT	3737	3743	1	6
16223	T	TCAACCT	7	16217	16223	TTAACCT	3785	3791	1	6
16223	T	CAACCTT	7	16218	16224	CACCCTT	3795	3801	1	6
16223	T	TCAACCT	7	16217	16223	TCAACAT	3938	3944	1	6
16223	T	ACCTTCA	7	16220	16226	ACCCTCA	4012	4018	1	6
16223	T	AACCTTC	7	16219	16225	AACCTCC	4104	4110	1	6
16223	T	AACCTTC	7	16219	16225	AAACTTC	4179	4185	1	6
16223	T	CCTTCAA	7	16221	16227	CCCTCAA	4251	4257	1	6
16223	T	CTTCAAC	7	16222	16228	CTTAAAC	4312	4318	1	6
16223	T	AACCTTC	7	16219	16225	ACCCTTC	4455	4461	1	6
16223	T	AACCTTC	7	16219	16225	AGCCTTC	4923	4929	1	6
16223	T	CAACCTT	7	16218	16224	CAACCCT	5057	5063	1	6
16223	T	TCAACCT	7	16217	16223	TCAACTT	5125	5131	1	6
16223	T	TTCAACT	7	16223	16229	CTCAACT	5124	5130	1	6
16223	T	CAACCTT	7	16218	16224	CACCCTT	5191	5197	1	6
16223	T	ACCTTCA	7	16220	16226	ACCATCA	5307	5313	1	6
16223	T	TCAACCT	7	16217	16223	TTAACCT	5332	5338	1	6
16223	T	ACCTTCA	7	16220	16226	ACCATCA	5319	5325	1	6
16223	T	TCAACCT	7	16217	16223	TCTACCT	5344	5350	1	6
16223	T	CTTCAAC	7	16222	16228	CTTCTAC	5342	5348	1	6
16223	T	TCAACCT	7	16217	16223	TCCACCT	5364	5370	1	6
16223	T	CTTCAAC	7	16222	16228	CTTAAAC	5671	5677	1	6
16223	T	TTCAACT	7	16223	16229	ATCAACT	5711	5717	1	6
16223	T	CTTCAA	6	16222	16227	CTTCAA	5720	5725	0	6
16223	T	TCAACCT	7	16217	16223	TCAATCT	5722	5728	1	6
16223	T	CCTTCAA	7	16221	16227	GCTTCAA	5719	5725	1	6
16223	T	CTTCAAC	7	16222	16228	CTTCAAT	5720	5726	1	6
16223	T	CAACCTT	7	16218	16224	CAACGTT	6065	6071	1	6
16223	T	CTTCAAC	7	16222	16228	CTACAAC	6062	6068	1	6
16223	T	AACCTTC	7	16219	16225	AATCTTC	6098	6104	1	6
16223	T	AACCTTC	7	16219	16225	AAGCTTC	6203	6209	1	6
16223	T	AACCTTC	7	16219	16225	AACCATC	6338	6344	1	6
16223	T	CCTTCAA	7	16221	16227	CCATCAA	6385	6391	1	6
16223	T	CAACCT	6	16218	16223	CAACCT	6542	6547	0	6
16223	T	TCAACCT	7	16217	16223	GCAACCT	6541	6547	1	6
16223	T	CAACCTT	7	16218	16224	CAACCTC	6542	6548	1	6
16223	T	CTTCAAC	7	16222	16228	CCTCAAC	6545	6551	1	6
16223	T	ACCTTC	6	16220	16225	ACCTTC	6555	6560	0	6
16223	T	ACCTTCA	7	16220	16226	ACCTTCT	6555	6561	1	6
16223	T	CTTCAAC	7	16222	16228	CTTCGAC	6560	6566	1	6
16223	T	TCAACCT	7	16217	16223	TCACCCT	6620	6626	1	6
16223	T	TTCAACT	7	16223	16229	TTCACCT	6816	6822	1	6
16223	T	AACCTTC	7	16219	16225	AACCTAC	7124	7130	1	6
16223	T	AACCTTC	7	16219	16225	AACTTTC	7172	7178	1	6
16223	T	AACCTTC	7	16219	16225	AGCCTTC	7325	7331	1	6
16223	T	AACCTTC	7	16219	16225	AACCCTC	7363	7369	1	6
16223	T	AACCTTC	7	16219	16225	AACCGTC	7771	7777	1	6
16223	T	CAACCTT	7	16218	16224	CATCCTT	7831	7837	1	6
16223	T	TCAACCT	7	16217	16223	TGAACCT	7901	7907	1	6
16223	T	AACCTTC	7	16219	16225	AACCTAC	7903	7909	1	6
16223	T	ACCTTCA	7	16220	16226	ACTTTCA	8132	8138	1	6
16223	T	AACCTT	6	16219	16224	AACCTT	8318	8323	0	6
16223	T	CTTCAAC	7	16222	16228	CATCAAC	8637	8643	1	6
16223	T	AACCTTC	7	16219	16225	AACCTCC	8773	8779	1	6
16223	T	ACCTTCA	7	16220	16226	ACCTACA	8925	8931	1	6
16223	T	TTCAAC	6	16223	16228	TTCAAC	8978	8983	0	6
16223	T	ACCTTCA	7	16220	16226	ATCTTCA	9100	9106	1	6
16223	T	TTCAACT	7	16223	16229	TTCTACT	9116	9122	1	6
16223	T	CCTTCAA	7	16221	16227	CCTTCGA	9440	9446	1	6
16223	T	CCTTCAA	7	16221	16227	CCTACAA	9731	9737	1	6
16223	T	CCTTCA	6	16221	16226	CCTTCA	9760	9765	0	6
16223	T	CTTCAAC	7	16222	16228	CTTCCAC	9812	9818	1	6
16223	T	CTTCAAC	7	16222	16228	CTTCATC	9860	9866	1	6
16223	T	AACCTTC	7	16219	16225	AAACTTC	10061	10067	1	6
16223	T	CTTCAAC	7	16222	16228	CTTCGAC	10178	10184	1	6
16223	T	ACCTTC	6	16220	16225	ACCTTC	10239	10244	0	6
16223	T	AACCTTC	7	16219	16225	TACCTTC	10238	10244	1	6
16223	T	ACCTTCA	7	16220	16226	ACCTTCT	10239	10245	1	6
16223	T	CCTTCAA	7	16221	16227	CCTACAA	10292	10298	1	6
16223	T	TTCAACT	7	16223	16229	TTCGACT	10434	10440	1	6
16223	T	TCAACCT	7	16217	16223	TAAACCT	10747	10753	1	6
16223	T	AACCTTC	7	16219	16225	AACCTAC	10749	10755	1	6
16223	T	CAACCT	6	16218	16223	CAACCT	10900	10905	0	6
16223	T	CAACCTT	7	16218	16224	CAACCTA	10900	10906	1	6
16223	T	TCAACCT	7	16217	16223	TCTACCT	11040	11046	1	6
16223	T	CCTTCAA	7	16221	16227	CCTACAA	11062	11068	1	6
16223	T	CAACCTT	7	16218	16224	CCACCTT	11142	11148	1	6
16223	T	TCAACCT	7	16217	16223	TCAACCC	11508	11514	1	6
16223	T	CTTCAA	6	16222	16227	CTTCAA	11625	11630	0	6
16223	T	CCTTCAA	7	16221	16227	TCTTCAA	11624	11630	1	6
16223	T	CTTCAAC	7	16222	16228	CTTCAAT	11625	11631	1	6
16223	T	TCAACCT	7	16217	16223	TCAAACT	11753	11759	1	6
16223	T	CTTCAA	6	16222	16227	CTTCAA	11801	11806	0	6
16223	T	TCAACCT	7	16217	16223	TCAAACT	11803	11809	1	6
16223	T	CCTTCAA	7	16221	16227	ACTTCAA	11800	11806	1	6
16223	T	CTTCAAC	7	16222	16228	CTTCAAA	11801	11807	1	6
16223	T	ACCTTCA	7	16220	16226	ACCCTCA	12062	12068	1	6
16223	T	TCAACCT	7	16217	16223	TCAACCC	12105	12111	1	6
16223	T	TTCAACT	7	16223	16229	CTCAACT	12262	12268	1	6
16223	T	TTCAACT	7	16223	16229	TGCAACT	12317	12323	1	6
16223	T	CAACCTT	7	16218	16224	CATCCTT	12390	12396	1	6
16223	T	CTTCAA	6	16222	16227	CTTCAA	12573	12578	0	6
16223	T	TCAACCT	7	16217	16223	TCAAACT	12575	12581	1	6
16223	T	CTTCAA	6	16222	16227	CTTCAA	12687	12692	0	6
16223	T	CAACCT	6	16218	16223	CAACCT	12741	12746	0	6
16223	T	CAACCTT	7	16218	16224	CAACCTA	12741	12747	1	6
16223	T	TTCAACT	7	16223	16229	TCCAACT	12749	12755	1	6
16223	T	AACCTTC	7	16219	16225	ATCCTTC	12786	12792	1	6
16223	T	CCTTCAA	7	16221	16227	CATTCAA	12840	12846	1	6
16223	T	CAACCTT	7	16218	16224	CAACCGT	12858	12864	1	6
16223	T	TCAACCT	7	16217	16223	TCATCCT	12881	12887	1	6
16223	T	CCTTCAA	7	16221	16227	CCTTCTA	12942	12948	1	6
16223	T	AACCTTC	7	16219	16225	AATCTTC	13104	13110	1	6
16223	T	CTTCAAC	7	16222	16228	CTTCCAC	13122	13128	1	6
16223	T	CTTCAA	6	16222	16227	CTTCAA	13253	13258	0	6
16223	T	AACCTTC	7	16219	16225	AGCCTTC	13242	13248	1	6
16223	T	CCTTCAA	7	16221	16227	ACTTCAA	13252	13258	1	6
16223	T	CTTCAAC	7	16222	16228	CATCAAC	13290	13296	1	6
16223	T	CTTCAA	6	16222	16227	CTTCAA	13338	13343	0	6
16223	T	CCTTCAA	7	16221	16227	TCTTCAA	13337	13343	1	6
16223	T	CTTCAAC	7	16222	16228	CTTCAAA	13338	13344	1	6
16223	T	TTCAACT	7	16223	16229	TTCTACT	13501	13507	1	6
16223	T	TCAACCT	7	16217	16223	TCACCCT	13622	13628	1	6
16223	T	CAACCTT	7	16218	16224	CACCCTT	13650	13656	1	6
16223	T	CAACCTT	7	16218	16224	CAACATT	13746	13752	1	6
16223	T	CCTTCAA	7	16221	16227	CCTTCCA	13766	13772	1	6
16223	T	TCAACCT	7	16217	16223	TCTACCT	13787	13793	1	6
16223	T	CTTCAAC	7	16222	16228	CTCCAAC	13902	13908	1	6
16223	T	AACCTTC	7	16219	16225	AACCTGC	13975	13981	1	6
16223	T	TCAACCT	7	16217	16223	TCAACCC	14068	14074	1	6
16223	T	CTTCAAC	7	16222	16228	CCTCAAC	14066	14072	1	6
16223	T	TTCAACT	7	16223	16229	TTAAACT	14087	14093	1	6
16223	T	TTCAAC	6	16223	16228	TTCAAC	14199	14204	0	6
16223	T	TCAACCT	7	16217	16223	TCAACCA	14200	14206	1	6
16223	T	CCTTCA	6	16221	16226	CCTTCA	14288	14293	0	6
16223	T	ACCTTCA	7	16220	16226	TCCTTCA	14287	14293	1	6
16223	T	CCTTCAA	7	16221	16227	CCTTCAT	14288	14294	1	6
16223	T	TTCAACT	7	16223	16229	TTCAGCT	14301	14307	1	6
16223	T	ACCTTCA	7	16220	16226	ACCTCCA	14375	14381	1	6
16223	T	TCAACCT	7	16217	16223	TCAACCC	14414	14420	1	6
16223	T	CTTCAAC	7	16222	16228	CCTCAAC	14412	14418	1	6
16223	T	AACCTTC	7	16219	16225	AACCTCC	14526	14532	1	6
16223	T	CTTCAAC	7	16222	16228	CTACAAC	14688	14694	1	6
16223	T	AACCTTC	7	16219	16225	AACCATC	14714	14720	1	6
16223	T	CCTTCAA	7	16221	16227	CCTCCAA	14872	14878	1	6
16223	T	TCAACCT	7	16217	16223	TCAACCG	14924	14930	1	6
16223	T	CTTCAAC	7	16222	16228	CCTCAAC	14922	14928	1	6
16223	T	CCTTCA	6	16221	16226	CCTTCA	15126	15131	0	6
16223	T	CAACCTT	7	16218	16224	CAAACTT	15186	15192	1	6
16223	T	ACCTTCA	7	16220	16226	ACCCTCA	15266	15272	1	6
16223	T	CCTTCA	6	16221	16226	CCTTCA	15303	15308	0	6
16223	T	ACCTTCA	7	16220	16226	CCCTTCA	15302	15308	1	6
16223	T	CCTTCAA	7	16221	16227	CCTTCAT	15303	15309	1	6
16223	T	ACCTTC	6	16220	16225	ACCTTC	15401	15406	0	6
16223	T	CAACCTT	7	16218	16224	CACCCTT	15407	15413	1	6
16223	T	TCAACCT	7	16217	16223	TCATCCT	15642	15648	1	6
16223	T	ACCTTCA	7	16220	16226	ACCATCA	15788	15794	1	6
16223	T	AACCTT	6	16219	16224	AACCTT	15936	15941	0	6
16223	T	CAACCTT	7	16218	16224	AAACCTT	15935	15941	1	6
16223	T	AACCTTC	7	16219	16225	AACCTTT	15936	15942	1	6
16223	T	AACCTTC	7	16219	16225	AACCTAC	16284	16290	1	6
16223	T	CAACCTT	7	16218	16224	CACCCTT	16292	16298	1	6
16223	T	CCTTCAA	7	16221	16227	CCTTAAA	16548	16554	1	6
16223	T	CAACCT	6	16218	16223	CACCCT	110	115	1	5
16223	T	TTCAA	5	16223	16227	TTCAA	172	176	0	5
16223	T	ACCTTC	6	16220	16225	ACCTAC	165	170	1	5
16223	T	TTCAAC	6	16223	16228	TTCAAT	172	177	1	5
16223	T	ACCTTC	6	16220	16225	ACTTTC	263	268	1	5
16223	T	TTCAAC	6	16223	16228	TTCCAC	266	271	1	5
16223	T	TTCAAC	6	16223	16228	TTCCAC	293	298	1	5
16223	T	AACCTT	6	16219	16224	AACCCT	367	372	1	5
16223	T	CAACCT	6	16218	16223	CAGCCT	378	383	1	5
16223	T	TTCAA	5	16223	16227	TTCAA	392	396	0	5
16223	T	CTTCAA	6	16222	16227	TTTCAA	391	396	1	5
16223	T	TTCAAC	6	16223	16228	TTTAAC	422	427	1	5
16223	T	CTTCAA	6	16222	16227	CATCAA	483	488	1	5
16223	T	CAACCT	6	16218	16223	CAACCC	491	496	1	5
16223	T	TTCAAC	6	16223	16228	TACAAC	489	494	1	5
16223	T	CAACCT	6	16218	16223	CATCCT	502	507	1	5
16223	T	CAACCT	6	16218	16223	CAACCA	549	554	1	5
16223	T	ACCTTC	6	16220	16225	ACCTCC	590	595	1	5
16223	T	CTTCAA	6	16222	16227	CCTCAA	594	599	1	5
16223	T	AACCTT	6	16219	16224	AGCCTT	663	668	1	5
16223	T	ACCTTC	6	16220	16225	ACCCTC	723	728	1	5
16223	T	TTCAAC	6	16223	16228	TTCACC	720	725	1	5
16223	T	CAACCT	6	16218	16223	CAAACT	1066	1071	1	5
16223	T	AACCT	5	16219	16223	AACCT	1103	1107	0	5
16223	T	TTCAAC	6	16223	16228	ATCAAC	1118	1123	1	5
16223	T	CTTCAA	6	16222	16227	CTTAAA	1156	1161	1	5
16223	T	CTTCA	5	16222	16226	CTTCA	1182	1186	0	5
16223	T	CCTTCA	6	16221	16226	GCTTCA	1181	1186	1	5
16223	T	CTTCAA	6	16222	16227	CTTCAT	1182	1187	1	5
16223	T	TTCAAC	6	16223	16228	ATCAAC	1228	1233	1	5
16223	T	CAACCT	6	16218	16223	CCACCT	1238	1243	1	5
16223	T	CTTCA	5	16222	16226	CTTCA	1268	1272	0	5
16223	T	AACCTT	6	16219	16224	AACCCT	1276	1281	1	5
16223	T	CTTCAA	6	16222	16227	CTACAA	1290	1295	1	5
16223	T	TTCAAC	6	16223	16228	TTCTAC	1370	1375	1	5
16223	T	AACCTT	6	16219	16224	AAACTT	1402	1407	1	5
16223	T	TTCAAC	6	16223	16228	TTGAAC	1455	1460	1	5
16223	T	ACCTTC	6	16220	16225	ACCCTC	1492	1497	1	5
16223	T	CCTTCA	6	16221	16226	CCGTCA	1487	1492	1	5
16223	T	CAACCT	6	16218	16223	CAACTT	1628	1633	1	5
16223	T	AACCT	5	16219	16223	AACCT	1675	1679	0	5
16223	T	AACCTT	6	16219	16224	AACCTA	1675	1680	1	5
16223	T	ACCTT	5	16220	16224	ACCTT	1697	1701	0	5
16223	T	ACCTTC	6	16220	16225	ACCTTA	1697	1702	1	5
16223	T	AACCTT	6	16219	16224	AACCAT	1723	1728	1	5
16223	T	AACCT	5	16219	16223	AACCT	1762	1766	0	5
16223	T	CAACCT	6	16218	16223	AAACCT	1761	1766	1	5
16223	T	AACCTT	6	16219	16224	AACCTG	1762	1767	1	5
16223	T	AACCTT	6	16219	16224	AACTTT	1873	1878	1	5
16223	T	CAACCT	6	16218	16223	CTACCT	1919	1924	1	5
16223	T	AACCT	5	16219	16223	AACCT	1994	1998	0	5
16223	T	CAACCT	6	16218	16223	AAACCT	1993	1998	1	5
16223	T	AACCTT	6	16219	16224	AATCTT	2033	2038	1	5
16223	T	TTCAAC	6	16223	16228	TTTAAC	2157	2162	1	5
16223	T	TTCAA	5	16223	16227	TTCAA	2204	2208	0	5
16223	T	TTCAAC	6	16223	16228	TTCAAG	2204	2209	1	5
16223	T	TTCAAC	6	16223	16228	CTCAAC	2210	2215	1	5
16223	T	CAACCT	6	16218	16223	CTACCT	2221	2226	1	5
16223	T	CAACCT	6	16218	16223	CAATCT	2272	2277	1	5
16223	T	CTTCAA	6	16222	16227	CTACAA	2386	2391	1	5
16223	T	TTCAAC	6	16223	16228	GTCAAC	2421	2426	1	5
16223	T	AACCTT	6	16219	16224	AATCTT	2481	2486	1	5
16223	T	TTCAAC	6	16223	16228	TTTAAC	2561	2566	1	5
16223	T	AACCTT	6	16219	16224	AACCGT	2581	2586	1	5
16223	T	TTCAAC	6	16223	16228	TTTAAC	2665	2670	1	5
16223	T	ACCTTC	6	16220	16225	ACCTGC	2682	2687	1	5
16223	T	CTTCAA	6	16222	16227	CTTTAA	2736	2741	1	5
16223	T	AACCT	5	16219	16223	AACCT	2791	2795	0	5
16223	T	CAACCT	6	16218	16223	AAACCT	2790	2795	1	5
16223	T	CAACCT	6	16218	16223	CGACCT	2818	2823	1	5
16223	T	CTTCA	5	16222	16226	CTTCA	2862	2866	0	5
16223	T	CCTTCA	6	16221	16226	ACTTCA	2861	2866	1	5
16223	T	TTCAAC	6	16223	16228	ATCAAC	2965	2970	1	5
16223	T	CAACCT	6	16218	16223	CGACCT	2982	2987	1	5
16223	T	TTCAA	5	16223	16227	TTCAA	3108	3112	0	5
16223	T	CTTCA	5	16222	16226	CTTCA	3152	3156	0	5
16223	T	CCTTCA	6	16221	16226	ACTTCA	3151	3156	1	5
16223	T	CTTCAA	6	16222	16227	CTTCAC	3152	3157	1	5
16223	T	CCTTC	5	16221	16225	CCTTC	3164	3168	0	5
16223	T	ACCTTC	6	16220	16225	GCCTTC	3163	3168	1	5
16223	T	CCTTCA	6	16221	16226	CCTTCC	3164	3169	1	5
16223	T	AACCTT	6	16219	16224	AAACTT	3260	3265	1	5
16223	T	AACCTT	6	16219	16224	AAACTT	3267	3272	1	5
16223	T	AACCTT	6	16219	16224	AACTTT	3268	3273	1	5
16223	T	CTTCAA	6	16222	16227	CTTAAA	3263	3268	1	5
16223	T	TTCAA	5	16223	16227	TTCAA	3285	3289	0	5
16223	T	CTTCAA	6	16222	16227	GTTCAA	3284	3289	1	5
16223	T	CAACCT	6	16218	16223	CAACAT	3303	3308	1	5
16223	T	CCTTC	5	16221	16225	CCTTC	3449	3453	0	5
16223	T	CCTTCA	6	16221	16226	CCTTCG	3449	3454	1	5
16223	T	CTTCA	5	16222	16226	CTTCA	3471	3475	0	5
16223	T	CCTTCA	6	16221	16226	TCTTCA	3470	3475	1	5
16223	T	ACCTTC	6	16220	16225	ACCCTC	3511	3516	1	5
16223	T	ACCTT	5	16220	16224	ACCTT	3532	3536	0	5
16223	T	ACCTTC	6	16220	16225	ACCTTA	3532	3537	1	5
16223	T	ACCTTC	6	16220	16225	ACCATC	3544	3549	1	5
16223	T	CAACCT	6	16218	16223	CAACCC	3582	3587	1	5
16223	T	TTCAAC	6	16223	16228	GTCAAC	3592	3597	1	5
16223	T	CAACCT	6	16218	16223	CCACCT	3626	3631	1	5
16223	T	CTTCAA	6	16222	16227	CATCAA	3671	3676	1	5
16223	T	CCTTCA	6	16221	16226	CCATCA	3746	3751	1	5
16223	T	TTCAAC	6	16223	16228	ATCAAC	3759	3764	1	5
16223	T	AACCT	5	16219	16223	AACCT	3787	3791	0	5
16223	T	AACCTT	6	16219	16224	AACCTC	3787	3792	1	5
16223	T	CCTTCA	6	16221	16226	CCATCA	3835	3840	1	5
16223	T	AACCTT	6	16219	16224	ACCCTT	3843	3848	1	5
16223	T	CAACCT	6	16218	16223	CAACCG	3885	3890	1	5
16223	T	ACCTT	5	16220	16224	ACCTT	3902	3906	0	5
16223	T	CCTTC	5	16221	16225	CCTTC	3896	3900	0	5
16223	T	ACCTTC	6	16220	16225	CCCTTC	3895	3900	1	5
16223	T	ACCTTC	6	16220	16225	ACCTTG	3902	3907	1	5
16223	T	CCTTC	5	16221	16225	CCTTC	3962	3966	0	5
16223	T	ACCTTC	6	16220	16225	CCCTTC	3961	3966	1	5
16223	T	CCTTCA	6	16221	16226	CCTTCG	3962	3967	1	5
16223	T	CTTCA	5	16222	16226	CTTCA	3975	3979	0	5
16223	T	CCTTCA	6	16221	16226	TCTTCA	3974	3979	1	5
16223	T	CTTCAA	6	16222	16227	CTTCAT	3975	3980	1	5
16223	T	AACCTT	6	16219	16224	AACATT	3994	3999	1	5
16223	T	CAACCT	6	16218	16223	CACCCT	4011	4016	1	5
16223	T	CTTCAA	6	16222	16227	CTACAA	4022	4027	1	5
16223	T	CAACCT	6	16218	16223	CAACAT	4040	4045	1	5
16223	T	CAACCT	6	16218	16223	CAACAT	4073	4078	1	5
16223	T	AACCT	5	16219	16223	AACCT	4104	4108	0	5
16223	T	CAACCT	6	16218	16223	TAACCT	4103	4108	1	5
16223	T	CTTCAA	6	16222	16227	CTTCTA	4099	4104	1	5
16223	T	ACCTTC	6	16220	16225	ACCTCC	4166	4171	1	5
16223	T	CAACCT	6	16218	16223	CAATCT	4235	4240	1	5
16223	T	AACCT	5	16219	16223	AACCT	4257	4261	0	5
16223	T	CAACCT	6	16218	16223	AAACCT	4256	4261	1	5
16223	T	AACCTT	6	16219	16224	AACCTA	4257	4262	1	5
16223	T	CAACCT	6	16218	16223	CCACCT	4379	4384	1	5
16223	T	CAACCT	6	16218	16223	CATCCT	4394	4399	1	5
16223	T	CCTTC	5	16221	16225	CCTTC	4457	4461	0	5
16223	T	CCTTCA	6	16221	16226	CCTTCC	4457	4462	1	5
16223	T	CAACCT	6	16218	16223	CAACCC	4485	4490	1	5
16223	T	ACCTTC	6	16220	16225	ACCATC	4503	4508	1	5
16223	T	TTCAAC	6	16223	16228	TTCCAC	4622	4627	1	5
16223	T	CCTTC	5	16221	16225	CCTTC	4676	4680	0	5
16223	T	CCTTCA	6	16221	16226	CTTTCA	4799	4804	1	5
16223	T	CCTTCA	6	16221	16226	CCCTCA	4908	4913	1	5
16223	T	CCTTC	5	16221	16225	CCTTC	4925	4929	0	5
16223	T	CCTTCA	6	16221	16226	CCTTCT	4925	4930	1	5
16223	T	CCTTCA	6	16221	16226	CCATCA	4951	4956	1	5
16223	T	TTCAAC	6	16223	16228	TTAAAC	4977	4982	1	5
16223	T	AACCTT	6	16219	16224	AATCTT	5000	5005	1	5
16223	T	CTTCAA	6	16222	16227	CCTCAA	5014	5019	1	5
16223	T	TTCAAC	6	16223	16228	TTCTAC	5047	5052	1	5
16223	T	TTCAAC	6	16223	16228	TACAAC	5055	5060	1	5
16223	T	AACCTT	6	16219	16224	AACCAT	5069	5074	1	5
16223	T	CAACCT	6	16218	16223	CAAGCT	5174	5179	1	5
16223	T	CCTTCA	6	16221	16226	CCTTAA	5194	5199	1	5
16223	T	AACCT	5	16219	16223	AACCT	5334	5338	0	5
16223	T	AACCTT	6	16219	16224	AACCTC	5334	5339	1	5
16223	T	CCTTCA	6	16221	16226	CCTTAA	5330	5335	1	5
16223	T	ACCTTC	6	16220	16225	ACCTAC	5347	5352	1	5
16223	T	CTTCAA	6	16222	16227	CCTCAA	5368	5373	1	5
16223	T	CAACCT	6	16218	16223	CAACGT	5396	5401	1	5
16223	T	TTCAAC	6	16223	16228	TTGAAC	5419	5424	1	5
16223	T	CAACCT	6	16218	16223	CTACCT	5478	5483	1	5
16223	T	AACCTT	6	16219	16224	AATCTT	5504	5509	1	5
16223	T	CCTTCA	6	16221	16226	CCCTCA	5550	5555	1	5
16223	T	CTTCAA	6	16222	16227	CTGCAA	5593	5598	1	5
16223	T	CTTCAA	6	16222	16227	CTTTAA	5635	5640	1	5
16223	T	CAACCT	6	16218	16223	CACCCT	5704	5709	1	5
16223	T	CTTCAA	6	16222	16227	CTTCGA	5787	5792	1	5
16223	T	TTCAA	5	16223	16227	TTCAA	5801	5805	0	5
16223	T	CTTCAA	6	16222	16227	ATTCAA	5800	5805	1	5
16223	T	TTCAAC	6	16223	16228	TTCAAT	5801	5806	1	5
16223	T	CTTCA	5	16222	16226	CTTCA	5872	5876	0	5
16223	T	CCTTCA	6	16221	16226	GCTTCA	5871	5876	1	5
16223	T	CTTCAA	6	16222	16227	CTTCAC	5872	5877	1	5
16223	T	CTTCAA	6	16222	16227	CTACAA	5929	5934	1	5
16223	T	CTTCA	5	16222	16226	CTTCA	6104	6108	0	5
16223	T	CCTTCA	6	16221	16226	TCTTCA	6103	6108	1	5
16223	T	CTTCAA	6	16222	16227	CTTCAT	6104	6109	1	5
16223	T	CCTTCA	6	16221	16226	CCATCA	6118	6123	1	5
16223	T	CAACCT	6	16218	16223	CAACAT	6197	6202	1	5
16223	T	ACCTTC	6	16220	16225	ACCTCC	6218	6223	1	5
16223	T	TTCAAC	6	16223	16228	TTGAAC	6278	6283	1	5
16223	T	ACCTTC	6	16220	16225	ACCCTC	6289	6294	1	5
16223	T	CAACCT	6	16218	16223	CACCCT	6315	6320	1	5
16223	T	ACCTTC	6	16220	16225	ATCTTC	6342	6347	1	5
16223	T	TTCAAC	6	16223	16228	TTCATC	6393	6398	1	5
16223	T	AACCTT	6	16219	16224	AACCAT	6700	6705	1	5
16223	T	ACCTTC	6	16220	16225	ACCTCC	6819	6824	1	5
16223	T	CTTCAA	6	16222	16227	CGTCAA	6854	6859	1	5
16223	T	TTCAAC	6	16223	16228	TTCACC	6945	6950	1	5
16223	T	CAACCT	6	16218	16223	CAAACT	6979	6984	1	5
16223	T	CCTTCA	6	16221	16226	CCATCA	7066	7071	1	5
16223	T	CTTCA	5	16222	16226	CTTCA	7079	7083	0	5
16223	T	CCTTCA	6	16221	16226	GCTTCA	7078	7083	1	5
16223	T	CCTTCA	6	16221	16226	CATTCA	7082	7087	1	5
16223	T	CTTCAA	6	16222	16227	CTTCAT	7079	7084	1	5
16223	T	CAACCT	6	16218	16223	CACCCT	7112	7117	1	5
16223	T	AACCT	5	16219	16223	AACCT	7124	7128	0	5
16223	T	CAACCT	6	16218	16223	AAACCT	7123	7128	1	5
16223	T	TTCAAC	6	16223	16228	TTCATC	7155	7160	1	5
16223	T	ACCTTC	6	16220	16225	ACTTTC	7189	7194	1	5
16223	T	CAACCT	6	16218	16223	CATCCT	7256	7261	1	5
16223	T	CCTTCA	6	16221	16226	CATTCA	7276	7281	1	5
16223	T	CCTTC	5	16221	16225	CCTTC	7327	7331	0	5
16223	T	CCTTCA	6	16221	16226	CCTTCG	7327	7332	1	5
16223	T	CTTCAA	6	16222	16227	CTTCGA	7333	7338	1	5
16223	T	AACCT	5	16219	16223	AACCT	7374	7378	0	5
16223	T	AACCTT	6	16219	16224	AACCTG	7374	7379	1	5
16223	T	CCTTCA	6	16221	16226	CCTCCA	7366	7371	1	5
16223	T	CAACCT	6	16218	16223	CACCCT	7402	7407	1	5
16223	T	ACCTTC	6	16220	16225	ACATTC	7413	7418	1	5
16223	T	TTCAA	5	16223	16227	TTCAA	7481	7485	0	5
16223	T	CTTCAA	6	16222	16227	TTTCAA	7480	7485	1	5
16223	T	TTCAAC	6	16223	16228	TTCAAG	7481	7486	1	5
16223	T	CAACCT	6	16218	16223	CAACCC	7488	7493	1	5
16223	T	CCTTCA	6	16221	16226	CCTCCA	7499	7504	1	5
16223	T	TTCAA	5	16223	16227	TTCAA	7512	7516	0	5
16223	T	CTTCAA	6	16222	16227	TTTCAA	7511	7516	1	5
16223	T	TTCAAC	6	16223	16228	TTCAAA	7512	7517	1	5
16223	T	AACCTT	6	16219	16224	AACCAT	7531	7536	1	5
16223	T	AACCTT	6	16219	16224	AACTTT	7542	7547	1	5
16223	T	CTTCAA	6	16222	16227	CTACAA	7610	7615	1	5
16223	T	ACCTT	5	16220	16224	ACCTT	7649	7653	0	5
16223	T	CCTTCA	6	16221	16226	CCCTCA	7665	7670	1	5
16223	T	CCTTCA	6	16221	16226	CCATCA	7794	7799	1	5
16223	T	CCTTCA	6	16221	16226	CCTTTA	7834	7839	1	5
16223	T	AACCT	5	16219	16223	AACCT	7903	7907	0	5
16223	T	CCTTCA	6	16221	16226	CCTACA	7944	7949	1	5
16223	T	CAACCT	6	16218	16223	CGACCT	7978	7983	1	5
16223	T	CCTTCA	6	16221	16226	CCTTGA	7990	7995	1	5
16223	T	CTTCAA	6	16222	16227	CTTAAA	8092	8097	1	5
16223	T	TTCAAC	6	16223	16228	TTCACC	8135	8140	1	5
16223	T	AACCTT	6	16219	16224	AATCTT	8236	8241	1	5
16223	T	TTCAAC	6	16223	16228	TTAAAC	8450	8455	1	5
16223	T	CAACCT	6	16218	16223	CAAACT	8457	8462	1	5
16223	T	CAACCT	6	16218	16223	CCACCT	8464	8469	1	5
16223	T	CAACCT	6	16218	16223	CTACCT	8468	8473	1	5
16223	T	ACCTTC	6	16220	16225	ACCTAC	8466	8471	1	5
16223	T	ACCTTC	6	16220	16225	ACCTCC	8470	8475	1	5
16223	T	CCTTCA	6	16221	16226	CCCTCA	8474	8479	1	5
16223	T	AACCTT	6	16219	16224	AACCCT	8511	8516	1	5
16223	T	CTTCA	5	16222	16226	CTTCA	8546	8550	0	5
16223	T	CCTTCA	6	16221	16226	GCTTCA	8545	8550	1	5
16223	T	CCTTCA	6	16221	16226	CATTCA	8549	8554	1	5
16223	T	CTTCAA	6	16222	16227	CTTCAT	8546	8551	1	5
16223	T	CAACCT	6	16218	16223	CAACCG	8643	8648	1	5
16223	T	AACCT	5	16219	16223	AACCT	8682	8686	0	5
16223	T	CAACCT	6	16218	16223	TAACCT	8681	8686	1	5
16223	T	AACCTT	6	16219	16224	AACCTC	8682	8687	1	5
16223	T	CTTCAA	6	16222	16227	CCTCAA	8684	8689	1	5
16223	T	AACCTT	6	16219	16224	AACCAT	8700	8705	1	5
16223	T	AACCT	5	16219	16223	AACCT	8724	8728	0	5
16223	T	CAACCT	6	16218	16223	GAACCT	8723	8728	1	5
16223	T	AACCTT	6	16219	16224	AACCTG	8724	8729	1	5
16223	T	AACCTT	6	16219	16224	ATCCTT	8745	8750	1	5
16223	T	CCTTCA	6	16221	16226	CCTTAA	8747	8752	1	5
16223	T	AACCT	5	16219	16223	AACCT	8773	8777	0	5
16223	T	CAACCT	6	16218	16223	CAACCA	8807	8812	1	5
16223	T	AACCT	5	16219	16223	AACCT	8827	8831	0	5
16223	T	AACCTT	6	16219	16224	AACCTA	8827	8832	1	5
16223	T	AACCTT	6	16219	16224	AACATT	9013	9018	1	5
16223	T	CAACCT	6	16218	16223	CCACCT	9027	9032	1	5
16223	T	ACCTTC	6	16220	16225	ACCTAC	9029	9034	1	5
16223	T	CAACCT	6	16218	16223	CACCCT	9057	9062	1	5
16223	T	CTTCA	5	16222	16226	CTTCA	9102	9106	0	5
16223	T	CTTCAA	6	16222	16227	CTTCAC	9102	9107	1	5
16223	T	CCTTCA	6	16221	16226	CCTTAA	9146	9151	1	5
16223	T	CTTCAA	6	16222	16227	CTTCTA	9172	9177	1	5
16223	T	ACCTTC	6	16220	16225	ACCTCC	9288	9293	1	5
16223	T	AACCTT	6	16219	16224	AACCAT	9362	9367	1	5
16223	T	CAACCT	6	16218	16223	CCACCT	9423	9428	1	5
16223	T	CCTTC	5	16221	16225	CCTTC	9440	9444	0	5
16223	T	ACCTTC	6	16220	16225	GCCTTC	9439	9444	1	5
16223	T	AACCTT	6	16219	16224	AGCCTT	9503	9508	1	5
16223	T	CAACCT	6	16218	16223	CAGCCT	9518	9523	1	5
16223	T	CAACCT	6	16218	16223	CAACCG	9668	9673	1	5
16223	T	TTCAA	5	16223	16227	TTCAA	9685	9689	0	5
16223	T	CTTCAA	6	16222	16227	ATTCAA	9684	9689	1	5
16223	T	TTCAAC	6	16223	16228	TTCAAG	9685	9690	1	5
16223	T	ACCTTC	6	16220	16225	ACCCTC	9726	9731	1	5
16223	T	CTTCAA	6	16222	16227	CTTCGA	9749	9754	1	5
16223	T	TTCAAC	6	16223	16228	CTCAAC	9788	9793	1	5
16223	T	CTTCA	5	16222	16226	CTTCA	9822	9826	0	5
16223	T	CCTTCA	6	16221	16226	ACTTCA	9821	9826	1	5
16223	T	CTTCAA	6	16222	16227	CTTCAC	9822	9827	1	5
16223	T	CTTCA	5	16222	16226	CTTCA	9860	9864	0	5
16223	T	CCTTCA	6	16221	16226	GCTTCA	9859	9864	1	5
16223	T	CTTCAA	6	16222	16227	CTTCGA	9908	9913	1	5
16223	T	ACCTTC	6	16220	16225	AACTTC	10017	10022	1	5
16223	T	CTTCAA	6	16222	16227	CTTCCA	10019	10024	1	5
16223	T	TTCAA	5	16223	16227	TTCAA	10045	10049	0	5
16223	T	CCTTCA	6	16221	16226	CCTTAA	10069	10074	1	5
16223	T	CAACCT	6	16218	16223	CACCCT	10088	10093	1	5
16223	T	ACCTTC	6	16220	16225	ACCCTC	10089	10094	1	5
16223	T	TTCAAC	6	16223	16228	ATCAAC	10083	10088	1	5
16223	T	AACCTT	6	16219	16224	AGCCTT	10097	10102	1	5
16223	T	TTCAAC	6	16223	16228	CTCAAC	10137	10142	1	5
16223	T	AACCT	5	16219	16223	AACCT	10305	10309	0	5
16223	T	CTTCAA	6	16222	16227	CTACAA	10377	10382	1	5
16223	T	TTCAAC	6	16223	16228	TTAAAC	10416	10421	1	5
16223	T	CCTTCA	6	16221	16226	CCCTCA	10474	10479	1	5
16223	T	ACCTTC	6	16220	16225	ACCATC	10506	10511	1	5
16223	T	CTTCAA	6	16222	16227	CTTCTA	10515	10520	1	5
16223	T	AACCT	5	16219	16223	AACCT	10743	10747	0	5
16223	T	AACCT	5	16219	16223	AACCT	10749	10753	0	5
16223	T	CAACCT	6	16218	16223	TAACCT	10742	10747	1	5
16223	T	AACCTT	6	16219	16224	AACCTA	10743	10748	1	5
16223	T	CTTCAA	6	16222	16227	CTCCAA	10755	10760	1	5
16223	T	ACCTTC	6	16220	16225	ACTTTC	10807	10812	1	5
16223	T	TTCAAC	6	16223	16228	ATCAAC	10832	10837	1	5
16223	T	CAACCT	6	16218	16223	CAACCA	10839	10844	1	5
16223	T	CAACCT	6	16218	16223	CAGCCT	10849	10854	1	5
16223	T	TTCAAC	6	16223	16228	TTTAAC	10883	10888	1	5
16223	T	TTCAAC	6	16223	16228	ATCAAC	10892	10897	1	5
16223	T	CAACCT	6	16218	16223	CAACCC	10944	10949	1	5
16223	T	CAACCT	6	16218	16223	CTACCT	10965	10970	1	5
16223	T	CCTTCA	6	16221	16226	CCCTCA	10980	10985	1	5
16223	T	CCTTCA	6	16221	16226	CCTTAA	11073	11078	1	5
16223	T	ACCTTC	6	16220	16225	ATCTTC	11117	11122	1	5
16223	T	CTTCAA	6	16222	16227	CTTCGA	11122	11127	1	5
16223	T	ACCTT	5	16220	16224	ACCTT	11144	11148	0	5
16223	T	ACCTTC	6	16220	16225	ACCTTG	11144	11149	1	5
16223	T	CAACCT	6	16218	16223	CAACCA	11170	11175	1	5
16223	T	CAACCT	6	16218	16223	CACCCT	11215	11220	1	5
16223	T	TTCAAC	6	16223	16228	TTCTAC	11210	11215	1	5
16223	T	CCTTC	5	16221	16225	CCTTC	11230	11234	0	5
16223	T	ACCTTC	6	16220	16225	CCCTTC	11229	11234	1	5
16223	T	CAACCT	6	16218	16223	CACCCT	11266	11271	1	5
16223	T	CAACCT	6	16218	16223	CAACTT	11335	11340	1	5
16223	T	CTTCAA	6	16222	16227	CTTAAA	11464	11469	1	5
16223	T	TTCAAC	6	16223	16228	CTCAAC	11507	11512	1	5
16223	T	CCTTC	5	16221	16225	CCTTC	11538	11542	0	5
16223	T	ACCTTC	6	16220	16225	CCCTTC	11537	11542	1	5
16223	T	CCTTCA	6	16221	16226	CCTTCC	11538	11543	1	5
16223	T	CAACCT	6	16218	16223	CAAGCT	11574	11579	1	5
16223	T	CTTCA	5	16222	16226	CTTCA	11683	11687	0	5
16223	T	CAACCT	6	16218	16223	CATCCT	11724	11729	1	5
16223	T	CAACCT	6	16218	16223	CAAACT	11748	11753	1	5
16223	T	CTTCAA	6	16222	16227	CTTCTA	11837	11842	1	5
16223	T	AACCT	5	16219	16223	AACCT	11855	11859	0	5
16223	T	CAACCT	6	16218	16223	TAACCT	11854	11859	1	5
16223	T	AACCTT	6	16219	16224	AACCTC	11855	11860	1	5
16223	T	AACCT	5	16219	16223	AACCT	11879	11883	0	5
16223	T	ACCTTC	6	16220	16225	ACGTTC	11912	11917	1	5
16223	T	TTCAAC	6	16223	16228	CTCAAC	11951	11956	1	5
16223	T	CAACCT	6	16218	16223	CAACAT	12031	12036	1	5
16223	T	CCTTCA	6	16221	16226	CATTCA	12045	12050	1	5
16223	T	CAACCT	6	16218	16223	CACCCT	12061	12066	1	5
16223	T	TTCAAC	6	16223	16228	TTTAAC	12148	12153	1	5
16223	T	CAACCT	6	16218	16223	CAACAT	12250	12255	1	5
16223	T	CTTCAA	6	16222	16227	CTCCAA	12322	12327	1	5
16223	T	AACCTT	6	16219	16224	AACCAT	12339	12344	1	5
16223	T	CAACCT	6	16218	16223	CACCCT	12360	12365	1	5
16223	T	AACCTT	6	16219	16224	AACCCT	12366	12371	1	5
16223	T	CAACCT	6	16218	16223	CACCCT	12399	12404	1	5
16223	T	ACCTTC	6	16220	16225	ACCCTC	12400	12405	1	5
16223	T	AACCTT	6	16219	16224	AACCCT	12409	12414	1	5
16223	T	ACCTT	5	16220	16224	ACCTT	12463	12467	0	5
16223	T	CAACCT	6	16218	16223	CAACCC	12545	12550	1	5
16223	T	TTCAAC	6	16223	16228	TTCATC	12601	12606	1	5
16223	T	CCTTCA	6	16221	16226	CCATCA	12632	12637	1	5
16223	T	AACCTT	6	16219	16224	AACATT	12673	12678	1	5
16223	T	ACCTTC	6	16220	16225	ATCTTC	12703	12708	1	5
16223	T	AACCTT	6	16219	16224	AATCTT	12723	12728	1	5
16223	T	TTCAAC	6	16223	16228	TTCATC	12757	12762	1	5
16223	T	CCTTC	5	16221	16225	CCTTC	12788	12792	0	5
16223	T	CCTTCA	6	16221	16226	CCTTCT	12788	12793	1	5
16223	T	TTCAA	5	16223	16227	TTCAA	12842	12846	0	5
16223	T	TTCAAC	6	16223	16228	TTCAAG	12842	12847	1	5
16223	T	TTCAAC	6	16223	16228	TACAAC	12856	12861	1	5
16223	T	TTCAAC	6	16223	16228	TTCATC	12880	12885	1	5
16223	T	CCTTCA	6	16221	16226	CCTACA	12906	12911	1	5
16223	T	CCTTC	5	16221	16225	CCTTC	12942	12946	0	5
16223	T	ACCTTC	6	16220	16225	CCCTTC	12941	12946	1	5
16223	T	CCTTCA	6	16221	16226	CCCTCA	13036	13041	1	5
16223	T	CAACCT	6	16218	16223	CAAACT	13156	13161	1	5
16223	T	CTTCAA	6	16222	16227	CATCAA	13227	13232	1	5
16223	T	CCTTC	5	16221	16225	CCTTC	13244	13248	0	5
16223	T	CCTTCA	6	16221	16226	CCTTCT	13244	13249	1	5
16223	T	CCTTCA	6	16221	16226	CCTGCA	13314	13319	1	5
16223	T	CCTTC	5	16221	16225	CCTTC	13334	13338	0	5
16223	T	ACCTTC	6	16220	16225	GCCTTC	13333	13338	1	5
16223	T	CCTTCA	6	16221	16226	CCTTCT	13334	13339	1	5
16223	T	CCTTCA	6	16221	16226	CCATCA	13370	13375	1	5
16223	T	AACCTT	6	16219	16224	AACCAT	13428	13433	1	5
16223	T	CCTTCA	6	16221	16226	CCCTCA	13451	13456	1	5
16223	T	CAACCT	6	16218	16223	CAGCCT	13464	13469	1	5
16223	T	ACCTT	5	16220	16224	ACCTT	13485	13489	0	5
16223	T	AACCTT	6	16219	16224	TACCTT	13484	13489	1	5
16223	T	ACCTTC	6	16220	16225	ACCTTT	13485	13490	1	5
16223	T	CTTCAA	6	16222	16227	CTCCAA	13506	13511	1	5
16223	T	CAACCT	6	16218	16223	CTACCT	13580	13585	1	5
16223	T	ACCTTC	6	16220	16225	ACCTCC	13582	13587	1	5
16223	T	TTCAAC	6	16223	16228	GTCAAC	13634	13639	1	5
16223	T	AACCTT	6	16219	16224	AACATT	13660	13665	1	5
16223	T	CAACCT	6	16218	16223	CACCCT	13680	13685	1	5
16223	T	TTCAAC	6	16223	16228	TTAAAC	13697	13702	1	5
16223	T	CCTTC	5	16221	16225	CCTTC	13766	13770	0	5
16223	T	ACCTTC	6	16220	16225	ACTTTC	13816	13821	1	5
16223	T	CTTCAA	6	16222	16227	CTTCTA	13828	13833	1	5
16223	T	CAACCT	6	16218	16223	CTACCT	13851	13856	1	5
16223	T	CAACCT	6	16218	16223	CAACAT	13905	13910	1	5
16223	T	TTCAAC	6	16223	16228	TTCTAC	13918	13923	1	5
16223	T	CCTTC	5	16221	16225	CCTTC	13959	13963	0	5
16223	T	ACCTTC	6	16220	16225	GCCTTC	13958	13963	1	5
16223	T	CCTTCA	6	16221	16226	CCTTCT	13959	13964	1	5
16223	T	AACCT	5	16219	16223	AACCT	13975	13979	0	5
16223	T	CAACCT	6	16218	16223	AAACCT	13974	13979	1	5
16223	T	AACCT	5	16219	16223	AACCT	14001	14005	0	5
16223	T	CAACCT	6	16218	16223	TAACCT	14000	14005	1	5
16223	T	AACCTT	6	16219	16224	AACCTG	14001	14006	1	5
16223	T	CCTTCA	6	16221	16226	CCATCA	14057	14062	1	5
16223	T	AACCTT	6	16219	16224	AACTTT	14090	14095	1	5
16223	T	AACCTT	6	16219	16224	AACCCT	14127	14132	1	5
16223	T	AACCT	5	16219	16223	AACCT	14147	14151	0	5
16223	T	CAACCT	6	16218	16223	TAACCT	14146	14151	1	5
16223	T	AACCTT	6	16219	16224	AACCTA	14147	14152	1	5
16223	T	CAACCT	6	16218	16223	CAATCT	14163	14168	1	5
16223	T	TTCAAC	6	16223	16228	ATCAAC	14220	14225	1	5
16223	T	TTCAAC	6	16223	16228	ATCAAC	14270	14275	1	5
16223	T	ACCTTC	6	16220	16225	AGCTTC	14304	14309	1	5
16223	T	CCTTCA	6	16221	16226	CCTACA	14309	14314	1	5
16223	T	CAACCT	6	16218	16223	CAACCA	14331	14336	1	5
16223	T	CCTTCA	6	16221	16226	CCATCA	14342	14347	1	5
16223	T	CCTTCA	6	16221	16226	CTTTCA	14352	14357	1	5
16223	T	TTCAAC	6	16223	16228	TTCACC	14354	14359	1	5
16223	T	CAACCT	6	16218	16223	CTACCT	14373	14378	1	5
16223	T	CTTCAA	6	16222	16227	CCTCAA	14445	14450	1	5
16223	T	TTCAAC	6	16223	16228	TTAAAC	14514	14519	1	5
16223	T	AACCT	5	16219	16223	AACCT	14526	14530	0	5
16223	T	CAACCT	6	16218	16223	TAACCT	14525	14530	1	5
16223	T	TTCAAC	6	16223	16228	CTCAAC	14648	14653	1	5
16223	T	CAACCT	6	16218	16223	CAACCA	14691	14696	1	5
16223	T	CTTCAA	6	16222	16227	CTACAA	14733	14738	1	5
16223	T	CCTTCA	6	16221	16226	CATTCA	14796	14801	1	5
16223	T	TTCAAC	6	16223	16228	TTCATC	14798	14803	1	5
16223	T	CAACCT	6	16218	16223	CAACAT	14821	14826	1	5
16223	T	TTCAAC	6	16223	16228	TCCAAC	14819	14824	1	5
16223	T	CTTCAA	6	16222	16227	CATCAA	14937	14942	1	5
16223	T	CTTCAA	6	16222	16227	CCTCAA	15006	15011	1	5
16223	T	CCTTCA	6	16221	16226	CCTACA	15031	15036	1	5
16223	T	AACCT	5	16219	16223	AACCT	15079	15083	0	5
16223	T	CAACCT	6	16218	16223	AAACCT	15078	15083	1	5
16223	T	TTCAA	5	16223	16227	TTCAA	15228	15232	0	5
16223	T	CTTCAA	6	16222	16227	GTTCAA	15227	15232	1	5
16223	T	TTCAAC	6	16223	16228	TTCAAT	15228	15233	1	5
16223	T	CAACCT	6	16218	16223	CACCCT	15265	15270	1	5
16223	T	ACCTT	5	16220	16224	ACCTT	15284	15288	0	5
16223	T	CTTCA	5	16222	16226	CTTCA	15292	15296	0	5
16223	T	AACCTT	6	16219	16224	TACCTT	15283	15288	1	5
16223	T	CCTTCA	6	16221	16226	ACTTCA	15291	15296	1	5
16223	T	ACCTTC	6	16220	16225	ACCTCC	15333	15338	1	5
16223	T	ACCTTC	6	16220	16225	ACCTCC	15380	15385	1	5
16223	T	CCTTC	5	16221	16225	CCTTC	15451	15455	0	5
16223	T	ACCTTC	6	16220	16225	TCCTTC	15450	15455	1	5
16223	T	CCTTCA	6	16221	16226	CCTTCT	15451	15456	1	5
16223	T	CCTTCA	6	16221	16226	CCTTAA	15459	15464	1	5
16223	T	ACCTTC	6	16220	16225	ACCTCC	15489	15494	1	5
16223	T	CAACCT	6	16218	16223	CAACCC	15523	15528	1	5
16223	T	CTTCAA	6	16222	16227	CATCAA	15547	15552	1	5
16223	T	CCTTCA	6	16221	16226	CCTACA	15576	15581	1	5
16223	T	CAACCT	6	16218	16223	CAAACT	15604	15609	1	5
16223	T	CAACCT	6	16218	16223	CATCCT	15637	15642	1	5
16223	T	CAACCT	6	16218	16223	CATCCT	15661	15666	1	5
16223	T	CCTTCA	6	16221	16226	CCTCCA	15664	15669	1	5
16223	T	AACCT	5	16219	16223	AACCT	15751	15755	0	5
16223	T	CAACCT	6	16218	16223	TAACCT	15750	15755	1	5
16223	T	AACCTT	6	16219	16224	AACCTG	15751	15756	1	5
16223	T	ACCTTC	6	16220	16225	ACCTCC	15738	15743	1	5
16223	T	CAACCT	6	16218	16223	CAACCA	15767	15772	1	5
16223	T	AACCTT	6	16219	16224	ACCCTT	15780	15785	1	5
16223	T	CTTCA	5	16222	16226	CTTCA	15820	15824	0	5
16223	T	CCTTCA	6	16221	16226	ACTTCA	15819	15824	1	5
16223	T	CTTCAA	6	16222	16227	CTTCAC	15820	15825	1	5
16223	T	CCTTCA	6	16221	16226	CTTTCA	16026	16031	1	5
16223	T	CAACCT	6	16218	16223	CAACCG	16079	16084	1	5
16223	T	CAACCT	6	16218	16223	CCACCT	16147	16152	1	5
16223	T	CTTCAA	6	16222	16227	CATCAA	16176	16181	1	5
16223	T	TTCAAC	6	16223	16228	ATCAAC	16216	16221	1	5
16223	T	CTTCAA	6	16222	16227	CTCCAA	16248	16253	1	5
16223	T	CCTTCA	6	16221	16226	CCCTCA	16260	16265	1	5
16223	T	AACCT	5	16219	16223	AACCT	16284	16288	0	5
16223	T	CCTTCA	6	16221	16226	CCTTAA	16295	16300	1	5
16223	T	CCTTC	5	16221	16225	CCTTC	16354	16358	0	5
16223	T	ACCTTC	6	16220	16225	CCCTTC	16353	16358	1	5
16223	T	CCTTCA	6	16221	16226	CCTTCT	16354	16359	1	5
16223	T	CCTTCA	6	16221	16226	CCCTCA	16378	16383	1	5
16223	T	CCTTCA	6	16221	16226	CCTTGA	16394	16399	1	5
16223	T	CAACCT	6	16218	16223	CATCCT	16404	16409	1	5
16223	T	ACCTTC	6	16220	16225	ACCATC	16402	16407	1	5
16223	T	CTTCA	5	16222	16226	CTTCA	16511	16515	0	5
16223	T	CCTTCA	6	16221	16226	ACTTCA	16510	16515	1	5
16223	T	CTTCAA	6	16222	16227	CTTCAG	16511	16516	1	5
16223	T	ACCTTC	6	16220	16225	ACGTTC	16541	16546	1	5
16223	T	ACCTT	5	16220	16224	ACCCT	16	20	1	4
16223	T	AACCT	5	16219	16223	AACCA	24	28	1	4
16223	T	CTTCA	5	16222	16226	CTCCA	41	45	1	4
16223	T	ACCTT	5	16220	16224	ACCCT	111	115	1	4
16223	T	CCTTC	5	16221	16225	CCTGC	140	144	1	4
16223	T	CTTCA	5	16222	16226	CCTCA	144	148	1	4
16223	T	AACCT	5	16219	16223	CACCT	164	168	1	4
16223	T	AACCT	5	16219	16223	AACAT	188	192	1	4
16223	T	TTCAA	5	16223	16227	TTGAA	245	249	1	4
16223	T	CTTCA	5	16222	16226	CTGCA	253	257	1	4
16223	T	CTTCA	5	16222	16226	CATCA	277	281	1	4
16223	T	AACCT	5	16219	16223	AACCC	301	305	1	4
16223	T	CCTTC	5	16221	16225	CCCTC	307	311	1	4
16223	T	CCTTC	5	16221	16225	CCTCC	308	312	1	4
16223	T	CCTTC	5	16221	16225	GCTTC	316	320	1	4
16223	T	CTTCA	5	16222	16226	CTTCT	317	321	1	4
16223	T	AACCT	5	16219	16223	AACCC	351	355	1	4
16223	T	AACCT	5	16219	16223	AACCA	384	388	1	4
16223	T	ACCTT	5	16220	16224	ATCTT	402	406	1	4
16223	T	ACCTT	5	16220	16224	ACTTT	419	423	1	4
16223	T	ACCTT	5	16220	16224	ACATT	446	450	1	4
16223	T	CCTTC	5	16221	16225	CCCTC	457	461	1	4
16223	T	CCTTC	5	16221	16225	CCTCC	458	462	1	4
16223	T	AACCT	5	16219	16223	AATCT	478	482	1	4
16223	T	CCTTC	5	16221	16225	CCATC	501	505	1	4
16223	T	CCTTC	5	16221	16225	CCTAC	505	509	1	4
16223	T	AACCT	5	16219	16223	AACCC	532	536	1	4
16223	T	AACCT	5	16219	16223	AACCA	546	550	1	4
16223	T	AACCT	5	16219	16223	AACCC	555	559	1	4
16223	T	AACCT	5	16219	16223	TACCT	589	593	1	4
16223	T	ACCTT	5	16220	16224	AGCTT	585	589	1	4
16223	T	CTTCA	5	16222	16226	CATCA	632	636	1	4
16223	T	CCTTC	5	16221	16225	CCTTT	665	669	1	4
16223	T	CCTTC	5	16221	16225	CTTTC	666	670	1	4
16223	T	TTCAA	5	16223	16227	TTCTA	668	672	1	4
16223	T	TTCAA	5	16223	16227	TGCAA	696	700	1	4
16223	T	CCTTC	5	16221	16225	CGTTC	708	712	1	4
16223	T	TTCAA	5	16223	16227	TTCCA	710	714	1	4
16223	T	CTTCA	5	16222	16226	GTTCA	719	723	1	4
16223	T	TTCAA	5	16223	16227	ATCAA	741	745	1	4
16223	T	TTCAA	5	16223	16227	CTCAA	778	782	1	4
16223	T	AACCT	5	16219	16223	AGCCT	790	794	1	4
16223	T	AACCT	5	16219	16223	AAGCT	855	859	1	4
16223	T	AACCT	5	16219	16223	AACCC	865	869	1	4
16223	T	TTCAA	5	16223	16227	GTCAA	878	882	1	4
16223	T	AACCT	5	16219	16223	AACCC	913	917	1	4
16223	T	TTCAA	5	16223	16227	GTCAA	920	924	1	4
16223	T	CCTTC	5	16221	16225	CCCTC	958	962	1	4
16223	T	CCTTC	5	16221	16225	CCTCC	959	963	1	4
16223	T	AACCT	5	16219	16223	AAACT	976	980	1	4
16223	T	AACCT	5	16219	16223	CACCT	981	985	1	4
16223	T	ACCTT	5	16220	16224	ACCTG	982	986	1	4
16223	T	AACCT	5	16219	16223	AAACT	996	1000	1	4
16223	T	CTTCA	5	16222	16226	CTCCA	999	1003	1	4
16223	T	AACCT	5	16219	16223	AACAT	1036	1040	1	4
16223	T	TTCAA	5	16223	16227	TTAAA	1114	1118	1	4
16223	T	AACCT	5	16219	16223	AAACT	1125	1129	1	4
16223	T	AACCT	5	16219	16223	AAACT	1160	1164	1	4
16223	T	ACCTT	5	16220	16224	AGCTT	1154	1158	1	4
16223	T	TTCAA	5	16223	16227	CTCAA	1163	1167	1	4
16223	T	AACCT	5	16219	16223	GACCT	1170	1174	1	4
16223	T	ACCTT	5	16220	16224	ACCTG	1171	1175	1	4
16223	T	CCTTC	5	16221	16225	CCCTC	1190	1194	1	4
16223	T	AACCT	5	16219	16223	AGCCT	1201	1205	1	4
16223	T	AACCT	5	16219	16223	AACCC	1221	1225	1	4
16223	T	CTTCA	5	16222	16226	CCTCA	1233	1237	1	4
16223	T	ACCTT	5	16220	16224	ACCTC	1240	1244	1	4
16223	T	CCTTC	5	16221	16225	CCATC	1264	1268	1	4
16223	T	ACCTT	5	16220	16224	ACGTT	1321	1325	1	4
16223	T	TTCAA	5	16223	16227	GTCAA	1328	1332	1	4
16223	T	ACCTT	5	16220	16224	ACATT	1365	1369	1	4
16223	T	CTTCA	5	16222	16226	CTACA	1363	1367	1	4
16223	T	AACCT	5	16219	16223	AAACT	1382	1386	1	4
16223	T	ACCTT	5	16220	16224	CCCTT	1394	1398	1	4
16223	T	CCTTC	5	16221	16225	CCTTA	1395	1399	1	4
16223	T	CTTCA	5	16222	16226	CTTAA	1405	1409	1	4
16223	T	AACCT	5	16219	16223	AAACT	1433	1437	1	4
16223	T	CCTTC	5	16221	16225	CCTCC	1494	1498	1	4
16223	T	AACCT	5	16219	16223	AACCC	1529	1533	1	4
16223	T	CCTTC	5	16221	16225	CCTAC	1533	1537	1	4
16223	T	AACCT	5	16219	16223	AACAT	1564	1568	1	4
16223	T	AACCT	5	16219	16223	AACCA	1599	1603	1	4
16223	T	ACCTT	5	16220	16224	AGCTT	1610	1614	1	4
16223	T	CTTCA	5	16222	16226	CTTAA	1612	1616	1	4
16223	T	ACCTT	5	16220	16224	AACTT	1629	1633	1	4
16223	T	AACCT	5	16219	16223	AACTT	1655	1659	1	4
16223	T	ACCTT	5	16220	16224	AACTT	1650	1654	1	4
16223	T	ACCTT	5	16220	16224	AACTT	1655	1659	1	4
16223	T	CTTCA	5	16222	16226	CTTAA	1652	1656	1	4
16223	T	CTTCA	5	16222	16226	CTTGA	1657	1661	1	4
16223	T	AACCT	5	16219	16223	AACCC	1687	1691	1	4
16223	T	CTTCA	5	16222	16226	CTCCA	1693	1697	1	4
16223	T	TTCAA	5	16223	16227	TTGAA	1758	1762	1	4
16223	T	AACCT	5	16219	16223	AACCA	1810	1814	1	4
16223	T	AACCT	5	16219	16223	AACCC	1835	1839	1	4
16223	T	CTTCA	5	16222	16226	CTGCA	1849	1853	1	4
16223	T	TTCAA	5	16223	16227	TGCAA	1878	1882	1	4
16223	T	AACCT	5	16219	16223	AAGCT	1892	1896	1	4
16223	T	AACCT	5	16219	16223	AACCA	1908	1912	1	4
16223	T	ACCTT	5	16220	16224	ACCTA	1921	1925	1	4
16223	T	CCTTC	5	16221	16225	CCGTC	1947	1951	1	4
16223	T	AACCT	5	16219	16223	AGCCT	2003	2007	1	4
16223	T	TTCAA	5	16223	16227	TCCAA	2023	2027	1	4
16223	T	ACCTT	5	16220	16224	CCCTT	2077	2081	1	4
16223	T	CCTTC	5	16221	16225	CCTTG	2078	2082	1	4
16223	T	TTCAA	5	16223	16227	TCCAA	2099	2103	1	4
16223	T	ACCTT	5	16220	16224	ACCTA	2223	2227	1	4
16223	T	AACCT	5	16219	16223	AACAT	2238	2242	1	4
16223	T	CTTCA	5	16222	16226	CCTCA	2254	2258	1	4
16223	T	ACCTT	5	16220	16224	ACCCT	2281	2285	1	4
16223	T	AACCT	5	16219	16223	AACAT	2312	2316	1	4
16223	T	CCTTC	5	16221	16225	CCTCC	2328	2332	1	4
16223	T	AACCT	5	16219	16223	AGCCT	2338	2342	1	4
16223	T	CCTTC	5	16221	16225	CCTGC	2340	2344	1	4
16223	T	CTTCA	5	16222	16226	CGTCA	2344	2348	1	4
16223	T	TTCAA	5	16223	16227	TTAAA	2351	2355	1	4
16223	T	AACCT	5	16219	16223	ACCCT	2412	2416	1	4
16223	T	TTCAA	5	16223	16227	TTAAA	2455	2459	1	4
16223	T	AACCT	5	16219	16223	AACAT	2506	2510	1	4
16223	T	AACCT	5	16219	16223	CACCT	2511	2515	1	4
16223	T	ACCTT	5	16220	16224	ACCTC	2512	2516	1	4
16223	T	CTTCA	5	16222	16226	CATCA	2508	2512	1	4
16223	T	CTTCA	5	16222	16226	CATCA	2520	2524	1	4
16223	T	CCTTC	5	16221	16225	CCTGC	2543	2547	1	4
16223	T	AACCT	5	16219	16223	ACCCT	2576	2580	1	4
16223	T	ACCTT	5	16220	16224	ACCCT	2576	2580	1	4
16223	T	TTCAA	5	16223	16227	TGCAA	2586	2590	1	4
16223	T	ACCTT	5	16220	16224	TCCTT	2610	2614	1	4
16223	T	AACCT	5	16219	16223	GACCT	2622	2626	1	4
16223	T	ACCTT	5	16220	16224	ACCTG	2623	2627	1	4
16223	T	CTTCA	5	16222	16226	CTCCA	2637	2641	1	4
16223	T	CTTCA	5	16222	16226	GTTCA	2647	2651	1	4
16223	T	AACCT	5	16219	16223	AACCA	2668	2672	1	4
16223	T	ACCTT	5	16220	16224	ACTTT	2662	2666	1	4
16223	T	AACCT	5	16219	16223	GACCT	2681	2685	1	4
16223	T	AACCT	5	16219	16223	ACCCT	2725	2729	1	4
16223	T	ACCTT	5	16220	16224	ACCCT	2725	2729	1	4
16223	T	ACCTT	5	16220	16224	AGCTT	2734	2738	1	4
16223	T	TTCAA	5	16223	16227	TGCAA	2750	2754	1	4
16223	T	AACCT	5	16219	16223	TACCT	2759	2763	1	4
16223	T	ACCTT	5	16220	16224	ACCTA	2760	2764	1	4
16223	T	AACCT	5	16219	16223	AACCC	2768	2772	1	4
16223	T	AACCT	5	16219	16223	AAACT	2782	2786	1	4
16223	T	TTCAA	5	16223	16227	TTAAA	2799	2803	1	4
16223	T	ACCTT	5	16220	16224	ACCTC	2820	2824	1	4
16223	T	AACCT	5	16219	16223	AACCC	2832	2836	1	4
16223	T	TTCAA	5	16223	16227	GTCAA	2870	2874	1	4
16223	T	TTCAA	5	16223	16227	CTCAA	2889	2893	1	4
16223	T	TTCAA	5	16223	16227	TCCAA	2898	2902	1	4
16223	T	AACCT	5	16219	16223	AACTT	2904	2908	1	4
16223	T	ACCTT	5	16220	16224	AACTT	2904	2908	1	4
16223	T	CTTCA	5	16222	16226	CTTGA	2906	2910	1	4
16223	T	AACCT	5	16219	16223	ACCCT	2926	2930	1	4
16223	T	ACCTT	5	16220	16224	ACCCT	2926	2930	1	4
16223	T	AACCT	5	16219	16223	ATCCT	2946	2950	1	4
16223	T	TTCAA	5	16223	16227	TTCTA	2952	2956	1	4
16223	T	ACCTT	5	16220	16224	ACCTC	2984	2988	1	4
16223	T	TTCAA	5	16223	16227	TTAAA	3026	3030	1	4
16223	T	TTCAA	5	16223	16227	TTAAA	3049	3053	1	4
16223	T	CCTTC	5	16221	16225	CCTAC	3056	3060	1	4
16223	T	CTTCA	5	16222	16226	GTTCA	3070	3074	1	4
16223	T	TTCAA	5	16223	16227	TTCAG	3071	3075	1	4
16223	T	TTCAA	5	16223	16227	TTCTA	3097	3101	1	4
16223	T	CCTTC	5	16221	16225	CCTCC	3116	3120	1	4
16223	T	CCTTC	5	16221	16225	CCTAC	3148	3152	1	4
16223	T	ACCTT	5	16220	16224	AACTT	3190	3194	1	4
16223	T	CTTCA	5	16222	16226	CTTTA	3270	3274	1	4
16223	T	CCTTC	5	16221	16225	TCTTC	3294	3298	1	4
16223	T	CTTCA	5	16222	16226	CTTCT	3295	3299	1	4
16223	T	CTTCA	5	16222	16226	CTTAA	3298	3302	1	4
16223	T	CTTCA	5	16222	16226	CCTCA	3330	3334	1	4
16223	T	CCTTC	5	16221	16225	CATTC	3342	3346	1	4
16223	T	TTCAA	5	16223	16227	TTCTA	3344	3348	1	4
16223	T	CCTTC	5	16221	16225	CATTC	3359	3363	1	4
16223	T	TTCAA	5	16223	16227	TTCTA	3386	3390	1	4
16223	T	CCTTC	5	16221	16225	CCTAC	3431	3435	1	4
16223	T	AACCT	5	16219	16223	AAACT	3466	3470	1	4
16223	T	AACCT	5	16219	16223	AACCC	3491	3495	1	4
16223	T	CTTCA	5	16222	16226	CTACA	3516	3520	1	4
16223	T	CTTCA	5	16222	16226	CATCA	3519	3523	1	4
16223	T	AACCT	5	16219	16223	AACCC	3564	3568	1	4
16223	T	CCTTC	5	16221	16225	CCCTC	3569	3573	1	4
16223	T	CCTTC	5	16221	16225	CCTCC	3570	3574	1	4
16223	T	CCTTC	5	16221	16225	CCTCC	3609	3613	1	4
16223	T	TTCAA	5	16223	16227	TTCTA	3620	3624	1	4
16223	T	ACCTT	5	16220	16224	ACCTC	3628	3632	1	4
16223	T	AACCT	5	16219	16223	AGCCT	3634	3638	1	4
16223	T	AACCT	5	16219	16223	ATCCT	3652	3656	1	4
16223	T	TTCAA	5	16223	16227	CTCAA	3648	3652	1	4
16223	T	ACCTT	5	16220	16224	ACCCT	3739	3743	1	4
16223	T	ACCTT	5	16220	16224	TCCTT	3781	3785	1	4
16223	T	CCTTC	5	16221	16225	CCTTA	3798	3802	1	4
16223	T	CTTCA	5	16222	16226	CTCCA	3792	3796	1	4
16223	T	AACCT	5	16219	16223	CACCT	3817	3821	1	4
16223	T	ACCTT	5	16220	16224	ACCTC	3818	3822	1	4
16223	T	CCTTC	5	16221	16225	CCTGC	3831	3835	1	4
16223	T	CCTTC	5	16221	16225	CCTTG	3845	3849	1	4
16223	T	CTTCA	5	16222	16226	CTCCA	3867	3871	1	4
16223	T	AACCT	5	16219	16223	AACCC	3891	3895	1	4
16223	T	CTTCA	5	16222	16226	CTTCC	4029	4033	1	4
16223	T	CTTCA	5	16222	16226	CTACA	4068	4072	1	4
16223	T	AACCT	5	16219	16223	ACCCT	4093	4097	1	4
16223	T	ACCTT	5	16220	16224	ACCCT	4093	4097	1	4
16223	T	CCTTC	5	16221	16225	CCTAC	4095	4099	1	4
16223	T	CCTTC	5	16221	16225	ACTTC	4098	4102	1	4
16223	T	TTCAA	5	16223	16227	TTCGA	4124	4128	1	4
16223	T	AACCT	5	16219	16223	CACCT	4165	4169	1	4
16223	T	CCTTC	5	16221	16225	CCTAC	4185	4189	1	4
16223	T	CTTCA	5	16222	16226	CTTCC	4182	4186	1	4
16223	T	ACCTT	5	16220	16224	ACCCT	4195	4199	1	4
16223	T	CTTCA	5	16222	16226	CTCCA	4221	4225	1	4
16223	T	CTTCA	5	16222	16226	CTCCA	4239	4243	1	4
16223	T	TTCAA	5	16223	16227	TACAA	4233	4237	1	4
16223	T	CCTTC	5	16221	16225	CATTC	4245	4249	1	4
16223	T	ACCTT	5	16220	16224	ACTTT	4287	4291	1	4
16223	T	AACCT	5	16219	16223	AACCC	4316	4320	1	4
16223	T	ACCTT	5	16220	16224	AGCTT	4310	4314	1	4
16223	T	ACCTT	5	16220	16224	CCCTT	4320	4324	1	4
16223	T	CCTTC	5	16221	16225	CCTTA	4321	4325	1	4
16223	T	TTCAA	5	16223	16227	TTCTA	4327	4331	1	4
16223	T	AACCT	5	16219	16223	AACCC	4347	4351	1	4
16223	T	CCTTC	5	16221	16225	CCATC	4350	4354	1	4
16223	T	TTCAA	5	16223	16227	TCCAA	4363	4367	1	4
16223	T	ACCTT	5	16220	16224	ACCTA	4381	4385	1	4
16223	T	CCTTC	5	16221	16225	CCATC	4393	4397	1	4
16223	T	AACCT	5	16219	16223	AAGCT	4419	4423	1	4
16223	T	ACCTT	5	16220	16224	ATCTT	4506	4510	1	4
16223	T	CTTCA	5	16222	16226	CATCA	4523	4527	1	4
16223	T	AACCT	5	16219	16223	AAGCT	4535	4539	1	4
16223	T	AACCT	5	16219	16223	TACCT	4553	4557	1	4
16223	T	ACCTT	5	16220	16224	ACCTG	4554	4558	1	4
16223	T	AACCT	5	16219	16223	AACAT	4575	4579	1	4
16223	T	ACCTT	5	16220	16224	AGCTT	4583	4587	1	4
16223	T	TTCAA	5	16223	16227	TTCCA	4591	4595	1	4
16223	T	AACCT	5	16219	16223	AACCA	4601	4605	1	4
16223	T	TTCAA	5	16223	16227	TTCTA	4597	4601	1	4
16223	T	CCTTC	5	16221	16225	CGTTC	4620	4624	1	4
16223	T	AACCT	5	16219	16223	AAGCT	4630	4634	1	4
16223	T	CTTCA	5	16222	16226	CCTCA	4649	4653	1	4
16223	T	AACCT	5	16219	16223	ATCCT	4689	4693	1	4
16223	T	AACCT	5	16219	16223	AACCA	4727	4731	1	4
16223	T	TTCAA	5	16223	16227	ATCAA	4741	4745	1	4
16223	T	CTTCA	5	16222	16226	CATCA	4750	4754	1	4
16223	T	ACCTT	5	16220	16224	CCCTT	4797	4801	1	4
16223	T	CCTTC	5	16221	16225	CCTTT	4798	4802	1	4
16223	T	CCTTC	5	16221	16225	ACTTC	4804	4808	1	4
16223	T	CTTCA	5	16222	16226	CTTCT	4805	4809	1	4
16223	T	TTCAA	5	16223	16227	TTCAC	4801	4805	1	4
16223	T	CCTTC	5	16221	16225	CCCTC	4835	4839	1	4
16223	T	CCTTC	5	16221	16225	CCTGC	4850	4854	1	4
16223	T	CCTTC	5	16221	16225	GCTTC	4853	4857	1	4
16223	T	CCTTC	5	16221	16225	TCTTC	4856	4860	1	4
16223	T	CTTCA	5	16222	16226	CTTCT	4854	4858	1	4
16223	T	CTTCA	5	16222	16226	CTTCT	4857	4861	1	4
16223	T	AACCT	5	16219	16223	AAACT	4872	4876	1	4
16223	T	CCTTC	5	16221	16225	CCATC	4882	4886	1	4
16223	T	TTCAA	5	16223	16227	CTCAA	4886	4890	1	4
16223	T	AACCT	5	16219	16223	AATCT	4901	4905	1	4
16223	T	AACCT	5	16219	16223	AACGT	4917	4921	1	4
16223	T	CTTCA	5	16222	16226	CCTCA	4931	4935	1	4
16223	T	TTCAA	5	16223	16227	CTCAA	4940	4944	1	4
16223	T	AACCT	5	16219	16223	AACCA	4980	4984	1	4
16223	T	AACCT	5	16219	16223	AACCC	4985	4989	1	4
16223	T	ACCTT	5	16220	16224	ACCGT	5051	5055	1	4
16223	T	AACCT	5	16219	16223	AACAT	5064	5068	1	4
16223	T	CCTTC	5	16221	16225	CATTC	5072	5076	1	4
16223	T	CTTCA	5	16222	16226	CTTAA	5076	5080	1	4
16223	T	AACCT	5	16219	16223	ATCCT	5097	5101	1	4
16223	T	CCTTC	5	16221	16225	CATTC	5113	5117	1	4
16223	T	CCTTC	5	16221	16225	CCTAC	5117	5121	1	4
16223	T	AACCT	5	16219	16223	AAACT	5132	5136	1	4
16223	T	CTTCA	5	16222	16226	CTCCA	5135	5139	1	4
16223	T	AACCT	5	16219	16223	ACCCT	5148	5152	1	4
16223	T	ACCTT	5	16220	16224	ACCCT	5148	5152	1	4
16223	T	AACCT	5	16219	16223	CACCT	5165	5169	1	4
16223	T	ACCTT	5	16220	16224	ACCTG	5166	5170	1	4
16223	T	AACCT	5	16219	16223	AACAT	5180	5184	1	4
16223	T	CCTTC	5	16221	16225	CCATC	5202	5206	1	4
16223	T	CCTTC	5	16221	16225	CCTCC	5210	5214	1	4
16223	T	TTCAA	5	16223	16227	TTCCA	5200	5204	1	4
16223	T	CCTTC	5	16221	16225	CCTGC	5228	5232	1	4
16223	T	AACCT	5	16219	16223	AACCG	5240	5244	1	4
16223	T	CTTCA	5	16222	16226	ATTCA	5276	5280	1	4
16223	T	TTCAA	5	16223	16227	TTCAC	5277	5281	1	4
16223	T	AACCT	5	16219	16223	AGCCT	5292	5296	1	4
16223	T	CTTCA	5	16222	16226	CCTCA	5294	5298	1	4
16223	T	CTTCA	5	16222	16226	CATCA	5297	5301	1	4
16223	T	ACCTT	5	16220	16224	TCCTT	5329	5333	1	4
16223	T	CCTTC	5	16221	16225	ACTTC	5341	5345	1	4
16223	T	AACCT	5	16219	16223	AATCT	5357	5361	1	4
16223	T	ACCTT	5	16220	16224	ACCTC	5367	5371	1	4
16223	T	CTTCA	5	16222	16226	CTCCA	5363	5367	1	4
16223	T	AACCT	5	16219	16223	AACAT	5422	5426	1	4
16223	T	TTCAA	5	16223	16227	TACAA	5426	5430	1	4
16223	T	AACCT	5	16219	16223	AACCC	5431	5435	1	4
16223	T	CCTTC	5	16221	16225	CATTC	5440	5444	1	4
16223	T	CCTTC	5	16221	16225	CCTCC	5444	5448	1	4
16223	T	ACCTT	5	16220	16224	CCCTT	5461	5465	1	4
16223	T	CCTTC	5	16221	16225	CCTTA	5462	5466	1	4
16223	T	ACCTT	5	16220	16224	ACCTA	5480	5484	1	4
16223	T	CCTTC	5	16221	16225	CCTAC	5477	5481	1	4
16223	T	ACCTT	5	16220	16224	CCCTT	5489	5493	1	4
16223	T	CCTTC	5	16221	16225	CCTTT	5490	5494	1	4
16223	T	TTCAA	5	16223	16227	TTAAA	5523	5527	1	4
16223	T	TTCAA	5	16223	16227	TGCAA	5562	5566	1	4
16223	T	CTTCA	5	16222	16226	CTTAA	5569	5573	1	4
16223	T	AACCT	5	16219	16223	AACCC	5599	5603	1	4
16223	T	CTTCA	5	16222	16226	CTGCA	5608	5612	1	4
16223	T	ACCTT	5	16220	16224	ACTTT	5634	5638	1	4
16223	T	AACCT	5	16219	16223	AAGCT	5643	5647	1	4
16223	T	ACCTT	5	16220	16224	CCCTT	5651	5655	1	4
16223	T	CCTTC	5	16221	16225	CCTTA	5652	5656	1	4
16223	T	AACCT	5	16219	16223	AACCC	5675	5679	1	4
16223	T	ACCTT	5	16220	16224	ACCCT	5705	5709	1	4
16223	T	CCTTC	5	16221	16225	ACTTC	5729	5733	1	4
16223	T	CTTCA	5	16222	16226	CTTCT	5730	5734	1	4
16223	T	AACCT	5	16219	16223	AAGCT	5778	5782	1	4
16223	T	TTCAA	5	16223	16227	TTGAA	5775	5779	1	4
16223	T	CCTTC	5	16221	16225	GCTTC	5783	5787	1	4
16223	T	CCTTC	5	16221	16225	TCTTC	5786	5790	1	4
16223	T	CTTCA	5	16222	16226	CTTCT	5784	5788	1	4
16223	T	TTCAA	5	16223	16227	TGCAA	5796	5800	1	4
16223	T	AACCT	5	16219	16223	CACCT	5815	5819	1	4
16223	T	ACCTT	5	16220	16224	ACCTC	5816	5820	1	4
16223	T	AACCT	5	16219	16223	AACCC	5842	5846	1	4
16223	T	CTTCA	5	16222	16226	CTTTA	5851	5855	1	4
16223	T	TTCAA	5	16223	16227	TCCAA	5865	5869	1	4
16223	T	AACCT	5	16219	16223	TACCT	5888	5892	1	4
16223	T	ACCTT	5	16220	16224	ACCTC	5889	5893	1	4
16223	T	CTTCA	5	16222	16226	CCTCA	5890	5894	1	4
16223	T	ACCTT	5	16220	16224	ACCGT	5914	5918	1	4
16223	T	AACCT	5	16219	16223	AACCA	5934	5938	1	4
16223	T	ACCTT	5	16220	16224	ACATT	5944	5948	1	4
16223	T	AACCT	5	16219	16223	TACCT	5958	5962	1	4
16223	T	ACCTT	5	16220	16224	ACCTA	5959	5963	1	4
16223	T	AACCT	5	16219	16223	AGCCT	6003	6007	1	4
16223	T	ACCTT	5	16220	16224	TCCTT	6007	6011	1	4
16223	T	CCTTC	5	16221	16225	CCTCC	6005	6009	1	4
16223	T	CCTTC	5	16221	16225	CCTTA	6008	6012	1	4
16223	T	TTCAA	5	16223	16227	TTCGA	6013	6017	1	4
16223	T	CTTCA	5	16222	16226	CGTCA	6074	6078	1	4
16223	T	CTTCA	5	16222	16226	CTTCT	6101	6105	1	4
16223	T	CTTCA	5	16222	16226	CTTCT	6206	6210	1	4
16223	T	AACCT	5	16219	16223	TACCT	6217	6221	1	4
16223	T	CCTTC	5	16221	16225	CCCTC	6222	6226	1	4
16223	T	CCTTC	5	16221	16225	CCTAC	6230	6234	1	4
16223	T	CCTTC	5	16221	16225	CCTGC	6236	6240	1	4
16223	T	AACCT	5	16219	16223	ACCCT	6289	6293	1	4
16223	T	ACCTT	5	16220	16224	CCCTT	6294	6298	1	4
16223	T	CCTTC	5	16221	16225	CCTCC	6291	6295	1	4
16223	T	CCTTC	5	16221	16225	CCTTA	6295	6299	1	4
16223	T	ACCTT	5	16220	16224	ACCCT	6316	6320	1	4
16223	T	AACCT	5	16219	16223	AGCCT	6323	6327	1	4
16223	T	CCTTC	5	16221	16225	CCTCC	6325	6329	1	4
16223	T	AACCT	5	16219	16223	GACCT	6333	6337	1	4
16223	T	ACCTT	5	16220	16224	ACCTA	6334	6338	1	4
16223	T	ACCTT	5	16220	16224	TCCTT	6348	6352	1	4
16223	T	CCTTC	5	16221	16225	CCTTA	6349	6353	1	4
16223	T	CTTCA	5	16222	16226	CTTCT	6344	6348	1	4
16223	T	AACCT	5	16219	16223	CACCT	6354	6358	1	4
16223	T	ACCTT	5	16220	16224	ACCTA	6355	6359	1	4
16223	T	ACCTT	5	16220	16224	ATCTT	6375	6379	1	4
16223	T	CTTCA	5	16222	16226	TTTCA	6392	6396	1	4
16223	T	CTTCA	5	16222	16226	CATCA	6395	6399	1	4
16223	T	TTCAA	5	16223	16227	ATCAA	6408	6412	1	4
16223	T	AACCT	5	16219	16223	AACCC	6418	6422	1	4
16223	T	CCTTC	5	16221	16225	CCTGC	6423	6427	1	4
16223	T	AACCT	5	16219	16223	AACCC	6431	6435	1	4
16223	T	CCTTC	5	16221	16225	CCCTC	6448	6452	1	4
16223	T	CCTTC	5	16221	16225	TCTTC	6451	6455	1	4
16223	T	CTTCA	5	16222	16226	CTTCG	6452	6456	1	4
16223	T	CCTTC	5	16221	16225	CCGTC	6463	6467	1	4
16223	T	CCTTC	5	16221	16225	CCTAC	6482	6486	1	4
16223	T	CCTTC	5	16221	16225	ACTTC	6485	6489	1	4
16223	T	CTTCA	5	16222	16226	CATCA	6518	6522	1	4
16223	T	CCTTC	5	16221	16225	TCTTC	6559	6563	1	4
16223	T	CCTTC	5	16221	16225	CATTC	6587	6591	1	4
16223	T	TTCAA	5	16223	16227	TTCTA	6589	6593	1	4
16223	T	AACCT	5	16219	16223	CACCT	6600	6604	1	4
16223	T	ACCTT	5	16220	16224	ACCTA	6601	6605	1	4
16223	T	ACCTT	5	16220	16224	ACCCT	6622	6626	1	4
16223	T	AACCT	5	16219	16223	ATCCT	6642	6646	1	4
16223	T	CCTTC	5	16221	16225	CCTAC	6644	6648	1	4
16223	T	CCTTC	5	16221	16225	GCTTC	6652	6656	1	4
16223	T	CTTCA	5	16222	16226	CTTCG	6653	6657	1	4
16223	T	AACCT	5	16219	16223	AATCT	6662	6666	1	4
16223	T	AACCT	5	16219	16223	AACTT	6677	6681	1	4
16223	T	ACCTT	5	16220	16224	AACTT	6677	6681	1	4
16223	T	TTCAA	5	16223	16227	ATCAA	6737	6741	1	4
16223	T	CCTTC	5	16221	16225	GCTTC	6745	6749	1	4
16223	T	CTTCA	5	16222	16226	CTTCC	6746	6750	1	4
16223	T	ACCTT	5	16220	16224	ACCAT	6772	6776	1	4
16223	T	AACCT	5	16219	16223	CACCT	6818	6822	1	4
16223	T	CTTCA	5	16222	16226	TTTCA	6815	6819	1	4
16223	T	ACCTT	5	16220	16224	ACCAT	6828	6832	1	4
16223	T	CTTCA	5	16222	16226	CTCCA	6882	6886	1	4
16223	T	CTTCA	5	16222	16226	CTGCA	6910	6914	1	4
16223	T	ACCTT	5	16220	16224	ATCTT	6936	6940	1	4
16223	T	CCTTC	5	16221	16225	CTTTC	6938	6942	1	4
16223	T	CTTCA	5	16222	16226	ATTCA	6932	6936	1	4
16223	T	ACCTT	5	16220	16224	ACCGT	6948	6952	1	4
16223	T	CTTCA	5	16222	16226	TTTCA	6944	6948	1	4
16223	T	CTTCA	5	16222	16226	CATCA	6985	6989	1	4
16223	T	CTTCA	5	16222	16226	CTACA	7002	7006	1	4
16223	T	ACCTT	5	16220	16224	ACGTT	7018	7022	1	4
16223	T	TTCAA	5	16223	16227	ATCAA	7046	7050	1	4
16223	T	TTCAA	5	16223	16227	TTCAC	7084	7088	1	4
16223	T	ACCTT	5	16220	16224	ACCCT	7113	7117	1	4
16223	T	CTTCA	5	16222	16226	CTACA	7109	7113	1	4
16223	T	CTTCA	5	16222	16226	TTTCA	7142	7146	1	4
16223	T	CTTCA	5	16222	16226	ATTCA	7154	7158	1	4
16223	T	CCTTC	5	16221	16225	TCTTC	7177	7181	1	4
16223	T	CTTCA	5	16222	16226	CTTCC	7178	7182	1	4
16223	T	ACCTT	5	16220	16224	ACGTT	7217	7221	1	4
16223	T	AACCT	5	16219	16223	AACAT	7254	7258	1	4
16223	T	TTCAA	5	16223	16227	TTCAT	7278	7282	1	4
16223	T	CTTCA	5	16222	16226	TTTCA	7310	7314	1	4
16223	T	TTCAA	5	16223	16227	TTCAT	7311	7315	1	4
16223	T	CCTTC	5	16221	16225	GCTTC	7332	7336	1	4
16223	T	ACCTT	5	16220	16224	ACCCT	7403	7407	1	4
16223	T	CCTTC	5	16221	16225	CCTAC	7405	7409	1	4
16223	T	TTCAA	5	16223	16227	TTCGA	7416	7420	1	4
16223	T	AACCT	5	16219	16223	AACCC	7423	7427	1	4
16223	T	AACCT	5	16219	16223	AATCT	7438	7442	1	4
16223	T	AACCT	5	16219	16223	AACCC	7464	7468	1	4
16223	T	AACCT	5	16219	16223	AAGCT	7473	7477	1	4
16223	T	ACCTT	5	16220	16224	ACTTT	7507	7511	1	4
16223	T	CTTCA	5	16222	16226	TTTCA	7536	7540	1	4
16223	T	TTCAA	5	16223	16227	TTCAT	7537	7541	1	4
16223	T	TTCAA	5	16223	16227	GTCAA	7548	7552	1	4
16223	T	TTCAA	5	16223	16227	TTAAA	7555	7559	1	4
16223	T	AACCT	5	16219	16223	ATCCT	7571	7575	1	4
16223	T	ACCTT	5	16220	16224	ATCTT	7580	7584	1	4
16223	T	CTTCA	5	16222	16226	CTTAA	7582	7586	1	4
16223	T	CCTTC	5	16221	16225	ACTTC	7622	7626	1	4
16223	T	ACCTT	5	16220	16224	AGCTT	7641	7645	1	4
16223	T	TTCAA	5	16223	16227	TTCAT	7653	7657	1	4
16223	T	ACCTT	5	16220	16224	TCCTT	7680	7684	1	4
16223	T	CCTTC	5	16221	16225	CCTTA	7681	7685	1	4
16223	T	CCTTC	5	16221	16225	GCTTC	7689	7693	1	4
16223	T	CTTCA	5	16222	16226	CTTCC	7690	7694	1	4
16223	T	ACCTT	5	16220	16224	CCCTT	7707	7711	1	4
16223	T	CCTTC	5	16221	16225	CCTTT	7708	7712	1	4
16223	T	AACCT	5	16219	16223	AAACT	7730	7734	1	4
16223	T	AACCT	5	16219	16223	AACAT	7745	7749	1	4
16223	T	AACCT	5	16219	16223	ATCCT	7784	7788	1	4
16223	T	CCTTC	5	16221	16225	CCTGC	7786	7790	1	4
16223	T	CTTCA	5	16222	16226	CCTCA	7807	7811	1	4
16223	T	CCTTC	5	16221	16225	CCCTC	7815	7819	1	4
16223	T	CCTTC	5	16221	16225	CCTCC	7816	7820	1	4
16223	T	CCTTC	5	16221	16225	CCATC	7820	7824	1	4
16223	T	CCTTC	5	16221	16225	CCTAC	7825	7829	1	4
16223	T	ACCTT	5	16220	16224	CCCTT	7866	7870	1	4
16223	T	CCTTC	5	16221	16225	CCCTC	7862	7866	1	4
16223	T	CCTTC	5	16221	16225	CCTCC	7863	7867	1	4
16223	T	CCTTC	5	16221	16225	CCTTA	7867	7871	1	4
16223	T	TTCAA	5	16223	16227	ATCAA	7879	7883	1	4
16223	T	CCTTC	5	16221	16225	ACTTC	7951	7955	1	4
16223	T	CTTCA	5	16222	16226	CTTCC	7952	7956	1	4
16223	T	AACCT	5	16219	16223	AACCA	7971	7975	1	4
16223	T	ACCTT	5	16220	16224	TCCTT	7989	7993	1	4
16223	T	ACCTT	5	16220	16224	ACGTT	7995	7999	1	4
16223	T	TTCAA	5	16223	16227	TTGAA	8022	8026	1	4
16223	T	CCTTC	5	16221	16225	CATTC	8032	8036	1	4
16223	T	CTTCA	5	16222	16226	CATCA	8049	8053	1	4
16223	T	ACCTT	5	16220	16224	ACATT	8084	8088	1	4
16223	T	TTCAA	5	16223	16227	TGCAA	8104	8108	1	4
16223	T	AACCT	5	16219	16223	AACCA	8123	8127	1	4
16223	T	AACCT	5	16219	16223	AACCA	8128	8132	1	4
16223	T	CTTCA	5	16222	16226	CTACA	8142	8146	1	4
16223	T	TTCAA	5	16223	16227	GTCAA	8166	8170	1	4
16223	T	AACCT	5	16219	16223	AATCT	8179	8183	1	4
16223	T	AACCT	5	16219	16223	AACCA	8192	8196	1	4
16223	T	CTTCA	5	16222	16226	TTTCA	8200	8204	1	4
16223	T	TTCAA	5	16223	16227	TTCAT	8201	8205	1	4
16223	T	CCTTC	5	16221	16225	CCATC	8208	8212	1	4
16223	T	TTCAA	5	16223	16227	TTGAA	8241	8245	1	4
16223	T	AACCT	5	16219	16223	ACCCT	8261	8265	1	4
16223	T	ACCTT	5	16220	16224	ACCCT	8261	8265	1	4
16223	T	CCTTC	5	16221	16225	CCCTC	8274	8278	1	4
16223	T	CCTTC	5	16221	16225	CCCTC	8283	8287	1	4
16223	T	AACCT	5	16219	16223	AAGCT	8302	8306	1	4
16223	T	AACCT	5	16219	16223	AACTT	8307	8311	1	4
16223	T	ACCTT	5	16220	16224	AACTT	8307	8311	1	4
16223	T	TTCAA	5	16223	16227	TTTAA	8323	8327	1	4
16223	T	TTCAA	5	16223	16227	TTAAA	8329	8333	1	4
16223	T	AACCT	5	16219	16223	AACCA	8343	8347	1	4
16223	T	AACCT	5	16219	16223	CACCT	8349	8353	1	4
16223	T	ACCTT	5	16220	16224	ACCTC	8350	8354	1	4
16223	T	CTTCA	5	16222	16226	CTTTA	8354	8358	1	4
16223	T	ACCTT	5	16220	16224	ACCGT	8384	8388	1	4
16223	T	ACCTT	5	16220	16224	ACCAT	8396	8400	1	4
16223	T	ACCTT	5	16220	16224	TCCTT	8415	8419	1	4
16223	T	CTTCA	5	16222	16226	CCTCA	8428	8432	1	4
16223	T	CTTCA	5	16222	16226	CATCA	8431	8435	1	4
16223	T	AACCT	5	16219	16223	AACCA	8520	8524	1	4
16223	T	AACCT	5	16219	16223	AATCT	8536	8540	1	4
16223	T	TTCAA	5	16223	16227	TTCAT	8551	8555	1	4
16223	T	AACCT	5	16219	16223	ATCCT	8566	8570	1	4
16223	T	CCTTC	5	16221	16225	CCTAC	8574	8578	1	4
16223	T	CCTTC	5	16221	16225	CATTC	8595	8599	1	4
16223	T	TTCAA	5	16223	16227	TTCTA	8597	8601	1	4
16223	T	CCTTC	5	16221	16225	CCCTC	8607	8611	1	4
16223	T	TTCAA	5	16223	16227	ATCAA	8674	8678	1	4
16223	T	CCTTC	5	16221	16225	CCTGC	8787	8791	1	4
16223	T	CTTCA	5	16222	16226	CCTCA	8791	8795	1	4
16223	T	CCTTC	5	16221	16225	CCATC	8840	8844	1	4
16223	T	ACCTT	5	16220	16224	CCCTT	8845	8849	1	4
16223	T	CCTTC	5	16221	16225	CCTTA	8846	8850	1	4
16223	T	CCTTC	5	16221	16225	CTTTC	8874	8878	1	4
16223	T	TTCAA	5	16223	16227	TTAAA	8888	8892	1	4
16223	T	CCTTC	5	16221	16225	ACTTC	8906	8910	1	4
16223	T	CTTCA	5	16222	16226	CTTCT	8907	8911	1	4
16223	T	AACCT	5	16219	16223	CACCT	8924	8928	1	4
16223	T	ACCTT	5	16220	16224	CCCTT	8933	8937	1	4
16223	T	CCTTC	5	16221	16225	CCTTA	8934	8938	1	4
16223	T	AACCT	5	16219	16223	AACCG	9006	9010	1	4
16223	T	CTTCA	5	16222	16226	CTGCA	9020	9024	1	4
16223	T	AACCT	5	16219	16223	CACCT	9040	9044	1	4
16223	T	ACCTT	5	16220	16224	ACCTA	9041	9045	1	4
16223	T	ACCTT	5	16220	16224	ACCCT	9058	9062	1	4
16223	T	CCTTC	5	16221	16225	CCCTC	9085	9089	1	4
16223	T	CTTCA	5	16222	16226	CTACA	9089	9093	1	4
16223	T	TTCAA	5	16223	16227	TTCTA	9110	9114	1	4
16223	T	AACCT	5	16219	16223	ATCCT	9127	9131	1	4
16223	T	ACCTT	5	16220	16224	GCCTT	9145	9149	1	4
16223	T	AACCT	5	16219	16223	AGCCT	9156	9160	1	4
16223	T	ACCTT	5	16220	16224	ACGTT	9161	9165	1	4
16223	T	CCTTC	5	16221	16225	CCTAC	9158	9162	1	4
16223	T	CTTCA	5	16222	16226	TTTCA	9165	9169	1	4
16223	T	TTCAA	5	16223	16227	TCCAA	9152	9156	1	4
16223	T	TTCAA	5	16223	16227	TTCAC	9166	9170	1	4
16223	T	CCTTC	5	16221	16225	ACTTC	9171	9175	1	4
16223	T	AACCT	5	16219	16223	AGCCT	9181	9185	1	4
16223	T	AACCT	5	16219	16223	AACCC	9241	9245	1	4
16223	T	CCTTC	5	16221	16225	CCCTC	9268	9272	1	4
16223	T	CCTTC	5	16221	16225	CCCTC	9277	9281	1	4
16223	T	CCTTC	5	16221	16225	CCTCC	9278	9282	1	4
16223	T	AACCT	5	16219	16223	GACCT	9287	9291	1	4
16223	T	CCTTC	5	16221	16225	ACTTC	9313	9317	1	4
16223	T	CTTCA	5	16222	16226	TTTCA	9309	9313	1	4
16223	T	CTTCA	5	16222	16226	CTCCA	9320	9324	1	4
16223	T	TTCAA	5	16223	16227	TTCAC	9310	9314	1	4
16223	T	CTTCA	5	16222	16226	CCTCA	9332	9336	1	4
16223	T	CCTTC	5	16221	16225	CCTAC	9344	9348	1	4
16223	T	AACCT	5	16219	16223	AACCA	9350	9354	1	4
16223	T	ACCTT	5	16220	16224	ACCTG	9425	9429	1	4
16223	T	TTCAA	5	16223	16227	TCCAA	9430	9434	1	4
16223	T	AACCT	5	16219	16223	ATCCT	9456	9460	1	4
16223	T	AACCT	5	16219	16223	TACCT	9467	9471	1	4
16223	T	ACCTT	5	16220	16224	ACCTC	9468	9472	1	4
16223	T	CTTCA	5	16222	16226	CCTCA	9469	9473	1	4
16223	T	CCTTC	5	16221	16225	TCTTC	9484	9488	1	4
16223	T	CTTCA	5	16222	16226	CTTCG	9485	9489	1	4
16223	T	CCTTC	5	16221	16225	CCTTT	9505	9509	1	4
16223	T	CTTCA	5	16222	16226	CTCCA	9515	9519	1	4
16223	T	CCTTC	5	16221	16225	CCTAC	9528	9532	1	4
16223	T	CTTCA	5	16222	16226	CATCA	9566	9570	1	4
16223	T	CTTCA	5	16222	16226	CATCA	9622	9626	1	4
16223	T	TTCAA	5	16223	16227	ATCAA	9632	9636	1	4
16223	T	AACCT	5	16219	16223	CACCT	9638	9642	1	4
16223	T	ACCTT	5	16220	16224	ACCTG	9639	9643	1	4
16223	T	ACCTT	5	16220	16224	ACCAT	9649	9653	1	4
16223	T	AACCT	5	16219	16223	AACCA	9675	9679	1	4
16223	T	TTCAA	5	16223	16227	TACAA	9701	9705	1	4
16223	T	AACCT	5	16219	16223	ACCCT	9726	9730	1	4
16223	T	AACCT	5	16219	16223	AGCCT	9737	9741	1	4
16223	T	CCTTC	5	16221	16225	CCTCC	9728	9732	1	4
16223	T	CTTCA	5	16222	16226	CCTCA	9739	9743	1	4
16223	T	CCTTC	5	16221	16225	ACTTC	9748	9752	1	4
16223	T	ACCTT	5	16220	16224	ACCAT	9765	9769	1	4
16223	T	CCTTC	5	16221	16225	GCTTC	9811	9815	1	4
16223	T	CTTCA	5	16222	16226	CGTCA	9827	9831	1	4
16223	T	CTTCA	5	16222	16226	CCTCA	9848	9852	1	4
16223	T	ACCTT	5	16220	16224	ACTTT	9883	9887	1	4
16223	T	CTTCA	5	16222	16226	TTTCA	9879	9883	1	4
16223	T	CTTCA	5	16222	16226	CTTTA	9884	9888	1	4
16223	T	TTCAA	5	16223	16227	TTCAC	9880	9884	1	4
16223	T	AACCT	5	16219	16223	AACAT	9895	9899	1	4
16223	T	ACCTT	5	16220	16224	ACTTT	9901	9905	1	4
16223	T	CTTCA	5	16222	16226	CATCA	9897	9901	1	4
16223	T	TTCAA	5	16223	16227	TCCAA	9891	9895	1	4
16223	T	CCTTC	5	16221	16225	GCTTC	9907	9911	1	4
16223	T	CCTTC	5	16221	16225	CCATC	9970	9974	1	4
16223	T	AACCT	5	16219	16223	AACTT	10017	10021	1	4
16223	T	TTCAA	5	16223	16227	TCCAA	10021	10025	1	4
16223	T	ACCTT	5	16220	16224	GCCTT	10068	10072	1	4
16223	T	CTTCA	5	16222	16226	CTTCG	10064	10068	1	4
16223	T	TTCAA	5	16223	16227	TTTAA	10076	10080	1	4
16223	T	CCTTC	5	16221	16225	CCTCC	10091	10095	1	4
16223	T	CCTTC	5	16221	16225	CCTTA	10099	10103	1	4
16223	T	ACCTT	5	16220	16224	ACATT	10119	10123	1	4
16223	T	CTTCA	5	16222	16226	CTACA	10145	10149	1	4
16223	T	ACCTT	5	16220	16224	CCCTT	10163	10167	1	4
16223	T	CCTTC	5	16221	16225	CCTTA	10164	10168	1	4
16223	T	AACCT	5	16219	16223	ACCCT	10183	10187	1	4
16223	T	ACCTT	5	16220	16224	ACCCT	10183	10187	1	4
16223	T	CCTTC	5	16221	16225	GCTTC	10177	10181	1	4
16223	T	ACCTT	5	16220	16224	CCCTT	10205	10209	1	4
16223	T	CCTTC	5	16221	16225	CCTTT	10206	10210	1	4
16223	T	CCTTC	5	16221	16225	CTTTC	10207	10211	1	4
16223	T	CTTCA	5	16222	16226	CTCCA	10211	10215	1	4
16223	T	CCTTC	5	16221	16225	TCTTC	10222	10226	1	4
16223	T	CTTCA	5	16222	16226	CTTCT	10223	10227	1	4
16223	T	ACCTT	5	16220	16224	TCCTT	10270	10274	1	4
16223	T	CCTTC	5	16221	16225	CCCTC	10267	10271	1	4
16223	T	CCTTC	5	16221	16225	CCTCC	10268	10272	1	4
16223	T	CCTTC	5	16221	16225	CCTTT	10271	10275	1	4
16223	T	ACCTT	5	16220	16224	ACCAT	10283	10287	1	4
16223	T	CCTTC	5	16221	16225	CCTAC	10280	10284	1	4
16223	T	CCTTC	5	16221	16225	CCCTC	10330	10334	1	4
16223	T	CTTCA	5	16222	16226	CATCA	10343	10347	1	4
16223	T	AACCT	5	16219	16223	AACCG	10397	10401	1	4
16223	T	TTCAA	5	16223	16227	TTTAA	10415	10419	1	4
16223	T	TTCAA	5	16223	16227	TTAAA	10443	10447	1	4
16223	T	CCTTC	5	16221	16225	ACTTC	10514	10518	1	4
16223	T	AACCT	5	16219	16223	CACCT	10542	10546	1	4
16223	T	ACCTT	5	16220	16224	ACCTC	10543	10547	1	4
16223	T	CTTCA	5	16222	16226	CCTCA	10544	10548	1	4
16223	T	AACCT	5	16219	16223	ATCCT	10550	10554	1	4
16223	T	CCTTC	5	16221	16225	CCTCC	10552	10556	1	4
16223	T	CCTTC	5	16221	16225	CCTAC	10556	10560	1	4
16223	T	CTTCA	5	16222	16226	GTTCA	10589	10593	1	4
16223	T	TTCAA	5	16223	16227	TTCAT	10590	10594	1	4
16223	T	CCTTC	5	16221	16225	CCCTC	10627	10631	1	4
16223	T	CCTTC	5	16221	16225	CCTGC	10672	10676	1	4
16223	T	CCTTC	5	16221	16225	CCTAC	10697	10701	1	4
16223	T	TTCAA	5	16223	16227	CTCAA	10706	10710	1	4
16223	T	AACCT	5	16219	16223	AAACT	10766	10770	1	4
16223	T	TTCAA	5	16223	16227	TTCCA	10810	10814	1	4
16223	T	TTCAA	5	16223	16227	TCCAA	10811	10815	1	4
16223	T	TTCAA	5	16223	16227	TTGAA	10828	10832	1	4
16223	T	CTTCA	5	16222	16226	CATCA	10864	10868	1	4
16223	T	AACCT	5	16219	16223	AACCA	10886	10890	1	4
16223	T	CCTTC	5	16221	16225	CCTCC	10929	10933	1	4
16223	T	CCTTC	5	16221	16225	CCCTC	10950	10954	1	4
16223	T	CCTTC	5	16221	16225	CCTCC	10951	10955	1	4
16223	T	ACCTT	5	16220	16224	ACCTG	10967	10971	1	4
16223	T	CCTTC	5	16221	16225	CCTAC	10975	10979	1	4
16223	T	AACCT	5	16219	16223	AACCA	11019	11023	1	4
16223	T	AACCT	5	16219	16223	AAACT	11036	11040	1	4
16223	T	ACCTT	5	16220	16224	ACCTC	11043	11047	1	4
16223	T	AACCT	5	16219	16223	AATCT	11056	11060	1	4
16223	T	AACCT	5	16219	16223	AATCT	11068	11072	1	4
16223	T	ACCTT	5	16220	16224	TCCTT	11072	11076	1	4
16223	T	TTCAA	5	16223	16227	TTCAC	11087	11091	1	4
16223	T	CCTTC	5	16221	16225	TCTTC	11121	11125	1	4
16223	T	CTTCA	5	16222	16226	CTTCT	11119	11123	1	4
16223	T	AACCT	5	16219	16223	AACCA	11128	11132	1	4
16223	T	CTTCA	5	16222	16226	CATCA	11155	11159	1	4
16223	T	CCTTC	5	16221	16225	ACTTC	11202	11206	1	4
16223	T	CTTCA	5	16222	16226	CTTCC	11203	11207	1	4
16223	T	ACCTT	5	16220	16224	ACCCT	11216	11220	1	4
16223	T	CTTCA	5	16222	16226	CTACA	11212	11216	1	4
16223	T	CCTTC	5	16221	16225	CCTAC	11236	11240	1	4
16223	T	ACCTT	5	16220	16224	ACCCT	11267	11271	1	4
16223	T	TTCAA	5	16223	16227	ATCAA	11317	11321	1	4
16223	T	ACCTT	5	16220	16224	AACTT	11336	11340	1	4
16223	T	CTTCA	5	16222	16226	CTTAA	11338	11342	1	4
16223	T	ACCTT	5	16220	16224	AGCTT	11350	11354	1	4
16223	T	ACCTT	5	16220	16224	AGCTT	11362	11366	1	4
16223	T	AACCT	5	16219	16223	TACCT	11379	11383	1	4
16223	T	ACCTT	5	16220	16224	ACCTC	11380	11384	1	4
16223	T	CTTCA	5	16222	16226	CTTTA	11384	11388	1	4
16223	T	CTTCA	5	16222	16226	CTCCA	11393	11397	1	4
16223	T	CCTTC	5	16221	16225	CCATC	11430	11434	1	4
16223	T	TTCAA	5	16223	16227	GTCAA	11440	11444	1	4
16223	T	AACCT	5	16219	16223	AAACT	11468	11472	1	4
16223	T	CTTCA	5	16222	16226	CCTCA	11494	11498	1	4
16223	T	CCTTC	5	16221	16225	CATTC	11503	11507	1	4
16223	T	AACCT	5	16219	16223	AGCCT	11530	11534	1	4
16223	T	CCTTC	5	16221	16225	CCTAC	11532	11536	1	4
16223	T	ACCTT	5	16220	16224	TCCTT	11541	11545	1	4
16223	T	CCTTC	5	16221	16225	CCATC	11580	11584	1	4
16223	T	CTTCA	5	16222	16226	CTCCA	11578	11582	1	4
16223	T	CCTTC	5	16221	16225	CCTAC	11587	11591	1	4
16223	T	AACCT	5	16219	16223	GACCT	11600	11604	1	4
16223	T	ACCTT	5	16220	16224	ACCTA	11601	11605	1	4
16223	T	CCTTC	5	16221	16225	CCCTC	11643	11647	1	4
16223	T	CCTTC	5	16221	16225	CATTC	11659	11663	1	4
16223	T	AACCT	5	16219	16223	AACCC	11671	11675	1	4
16223	T	TTCAA	5	16223	16227	TCCAA	11667	11671	1	4
16223	T	CCTTC	5	16221	16225	CATTC	11698	11702	1	4
16223	T	CTTCA	5	16222	16226	CCTCA	11727	11731	1	4
16223	T	TTCAA	5	16223	16227	CTCAA	11752	11756	1	4
16223	T	CTTCA	5	16222	16226	CATCA	11779	11783	1	4
16223	T	AACCT	5	16219	16223	ATCCT	11786	11790	1	4
16223	T	TTCAA	5	16223	16227	CTCAA	11793	11797	1	4
16223	T	ACCTT	5	16220	16224	AGCTT	11824	11828	1	4
16223	T	CCTTC	5	16221	16225	ACTTC	11836	11840	1	4
16223	T	AACCT	5	16219	16223	AGCCT	11846	11850	1	4
16223	T	ACCTT	5	16220	16224	GCCTT	11861	11865	1	4
16223	T	CCTTC	5	16221	16225	CCTTA	11862	11866	1	4
16223	T	AACCT	5	16219	16223	AACCA	11908	11912	1	4
16223	T	CCTTC	5	16221	16225	CCTAC	11938	11942	1	4
16223	T	CCTTC	5	16221	16225	CCCTC	11979	11983	1	4
16223	T	CTTCA	5	16222	16226	CTACA	11983	11987	1	4
16223	T	ACCTT	5	16220	16224	ACATT	12024	12028	1	4
16223	T	TTCAA	5	16223	16227	TTCAC	12047	12051	1	4
16223	T	AACCT	5	16219	16223	CACCT	12077	12081	1	4
16223	T	ACCTT	5	16220	16224	ACCTA	12078	12082	1	4
16223	T	CTTCA	5	16222	16226	GTTCA	12070	12074	1	4
16223	T	TTCAA	5	16223	16227	TTCAT	12071	12075	1	4
16223	T	CCTTC	5	16221	16225	CATTC	12088	12092	1	4
16223	T	CCTTC	5	16221	16225	CCTCC	12094	12098	1	4
16223	T	CTTCA	5	16222	16226	CATCA	12115	12119	1	4
16223	T	AACCT	5	16219	16223	AACCA	12151	12155	1	4
16223	T	AACCT	5	16219	16223	AACAT	12157	12161	1	4
16223	T	CTTCA	5	16222	16226	CATCA	12159	12163	1	4
16223	T	AACCT	5	16219	16223	AATCT	12171	12175	1	4
16223	T	ACCTT	5	16220	16224	CCCTT	12195	12199	1	4
16223	T	CCTTC	5	16221	16225	CCTTA	12196	12200	1	4
16223	T	AACCT	5	16219	16223	AAGCT	12211	12215	1	4
16223	T	CCTTC	5	16221	16225	CTTTC	12258	12262	1	4
16223	T	TTCAA	5	16223	16227	TTAAA	12270	12274	1	4
16223	T	AACCT	5	16219	16223	AACCA	12357	12361	1	4
16223	T	ACCTT	5	16220	16224	ACCCT	12361	12365	1	4
16223	T	CCTTC	5	16221	16225	ACTTC	12373	12377	1	4
16223	T	CTTCA	5	16222	16226	CTTCC	12374	12378	1	4
16223	T	CCTTC	5	16221	16225	CCATC	12389	12393	1	4
16223	T	CCTTC	5	16221	16225	CCTTA	12393	12397	1	4
16223	T	AACCT	5	16219	16223	AAACT	12423	12427	1	4
16223	T	CCTTC	5	16221	16225	TCTTC	12479	12483	1	4
16223	T	CTTCA	5	16222	16226	CTTCC	12480	12484	1	4
16223	T	CTTCA	5	16222	16226	ATTCA	12495	12499	1	4
16223	T	TTCAA	5	16223	16227	TTCAT	12496	12500	1	4
16223	T	CCTTC	5	16221	16225	ACTTC	12587	12591	1	4
16223	T	CTTCA	5	16222	16226	CTTCT	12588	12592	1	4
16223	T	CTTCA	5	16222	16226	CTCCA	12591	12595	1	4
16223	T	CTTCA	5	16222	16226	ATTCA	12600	12604	1	4
16223	T	AACCT	5	16219	16223	AAACT	12660	12664	1	4
16223	T	CTTCA	5	16222	16226	CTTCC	12705	12709	1	4
16223	T	ACCTT	5	16220	16224	ACCAT	12715	12719	1	4
16223	T	TTCAA	5	16223	16227	TTCCA	12748	12752	1	4
16223	T	CTTCA	5	16222	16226	GTTCA	12756	12760	1	4
16223	T	CTTCA	5	16222	16226	CATCA	12798	12802	1	4
16223	T	AACCT	5	16219	16223	ATCCT	12850	12854	1	4
16223	T	CTTCA	5	16222	16226	TTTCA	12879	12883	1	4
16223	T	ACCTT	5	16220	16224	GCCTT	12889	12893	1	4
16223	T	CCTTC	5	16221	16225	CCTTA	12890	12894	1	4
16223	T	AACCT	5	16219	16223	ATCCT	12904	12908	1	4
16223	T	AACCT	5	16219	16223	AGCCT	12961	12965	1	4
16223	T	CTTCA	5	16222	16226	CCTCA	12963	12967	1	4
16223	T	TTCAA	5	16223	16227	TCCAA	12957	12961	1	4
16223	T	CCTTC	5	16221	16225	CCTCC	12981	12985	1	4
16223	T	CCTTC	5	16221	16225	CCTCC	12984	12988	1	4
16223	T	CTTCA	5	16222	16226	CTCCA	13021	13025	1	4
16223	T	CCTTC	5	16221	16225	CCTAC	13071	13075	1	4
16223	T	CTTCA	5	16222	16226	CTCCA	13075	13079	1	4
16223	T	TTCAA	5	16223	16227	CTCAA	13080	13084	1	4
16223	T	CTTCA	5	16222	16226	CTTCT	13107	13111	1	4
16223	T	CCTTC	5	16221	16225	GCTTC	13121	13125	1	4
16223	T	TTCAA	5	16223	16227	TCCAA	13154	13158	1	4
16223	T	ACCTT	5	16220	16224	CCCTT	13211	13215	1	4
16223	T	CCTTC	5	16221	16225	CCTTA	13212	13216	1	4
16223	T	CTTCA	5	16222	16226	CTCCA	13248	13252	1	4
16223	T	TTCAA	5	16223	16227	TACAA	13281	13285	1	4
16223	T	AACCT	5	16219	16223	CACCT	13303	13307	1	4
16223	T	ACCTT	5	16220	16224	ACCTA	13304	13308	1	4
16223	T	CCTTC	5	16221	16225	CATTC	13310	13314	1	4
16223	T	TTCAA	5	16223	16227	TTCGA	13403	13407	1	4
16223	T	TTCAA	5	16223	16227	CTCAA	13423	13427	1	4
16223	T	AACCT	5	16219	16223	TACCT	13433	13437	1	4
16223	T	ACCTT	5	16220	16224	ACCTC	13434	13438	1	4
16223	T	ACCTT	5	16220	16224	ACCAT	13456	13460	1	4
16223	T	CCTTC	5	16221	16225	CTTTC	13487	13491	1	4
16223	T	CTTCA	5	16222	16226	CCTCA	13491	13495	1	4
16223	T	CTTCA	5	16222	16226	CATCA	13518	13522	1	4
16223	T	AACCT	5	16219	16223	AACCG	13527	13531	1	4
16223	T	AACCT	5	16219	16223	AACAT	13534	13538	1	4
16223	T	ACCTT	5	16220	16224	ACCCT	13624	13628	1	4
16223	T	CCTTC	5	16221	16225	TCTTC	13617	13621	1	4
16223	T	CTTCA	5	16222	16226	CTTCT	13618	13622	1	4
16223	T	CCTTC	5	16221	16225	GCTTC	13643	13647	1	4
16223	T	CTTCA	5	16222	16226	CTTCC	13644	13648	1	4
16223	T	CCTTC	5	16221	16225	CCTTA	13653	13657	1	4
16223	T	AACCT	5	16219	16223	AACCC	13675	13679	1	4
16223	T	ACCTT	5	16220	16224	ACCCT	13681	13685	1	4
16223	T	CCTTC	5	16221	16225	CCTAC	13683	13687	1	4
16223	T	AACCT	5	16219	16223	AACCC	13690	13694	1	4
16223	T	AACCT	5	16219	16223	AGCCT	13717	13721	1	4
16223	T	TTCAA	5	16223	16227	TCCAA	13769	13773	1	4
16223	T	AACCT	5	16219	16223	AAACT	13795	13799	1	4
16223	T	CCTTC	5	16221	16225	CCCTC	13784	13788	1	4
16223	T	CCTTC	5	16221	16225	CCCTC	13805	13809	1	4
16223	T	CCTTC	5	16221	16225	ACTTC	13827	13831	1	4
16223	T	AACCT	5	16219	16223	GACCT	13843	13847	1	4
16223	T	AACCT	5	16219	16223	AACCA	13857	13861	1	4
16223	T	ACCTT	5	16220	16224	ACCTC	13844	13848	1	4
16223	T	ACCTT	5	16220	16224	ACCTA	13853	13857	1	4
16223	T	ACCTT	5	16220	16224	ACATT	13891	13895	1	4
16223	T	AACCT	5	16219	16223	ACCCT	13922	13926	1	4
16223	T	ACCTT	5	16220	16224	ACCCT	13922	13926	1	4
16223	T	CTTCA	5	16222	16226	CATCA	13929	13933	1	4
16223	T	CCTTC	5	16221	16225	CCTAC	13983	13987	1	4
16223	T	CCTTC	5	16221	16225	CCTCC	13989	13993	1	4
16223	T	AACCT	5	16219	16223	GACCT	13996	14000	1	4
16223	T	ACCTT	5	16220	16224	ACCTA	13997	14001	1	4
16223	T	AACCT	5	16219	16223	AAGCT	14014	14018	1	4
16223	T	AACCT	5	16219	16223	TACCT	14021	14025	1	4
16223	T	ACCTT	5	16220	16224	ACCTA	14022	14026	1	4
16223	T	CTTCA	5	16222	16226	TTTCA	14033	14037	1	4
16223	T	TTCAA	5	16223	16227	TTCAC	14034	14038	1	4
16223	T	AACCT	5	16219	16223	AATCT	14046	14050	1	4
16223	T	AACCT	5	16219	16223	CACCT	14064	14068	1	4
16223	T	ACCTT	5	16220	16224	ACCTC	14065	14069	1	4
16223	T	CTTCA	5	16222	16226	CTCCA	14049	14053	1	4
16223	T	CTTCA	5	16222	16226	CATCA	14061	14065	1	4
16223	T	CCTTC	5	16221	16225	ACTTC	14096	14100	1	4
16223	T	CTTCA	5	16222	16226	CTTTA	14092	14096	1	4
16223	T	CTTCA	5	16222	16226	CTTCC	14097	14101	1	4
16223	T	CCTTC	5	16221	16225	CTTTC	14105	14109	1	4
16223	T	CCTTC	5	16221	16225	TCTTC	14108	14112	1	4
16223	T	CCTTC	5	16221	16225	TCTTC	14111	14115	1	4
16223	T	CTTCA	5	16222	16226	CTTCT	14109	14113	1	4
16223	T	CTTCA	5	16222	16226	CTTCC	14112	14116	1	4
16223	T	CCTTC	5	16221	16225	CCTAC	14130	14134	1	4
16223	T	TTCAA	5	16223	16227	CTCAA	14167	14171	1	4
16223	T	TTCAA	5	16223	16227	TACAA	14173	14177	1	4
16223	T	TTCAA	5	16223	16227	TACAA	14237	14241	1	4
16223	T	AACCT	5	16219	16223	ATCCT	14260	14264	1	4
16223	T	CCTTC	5	16221	16225	CCTCC	14262	14266	1	4
16223	T	CCTTC	5	16221	16225	CCCTC	14282	14286	1	4
16223	T	CTTCA	5	16222	16226	ATTCA	14300	14304	1	4
16223	T	CTTCA	5	16222	16226	CTTCC	14306	14310	1	4
16223	T	TTCAA	5	16223	16227	TTAAA	14318	14322	1	4
16223	T	AACCT	5	16219	16223	ATCCT	14370	14374	1	4
16223	T	CCTTC	5	16221	16225	CCTAC	14372	14376	1	4
16223	T	CCTTC	5	16221	16225	CCATC	14379	14383	1	4
16223	T	AACCT	5	16219	16223	AACCC	14387	14391	1	4
16223	T	AACCT	5	16219	16223	GACCT	14410	14414	1	4
16223	T	ACCTT	5	16220	16224	ACCTC	14411	14415	1	4
16223	T	CTTCA	5	16222	16226	CCTCA	14433	14437	1	4
16223	T	CCTTC	5	16221	16225	CCATC	14454	14458	1	4
16223	T	TTCAA	5	16223	16227	TCCAA	14470	14474	1	4
16223	T	CCTTC	5	16221	16225	CATTC	14485	14489	1	4
16223	T	TTCAA	5	16223	16227	TTAAA	14502	14506	1	4
16223	T	AACCT	5	16219	16223	AAACT	14508	14512	1	4
16223	T	AACCT	5	16219	16223	AACCC	14517	14521	1	4
16223	T	CTTCA	5	16222	16226	ATTCA	14539	14543	1	4
16223	T	TTCAA	5	16223	16227	TTCAG	14540	14544	1	4
16223	T	TTCAA	5	16223	16227	ATCAA	14576	14580	1	4
16223	T	AACCT	5	16219	16223	AACCC	14586	14590	1	4
16223	T	AACCT	5	16219	16223	AACCC	14618	14622	1	4
16223	T	AACCT	5	16219	16223	AACCC	14627	14631	1	4
16223	T	AACCT	5	16219	16223	AACCC	14640	14644	1	4
16223	T	CTTCA	5	16222	16226	CATCA	14668	14672	1	4
16223	T	AACCT	5	16219	16223	AAACT	14763	14767	1	4
16223	T	AACCT	5	16219	16223	AACCC	14768	14772	1	4
16223	T	AACCT	5	16219	16223	AACCA	14789	14793	1	4
16223	T	CCTTC	5	16221	16225	CCATC	14816	14820	1	4
16223	T	CTTCA	5	16222	16226	CTTCG	14842	14846	1	4
16223	T	ACCTT	5	16220	16224	TCCTT	14853	14857	1	4
16223	T	CCTTC	5	16221	16225	CCTTG	14854	14858	1	4
16223	T	CCTTC	5	16221	16225	CCTGC	14862	14866	1	4
16223	T	AACCT	5	16219	16223	ATCCT	14870	14874	1	4
16223	T	ACCTT	5	16220	16224	GCCTT	14930	14934	1	4
16223	T	CCTTC	5	16221	16225	CCTTT	14931	14935	1	4
16223	T	CTTCA	5	16222	16226	TTTCA	14934	14938	1	4
16223	T	CTTCA	5	16222	16226	CATCA	14950	14954	1	4
16223	T	CTTCA	5	16222	16226	CTTTA	15016	15020	1	4
16223	T	CCTTC	5	16221	16225	TCTTC	15027	15031	1	4
16223	T	CTTCA	5	16222	16226	CTTCC	15028	15032	1	4
16223	T	AACCT	5	16219	16223	AACAT	15086	15090	1	4
16223	T	AACCT	5	16219	16223	ATCCT	15098	15102	1	4
16223	T	CCTTC	5	16221	16225	CCTCC	15100	15104	1	4
16223	T	CCTTC	5	16221	16225	CCTGC	15103	15107	1	4
16223	T	CCTTC	5	16221	16225	CCTCC	15142	15146	1	4
16223	T	CCTTC	5	16221	16225	CATTC	15162	15166	1	4
16223	T	TTCAA	5	16223	16227	TACAA	15184	15188	1	4
16223	T	CCTTC	5	16221	16225	CCATC	15201	15205	1	4
16223	T	ACCTT	5	16220	16224	ACATT	15210	15214	1	4
16223	T	AACCT	5	16219	16223	GACCT	15221	15225	1	4
16223	T	ACCTT	5	16220	16224	ACCTA	15222	15226	1	4
16223	T	ACCTT	5	16220	16224	ATCTT	15296	15300	1	4
16223	T	CTTCA	5	16222	16226	CTTTA	15280	15284	1	4
16223	T	CTTCA	5	16222	16226	CTCCA	15329	15333	1	4
16223	T	TTCAA	5	16223	16227	ATCAA	15358	15362	1	4
16223	T	AACCT	5	16219	16223	CACCT	15379	15383	1	4
16223	T	CCTTC	5	16221	16225	CATTC	15386	15390	1	4
16223	T	CCTTC	5	16221	16225	CCTTA	15410	15414	1	4
16223	T	CTTCA	5	16222	16226	CTACA	15415	15419	1	4
16223	T	TTCAA	5	16223	16227	ATCAA	15422	15426	1	4
16223	T	CCTTC	5	16221	16225	CCCTC	15432	15436	1	4
16223	T	CCTTC	5	16221	16225	ACTTC	15442	15446	1	4
16223	T	CCTTC	5	16221	16225	TCTTC	15447	15451	1	4
16223	T	CTTCA	5	16222	16226	CTTCT	15443	15447	1	4
16223	T	CTTCA	5	16222	16226	CTTCC	15448	15452	1	4
16223	T	ACCTT	5	16220	16224	TCCTT	15458	15462	1	4
16223	T	ACCTT	5	16220	16224	ACATT	15467	15471	1	4
16223	T	AACCT	5	16219	16223	GACCT	15488	15492	1	4
16223	T	AACCT	5	16219	16223	ACCCT	15515	15519	1	4
16223	T	ACCTT	5	16220	16224	ACCCT	15515	15519	1	4
16223	T	ACCTT	5	16220	16224	CCCTT	15527	15531	1	4
16223	T	CCTTC	5	16221	16225	CCCTC	15538	15542	1	4
16223	T	CCTTC	5	16221	16225	CCTCC	15539	15543	1	4
16223	T	CCTTC	5	16221	16225	CCGTC	15594	15598	1	4
16223	T	ACCTT	5	16220	16224	TCCTT	15618	15622	1	4
16223	T	CCTTC	5	16221	16225	CCTTG	15619	15623	1	4
16223	T	CCTTC	5	16221	16225	CCATC	15636	15640	1	4
16223	T	CTTCA	5	16222	16226	CCTCA	15640	15644	1	4
16223	T	CCTTC	5	16221	16225	CCATC	15660	15664	1	4
16223	T	TTCAA	5	16223	16227	TCCAA	15674	15678	1	4
16223	T	ACCTT	5	16220	16224	ACTTT	15715	15719	1	4
16223	T	CTTCA	5	16222	16226	CTTTA	15716	15720	1	4
16223	T	AACCT	5	16219	16223	GACCT	15737	15741	1	4
16223	T	CCTTC	5	16221	16225	CATTC	15745	15749	1	4
16223	T	CTTCA	5	16222	16226	CCTCA	15742	15746	1	4
16223	T	TTCAA	5	16223	16227	TTCTA	15747	15751	1	4
16223	T	AACCT	5	16219	16223	AAGCT	15775	15779	1	4
16223	T	CCTTC	5	16221	16225	CCTTT	15782	15786	1	4
16223	T	AACCT	5	16219	16223	ATCCT	15830	15834	1	4
16223	T	AACCT	5	16219	16223	ATCCT	15836	15840	1	4
16223	T	TTCAA	5	16223	16227	TTGAA	15861	15865	1	4
16223	T	TTCAA	5	16223	16227	CTCAA	15875	15879	1	4
16223	T	ACCTT	5	16220	16224	TCCTT	15889	15893	1	4
16223	T	CCTTC	5	16221	16225	CCTTG	15890	15894	1	4
16223	T	AACCT	5	16219	16223	AAACT	15901	15905	1	4
16223	T	AACCT	5	16219	16223	AACCG	15923	15927	1	4
16223	T	TTCAA	5	16223	16227	TTCCA	15943	15947	1	4
16223	T	TTCAA	5	16223	16227	TCCAA	15944	15948	1	4
16223	T	ACCTT	5	16220	16224	ACCAT	15979	15983	1	4
16223	T	CTTCA	5	16222	16226	CTCCA	15975	15979	1	4
16223	T	AACCT	5	16219	16223	AAGCT	15993	15997	1	4
16223	T	TTCAA	5	16223	16227	TTCTA	16002	16006	1	4
16223	T	AACCT	5	16219	16223	AAACT	16011	16015	1	4
16223	T	TTCAA	5	16223	16227	TTCAT	16028	16032	1	4
16223	T	ACCTT	5	16220	16224	ACATT	16098	16102	1	4
16223	T	ACCTT	5	16220	16224	ACCAT	16113	16117	1	4
16223	T	ACCTT	5	16220	16224	ACCAT	16132	16136	1	4
16223	T	CTTCA	5	16222	16226	CTTGA	16142	16146	1	4
16223	T	ACCTT	5	16220	16224	ACCTG	16149	16153	1	4
16223	T	AACCT	5	16219	16223	AACCC	16165	16169	1	4
16223	T	AACCT	5	16219	16223	AACCC	16182	16186	1	4
16223	T	CCTTC	5	16221	16225	CCCTC	16186	16190	1	4
16223	T	CCTTC	5	16221	16225	CCTCC	16187	16191	1	4
16223	T	TTCAA	5	16223	16227	TACAA	16199	16203	1	4
16223	T	ACCTT	5	16220	16224	ACCGT	16326	16330	1	4
16223	T	ACCTT	5	16220	16224	ACATT	16338	16342	1	4
16223	T	TTCAA	5	16223	16227	GTCAA	16346	16350	1	4
16223	T	ACCTT	5	16220	16224	CCCTT	16393	16397	1	4
16223	T	CCTTC	5	16221	16225	CCTCC	16407	16411	1	4
16223	T	TTCAA	5	16223	16227	ATCAA	16417	16421	1	4
16223	T	CCTTC	5	16221	16225	CCTAC	16507	16511	1	4
16223	T	AACCT	5	16219	16223	AGCCT	16525	16529	1	4
16223	T	ACCTT	5	16220	16224	CCCTT	16547	16551	1	4
16223	T	CTTCA	5	16222	16226	CATCA	16560	16564	1	4
