pos	nuc	motif.seq	motif.length	motif.start	motif.end	repeat.seq	repeat.start	repeat.end	repeat.hamming.distance	effective.length
14798	T	ATTAACCACTCATTCA	16	14786	14801	ATAAAACCCTCATTCA	12035	12050	3	13
14798	T	TAATTAACCACTCAT	15	14784	14798	CTATTAACCACTCAC	19	33	3	12
14798	T	AATTAACCACTCATT	15	14785	14799	TATTAACCACTCACG	20	34	3	12
14798	T	ATTAACCACTCATTC	15	14786	14800	ATTAACCACTCACGG	21	35	3	12
14798	T	CTCATTCATCGACCT	15	14794	14808	CACACTCATCGCCCT	5450	5464	3	12
14798	T	TTCATCGACCTCCCC	15	14798	14812	TTCTTCGACCCCGCC	6558	6572	3	12
14798	T	ATTCATCGACCTCCC	15	14797	14811	CCTCATCGCCCTCCC	7807	7821	3	12
14798	T	TTCATCGACCTCCCC	15	14798	14812	CTCATCGCCCTCCCA	7808	7822	3	12
14798	T	TCATTCATCGACCTC	15	14795	14809	TCATTCATTGCCCCC	8548	8562	3	12
14798	T	CCACTCATTCATCGA	15	14791	14805	CTACTCATTCAACCA	8971	8985	3	12
14798	T	CATTCATCGACC	12	14796	14807	CCTTCTTCGACC	6556	6567	2	10
14798	T	ATTCATCGACCT	12	14797	14808	ATTCATCGGCGT	7154	7165	2	10
14798	T	AACCACTCATTC	12	14789	14800	TACCACACATTC	7407	7418	2	10
14798	T	ACCACTCATTCA	12	14790	14801	ACCACACATTCG	7408	7419	2	10
14798	T	ACCACTCATTCA	12	14790	14801	CCTACTCATTCA	8970	8981	2	10
14798	T	CCACTCATTCAT	12	14791	14802	CCTCTCCTTCAT	14283	14294	2	10
14798	T	TAACCACTCAT	11	14788	14798	TAACCAAGCAT	1809	1819	2	9
14798	T	AACCACTCATT	11	14789	14799	AACAAGTCATT	2398	2408	2	9
14798	T	ACTCATTCATC	11	14793	14803	ACTCAATCCTC	3647	3657	2	9
14798	T	CCACTCATTCA	11	14791	14801	CAACTCATACA	4156	4166	2	9
14798	T	ACTCATTCATC	11	14793	14803	ACTCATACACC	4158	4168	2	9
14798	T	ACCACTCATTC	11	14790	14800	ACCACTCACCC	4188	4198	2	9
14798	T	ACTCATTCATC	11	14793	14803	ACTAATTAATC	4466	4476	2	9
14798	T	TAACCACTCAT	11	14788	14798	TAACCATTCTT	5068	5078	2	9
14798	T	CACTCATTCAT	11	14792	14802	CACTCAGCCAT	5875	5885	2	9
14798	T	TCATTCATCGA	11	14795	14805	TCATTCACTGA	7081	7091	2	9
14798	T	CTCATTCATCG	11	14794	14804	CATATTCATCG	7151	7161	2	9
14798	T	CATTCATCGAC	11	14796	14806	TATTCATCGGC	7153	7163	2	9
14798	T	CTCATTCAT	9	14794	14802	CTCATTCAT	7274	7282	0	9
14798	T	CACTCATTCAT	11	14792	14802	GGCTCATTCAT	7272	7282	2	9
14798	T	ACTCATTCATC	11	14793	14803	GCTCATTCATT	7273	7283	2	9
14798	T	CTCATTCATCG	11	14794	14804	CTCATTCATTT	7274	7284	2	9
14798	T	CTCATTCATCG	11	14794	14804	TTCATTCATTG	8547	8557	2	9
14798	T	CCACTCATTCA	11	14791	14801	TCACTCATTTA	8793	8803	2	9
14798	T	CACTCATTCAT	11	14792	14802	CACTCATTTAC	8794	8804	2	9
14798	T	ACTCATTCA	9	14793	14801	ACTCATTCA	8973	8981	0	9
14798	T	CCACTCATTCA	11	14791	14801	CTACTCATGCA	9031	9041	2	9
14798	T	ACTCATTCATC	11	14793	14803	ACTCATGCACC	9033	9043	2	9
14798	T	CCACTCATTCA	11	14791	14801	CGACTCATTAA	10436	10446	2	9
14798	T	CCACTCATTCA	11	14791	14801	CCCCTCATTTA	10473	10483	2	9
14798	T	CCACTCATTCA	11	14791	14801	CCACTTATCCA	11005	11015	2	9
14798	T	ACCACTCATTC	11	14790	14800	ACTACTCACTC	11290	11300	2	9
14798	T	CACTCATTC	9	14792	14800	CACTCATTC	11499	11507	0	9
14798	T	ACCACTCATTC	11	14790	14800	CACACTCATTC	11497	11507	2	9
14798	T	CCACTCATTCA	11	14791	14801	ACACTCATTCT	11498	11508	2	9
14798	T	CACTCATTCAT	11	14792	14802	CACTCATTCTC	11499	11509	2	9
14798	T	AACCACTCATT	11	14789	14799	AATCGCTCATT	11607	11617	2	9
14798	T	CACTCATTCAT	11	14792	14802	CCCTCATTCAC	12041	12051	2	9
14798	T	TTCATCGACCT	11	14798	14808	TTCATACACCT	12071	12081	2	9
14798	T	TAACCACTCAT	11	14788	14798	TATCTACTCAT	12694	12704	2	9
14798	T	CCACTCATTCA	11	14791	14801	CCACTCAAGCA	13077	13087	2	9
14798	T	CCACTCATTCA	11	14791	14801	CCACTAATCCA	13147	13157	2	9
14798	T	TAACCACTCAT	11	14788	14798	TTCCCACTCAT	14113	14123	2	9
14798	T	ACCACTCATTC	11	14790	14800	CCCACTCATCC	14115	14125	2	9
14798	T	CCACTCATTCA	11	14791	14801	CCACTCATCCT	14116	14126	2	9
14798	T	ACTCATTCATC	11	14793	14803	ACTCTTTCACC	14349	14359	2	9
14798	T	ACCACTCATTC	11	14790	14800	ACCTCCCATTC	15380	15390	2	9
14798	T	ACTCATTCATC	11	14793	14803	ACTCACCCATC	16066	16076	2	9
14798	T	TCATTCATCG	10	14795	14804	TTATTTATCG	154	163	2	8
14798	T	ACTCATTCAT	10	14793	14802	ACGCATTTAT	1536	1545	2	8
14798	T	ACCACTCATT	10	14790	14799	ACTCCTCATT	3327	3336	2	8
14798	T	ACCACTCATT	10	14790	14799	ACCTCTGATT	3818	3827	2	8
14798	T	AACCACTCAT	10	14789	14798	ACCAACTCAT	4154	4163	2	8
14798	T	AACCACTCAT	10	14789	14798	TACCACTCAC	4187	4196	2	8
14798	T	AACCACTCAT	10	14789	14798	AACCCGTCAT	4486	4495	2	8
14798	T	CTCATTCATC	10	14794	14803	CACACTCATC	4517	4526	2	8
14798	T	ACCACTCATT	10	14790	14799	ACCAATCAAT	4737	4746	2	8
14798	T	ACTCATTCAT	10	14793	14802	TCTCAATCAT	4885	4894	2	8
14798	T	CTCATTCATC	10	14794	14803	CTCAATCATA	4886	4895	2	8
14798	T	CACTCATTCA	10	14792	14801	CACTCTCTCA	4934	4943	2	8
14798	T	CTCATTCATC	10	14794	14803	CTTATCCATC	4946	4955	2	8
14798	T	TTCATCGACC	10	14798	14807	TCCATCCACC	5201	5210	2	8
14798	T	CTCATTCATC	10	14794	14803	CCCATTCCTC	5438	5447	2	8
14798	T	TTCATCGACC	10	14798	14807	TTCGCCGACC	5907	5916	2	8
14798	T	ATTCATCG	8	14797	14804	ATTCATCG	7154	7161	0	8
14798	T	ACTCATTCAT	10	14793	14802	ACTCCTACAT	7941	7950	2	8
14798	T	TCATTCAT	8	14795	14802	TCATTCAT	8548	8555	0	8
14798	T	ACTCATTCAT	10	14793	14802	CTTCATTCAT	8546	8555	2	8
14798	T	CACTCATT	8	14792	14799	CACTCATT	8794	8801	0	8
14798	T	ACCACTCATT	10	14790	14799	CTCACTCATT	8792	8801	2	8
14798	T	ACTCATTCAT	10	14793	14802	CCTCACTCAT	8791	8800	2	8
14798	T	CTCATTCATC	10	14794	14803	CTCACTCATT	8792	8801	2	8
14798	T	AACCACTCAT	10	14789	14798	AACCACCCAA	8808	8817	2	8
14798	T	AACCACTCAT	10	14789	14798	ACCTACTCAT	9029	9038	2	8
14798	T	CTCATTCATC	10	14794	14803	CTGCTTCATC	9857	9866	2	8
14798	T	TTCATCGACC	10	14798	14807	TTCATCCGCC	9861	9870	2	8
14798	T	CTCATTCATC	10	14794	14803	CTTATTAATC	10334	10343	2	8
14798	T	ACCACTCATT	10	14790	14799	TCGACTCATT	10435	10444	2	8
14798	T	ACTCATTCAT	10	14793	14802	ACTCATTAAA	10438	10447	2	8
14798	T	ACCACTCATT	10	14790	14799	GCCCCTCATT	10472	10481	2	8
14798	T	CCACTCATTC	10	14791	14800	CCACTCCCTC	10622	10631	2	8
14798	T	AACCACTCAT	10	14789	14798	AACCACCCAC	10840	10849	2	8
14798	T	AACCACTCAT	10	14789	14798	AACTAATCAT	11100	11109	2	8
14798	T	AACCACTCAT	10	14789	14798	AACCACACTT	11128	11137	2	8
14798	T	CACTCATTCA	10	14792	14801	CACTAATTTA	11247	11256	2	8
14798	T	CCACTCATTC	10	14791	14800	GCAGTCATTC	11693	11702	2	8
14798	T	CACTCATTCA	10	14792	14801	CAGTCATTCT	11694	11703	2	8
14798	T	CACTCATTCA	10	14792	14801	CACTCACCCA	12012	12021	2	8
14798	T	CTCATTCATC	10	14794	14803	CTCACTCACC	12010	12019	2	8
14798	T	CTCATTCA	8	14794	14801	CTCATTCA	12043	12050	0	8
14798	T	CTCATTCATC	10	14794	14803	CTCATTCACA	12043	12052	2	8
14798	T	ACCACTCATT	10	14790	14799	ACCCCTTATT	12193	12202	2	8
14798	T	AACCACTCAT	10	14789	14798	AAAAACTCAT	12421	12430	2	8
14798	T	ATTCATCGAC	10	14797	14806	GTTCATCGGC	12756	12765	2	8
14798	T	TTCATCGACC	10	14798	14807	TTCATCGGCT	12757	12766	2	8
14798	T	CACTCATTCA	10	14792	14801	CAGCCATTCA	12836	12845	2	8
14798	T	CTCATTCATC	10	14794	14803	CTTACTCATC	13110	13119	2	8
14798	T	ACCACTCATT	10	14790	14799	ACCACTCTGT	13186	13195	2	8
14798	T	AACCACTCAT	10	14789	14798	AACCACACCT	13298	13307	2	8
14798	T	CCACTCATTC	10	14791	14800	CCACGCCTTC	13329	13338	2	8
14798	T	ACCACTCATT	10	14790	14799	ACCTCTCACT	13434	13443	2	8
14798	T	CTCATTCATC	10	14794	14803	CTCCATCATC	14055	14064	2	8
14798	T	CCACTCAT	8	14791	14798	CCACTCAT	14116	14123	0	8
14798	T	CCACTCATTC	10	14791	14800	CCTCTCTTTC	14100	14109	2	8
14798	T	CTCATTCATC	10	14794	14803	CTCTTTCTTC	14103	14112	2	8
14798	T	CTCATTCATC	10	14794	14803	CCCACTCATC	14115	14124	2	8
14798	T	CTCATTCATC	10	14794	14803	CTCCTTCATA	14286	14295	2	8
14798	T	CACTCATTCA	10	14792	14801	TACTCTTTCA	14348	14357	2	8
14798	T	AACCACTCAT	10	14789	14798	AAACACTCAC	14397	14406	2	8
14798	T	TCATTCATCG	10	14795	14804	TCATCAATCG	14936	14945	2	8
14798	T	TTCATCGACC	10	14798	14807	TTCATCAATC	14935	14944	2	8
14798	T	CTCATTCATC	10	14794	14803	CTGAATCATC	14974	14983	2	8
14798	T	CCACTCATTC	10	14791	14800	CTCCTCATTC	15740	15749	2	8
14798	T	TCATTCATCG	10	14795	14804	TCTTTCATGG	16025	16034	2	8
14798	T	CCACTCATTC	10	14791	14800	CCACACGTTC	16537	16546	2	8
14798	T	TTCATCGA	8	14798	14805	TTCAACGA	3041	3048	1	7
14798	T	ACTCATTC	8	14793	14800	ACCCATTC	3339	3346	1	7
14798	T	CACTCAT	7	14792	14798	CACTCAT	4519	4525	0	7
14798	T	CCACTCAT	8	14791	14798	ACACTCAT	4518	4525	1	7
14798	T	CACTCATT	8	14792	14799	CACTCATC	4519	4526	1	7
14798	T	CACTCATT	8	14792	14799	CACTGATT	4542	4549	1	7
14798	T	TCATTCAT	8	14795	14802	TCATTAAT	4752	4759	1	7
14798	T	CTCATTCA	8	14794	14801	CTCAATCA	5369	5376	1	7
14798	T	CACTCAT	7	14792	14798	CACTCAT	5452	5458	0	7
14798	T	CCACTCAT	8	14791	14798	ACACTCAT	5451	5458	1	7
14798	T	CACTCATT	8	14792	14799	CACTCATC	5452	5459	1	7
14798	T	TTCATCGA	8	14798	14805	TTCTTCGA	5785	5792	1	7
14798	T	CCACTCAT	8	14791	14798	CCACTGAT	5898	5905	1	7
14798	T	ATTCATCG	8	14797	14804	AATCATCG	6833	6840	1	7
14798	T	ATTCATC	7	14797	14803	ATTCATC	6932	6938	0	7
14798	T	CATTCATC	8	14796	14803	GATTCATC	6931	6938	1	7
14798	T	ATTCATCG	8	14797	14804	ATTCATCT	6932	6939	1	7
14798	T	TCATTCA	7	14795	14801	TCATTCA	7081	7087	0	7
14798	T	CACTCATT	8	14792	14799	CACTGATT	7086	7093	1	7
14798	T	CTCATTCA	8	14794	14801	TTCATTCA	7080	7087	1	7
14798	T	CACTCATT	8	14792	14799	CATTCATT	7276	7283	1	7
14798	T	CACTCAT	7	14792	14798	CACTCAT	8066	8072	0	7
14798	T	CCACTCAT	8	14791	14798	GCACTCAT	8065	8072	1	7
14798	T	CACTCATT	8	14792	14799	CACTCATG	8066	8073	1	7
14798	T	CACTCATT	8	14792	14799	CATTCATT	8549	8556	1	7
14798	T	CCACTCAT	8	14791	14798	CCACTCCT	9594	9601	1	7
14798	T	CCACTCAT	8	14791	14798	CCACTAAT	10311	10318	1	7
14798	T	ACTCATT	7	14793	14799	ACTCATT	10438	10444	0	7
14798	T	TTCATCGA	8	14798	14805	TTCTTCGA	11120	11127	1	7
14798	T	CCACTCAT	8	14791	14798	CTACTCAT	11237	11244	1	7
14798	T	ATTCATCG	8	14797	14804	ACTCATCG	11239	11246	1	7
14798	T	CCACTCAT	8	14791	14798	CCACTTAT	11395	11402	1	7
14798	T	CTCATTCA	8	14794	14801	CTCATCCA	11663	11670	1	7
14798	T	CCACTCAT	8	14791	14798	CCACTAAT	11816	11823	1	7
14798	T	ACTCATTC	8	14793	14800	ACTCATGC	12230	12237	1	7
14798	T	ACTCATTC	8	14793	14800	ACTCATAC	12425	12432	1	7
14798	T	ATTCATC	7	14797	14803	ATTCATC	12600	12606	0	7
14798	T	CATTCATC	8	14796	14803	TATTCATC	12599	12606	1	7
14798	T	ATTCATCG	8	14797	14804	ATTCATCC	12600	12607	1	7
14798	T	CATTCATC	8	14796	14803	CATTAATC	12675	12682	1	7
14798	T	TTCATCG	7	14798	14804	TTCATCG	12757	12763	0	7
14798	T	CCACTCAT	8	14791	14798	CAACTCAT	12915	12922	1	7
14798	T	ACTCATTC	8	14793	14800	ACTCATCC	13113	13120	1	7
14798	T	TTCATCGA	8	14798	14805	ATCATCGA	13519	13526	1	7
14798	T	CATTCATC	8	14796	14803	CATACATC	14664	14671	1	7
14798	T	CACTCATT	8	14792	14799	CACTCCTT	14850	14857	1	7
14798	T	CTCATTC	7	14794	14800	CTCATTC	15743	15749	0	7
14798	T	CTCATTCA	8	14794	14801	CTCATTCT	15743	15750	1	7
14798	T	CATTCAT	7	14796	14802	CATGCAT	44	50	1	6
14798	T	CTCATTC	7	14794	14800	CTCATCC	145	151	1	6
14798	T	ACTCATT	7	14793	14799	ACACATT	444	450	1	6
14798	T	CACTCAT	7	14792	14798	CACCCAT	2162	2168	1	6
14798	T	ACTCATT	7	14793	14799	ACTCAAT	2888	2894	1	6
14798	T	ATTCATC	7	14797	14803	ATTGATC	2893	2899	1	6
14798	T	ATTCATC	7	14797	14803	ATTCCTC	3113	3119	1	6
14798	T	ATTCATC	7	14797	14803	ATTCCTC	3289	3295	1	6
14798	T	CTCATT	6	14794	14799	CTCATT	3331	3336	0	6
14798	T	CTCATTC	7	14794	14800	CTCATTG	3331	3337	1	6
14798	T	CATTCAT	7	14796	14802	CATTCCT	3359	3365	1	6
14798	T	TCATTC	6	14795	14800	TCATTC	3749	3754	0	6
14798	T	CTCATTC	7	14794	14800	ATCATTC	3748	3754	1	6
14798	T	TCATTCA	7	14795	14801	TCATTCT	3749	3755	1	6
14798	T	ATTCATC	7	14797	14803	ATTTATC	3861	3867	1	6
14798	T	ATTCATC	7	14797	14803	ATTCTTC	3972	3978	1	6
14798	T	TTCATCG	7	14798	14804	TTCATAG	3976	3982	1	6
14798	T	ACTCAT	6	14793	14798	ACTCAT	4158	4163	0	6
14798	T	ACTCATT	7	14793	14799	ACCCATT	4227	4233	1	6
14798	T	CTCATTC	7	14794	14800	CTCGTTC	4618	4624	1	6
14798	T	CATTCAT	7	14796	14802	CATCCAT	4666	4672	1	6
14798	T	ACTCAT	6	14793	14798	ACTCAT	4747	4752	0	6
14798	T	CACTCAT	7	14792	14798	TACTCAT	4746	4752	1	6
14798	T	ACTCATT	7	14793	14799	ACTCATC	4747	4753	1	6
14798	T	ATTCATC	7	14797	14803	ACTCATC	4747	4753	1	6
14798	T	CACTCAT	7	14792	14798	CAATCAT	4888	4894	1	6
14798	T	CTCATTC	7	14794	14800	CTCACTC	4932	4938	1	6
14798	T	CTCATTC	7	14794	14800	CTCAATC	4940	4946	1	6
14798	T	CATTCAT	7	14796	14802	CATTCTT	5072	5078	1	6
14798	T	CTCATTC	7	14794	14800	CGCATTC	5111	5117	1	6
14798	T	CATTCAT	7	14796	14802	CATTCCT	5113	5119	1	6
14798	T	TCATTCA	7	14795	14801	TCACTCA	5874	5880	1	6
14798	T	CTCATTC	7	14794	14800	CTTATTC	6009	6015	1	6
14798	T	CATTCAT	7	14796	14802	CATGCAT	6084	6090	1	6
14798	T	TTCATCG	7	14798	14804	TTCATAG	6105	6111	1	6
14798	T	TTCATC	6	14798	14803	TTCATC	6393	6398	0	6
14798	T	ATTCATC	7	14797	14803	TTTCATC	6392	6398	1	6
14798	T	TTCATCG	7	14798	14804	TTCATCA	6393	6399	1	6
14798	T	CTCATTC	7	14794	14800	CCCATTC	6585	6591	1	6
14798	T	TTCATCG	7	14798	14804	TTTATCG	6756	6762	1	6
14798	T	TTCATCG	7	14798	14804	TTCACCG	6945	6951	1	6
14798	T	ACTCAT	6	14793	14798	ACTCAT	6982	6987	0	6
14798	T	CACTCAT	7	14792	14798	AACTCAT	6981	6987	1	6
14798	T	ACTCATT	7	14793	14799	ACTCATC	6982	6988	1	6
14798	T	ATTCATC	7	14797	14803	ACTCATC	6982	6988	1	6
14798	T	CATTCAT	7	14796	14802	CTTTCAT	7651	7657	1	6
14798	T	CACTCAT	7	14792	14798	CCCTCAT	7665	7671	1	6
14798	T	ACTCATT	7	14793	14799	AATCATT	7672	7678	1	6
14798	T	CACTCAT	7	14792	14798	CACTCAC	7719	7725	1	6
14798	T	ACTCATT	7	14793	14799	ACTCCTT	7987	7993	1	6
14798	T	CTCATTC	7	14794	14800	CCCATTC	8030	8036	1	6
14798	T	CATTCAT	7	14796	14802	CATTCGT	8032	8038	1	6
14798	T	CATTCAT	7	14796	14802	CACTCAT	8066	8072	1	6
14798	T	TTCATCG	7	14798	14804	TTCACCG	8135	8141	1	6
14798	T	ACTCATT	7	14793	14799	ACTCCTT	8413	8419	1	6
14798	T	ATTCATC	7	14797	14803	ATTCCTC	8425	8431	1	6
14798	T	TCATTC	6	14795	14800	TCATTC	8594	8599	0	6
14798	T	CTCATTC	7	14794	14800	ATCATTC	8593	8599	1	6
14798	T	TCATTCA	7	14795	14801	TCATTCT	8594	8600	1	6
14798	T	ATTCATC	7	14797	14803	ATTGATC	8613	8619	1	6
14798	T	ACTCATT	7	14793	14799	AATCATT	8751	8757	1	6
14798	T	ACTCAT	6	14793	14798	ACTCAT	9033	9038	0	6
14798	T	CACTCAT	7	14792	14798	CACTTAT	9092	9098	1	6
14798	T	CTCATTC	7	14794	14800	CTAATTC	9112	9118	1	6
14798	T	CTCATTC	7	14794	14800	CTCATAC	9333	9339	1	6
14798	T	TTCATCG	7	14798	14804	TTCTTCG	9483	9489	1	6
14798	T	TCATTCA	7	14795	14801	TCAATCA	9633	9639	1	6
14798	T	TCATTCA	7	14795	14801	TAATTCA	9682	9688	1	6
14798	T	TTCATC	6	14798	14803	TTCATC	9861	9866	0	6
14798	T	ACTCATT	7	14793	14799	ACTCTTT	9991	9997	1	6
14798	T	CATTCA	6	14796	14801	CATTCA	10043	10048	0	6
14798	T	TCATTCA	7	14795	14801	ACATTCA	10042	10048	1	6
14798	T	CATTCAT	7	14796	14802	CATTCAA	10043	10049	1	6
14798	T	ATTCATC	7	14797	14803	ATTCTTC	10220	10226	1	6
14798	T	ATTCATC	7	14797	14803	AATCATC	10340	10346	1	6
14798	T	CTCATT	6	14794	14799	CTCATT	10476	10481	0	6
14798	T	CACTCAT	7	14792	14798	CTCTCAT	10603	10609	1	6
14798	T	CTCATTC	7	14794	14800	CTCAATC	10706	10712	1	6
14798	T	CACTCAT	7	14792	14798	CAATCAT	10986	10992	1	6
14798	T	CATTCAT	7	14796	14802	CAATCAT	10986	10992	1	6
14798	T	CATTCA	6	14796	14801	CATTCA	11085	11090	0	6
14798	T	TCATTCA	7	14795	14801	ACATTCA	11084	11090	1	6
14798	T	CATTCAT	7	14796	14802	CATTCAC	11085	11091	1	6
14798	T	CACTCAT	7	14792	14798	CACTTAT	11133	11139	1	6
14798	T	ACTCAT	6	14793	14798	ACTCAT	11239	11244	0	6
14798	T	ACTCATT	7	14793	14799	ACTCATC	11239	11245	1	6
14798	T	CACTCAT	7	14792	14798	CACTCAC	11257	11263	1	6
14798	T	CTCATT	6	14794	14799	CTCATT	11612	11617	0	6
14798	T	CTCATTC	7	14794	14800	CTCATTG	11612	11618	1	6
14798	T	TCATTCA	7	14795	14801	TCAATCA	11627	11633	1	6
14798	T	TTCATCG	7	14798	14804	TTCACCG	11684	11690	1	6
14798	T	TCATTC	6	14795	14800	TCATTC	11697	11702	0	6
14798	T	CATTCAT	7	14796	14802	CAGTCAT	11694	11700	1	6
14798	T	CTCATT	6	14794	14799	CTCATT	11728	11733	0	6
14798	T	ACTCATT	7	14793	14799	CCTCATT	11727	11733	1	6
14798	T	CTCATTC	7	14794	14800	CTCATTA	11728	11734	1	6
14798	T	CACTCAT	7	14792	14798	CACTCAC	11767	11773	1	6
14798	T	CACTCAT	7	14792	14798	CCCTCAT	12063	12069	1	6
14798	T	TCATTCA	7	14795	14801	TCATACA	12072	12078	1	6
14798	T	CTCATTC	7	14794	14800	CCCATTC	12086	12092	1	6
14798	T	ACTCAT	6	14793	14798	ACTCAT	12230	12235	0	6
14798	T	CACTCAT	7	14792	14798	AACTCAT	12229	12235	1	6
14798	T	CTCATTC	7	14794	14800	CTAATTC	12379	12385	1	6
14798	T	ACTCAT	6	14793	14798	ACTCAT	12425	12430	0	6
14798	T	ATTCAT	6	14797	14802	ATTCAT	12495	12500	0	6
14798	T	CATTCAT	7	14796	14802	TATTCAT	12494	12500	1	6
14798	T	ATTCATC	7	14797	14803	ATTCATG	12495	12501	1	6
14798	T	ACTCAT	6	14793	14798	ACTCAT	12699	12704	0	6
14798	T	ACTCATT	7	14793	14799	ACTCATC	12699	12705	1	6
14798	T	ATTCATC	7	14797	14803	ACTCATC	12699	12705	1	6
14798	T	CATTCA	6	14796	14801	CATTCA	12840	12845	0	6
14798	T	CATTCAT	7	14796	14802	CATTCAA	12840	12846	1	6
14798	T	TTCATC	6	14798	14803	TTCATC	12880	12885	0	6
14798	T	ATTCATC	7	14797	14803	TTTCATC	12879	12885	1	6
14798	T	TTCATCG	7	14798	14804	TTCATCC	12880	12886	1	6
14798	T	ATTCATC	7	14797	14803	ATTTATC	12900	12906	1	6
14798	T	ACTCAT	6	14793	14798	ACTCAT	12917	12922	0	6
14798	T	ACTCATT	7	14793	14799	ACTCATG	12917	12923	1	6
14798	T	ACTCAT	6	14793	14798	ACTCAT	13113	13118	0	6
14798	T	CACTCAT	7	14792	14798	TACTCAT	13112	13118	1	6
14798	T	ACTCAT	6	14793	14798	ACTCAT	13269	13274	0	6
14798	T	CACTCAT	7	14792	14798	GACTCAT	13268	13274	1	6
14798	T	ACTCATT	7	14793	14799	ACTCATA	13269	13275	1	6
14798	T	CATTCAT	7	14796	14802	CATTCCT	13310	13316	1	6
14798	T	TCATTCA	7	14795	14801	TCATCCA	13373	13379	1	6
14798	T	TCATTCA	7	14795	14801	TCATACA	13540	13546	1	6
14798	T	CACTCAT	7	14792	14798	CTCTCAT	13571	13577	1	6
14798	T	TTCATCG	7	14798	14804	CTCATCG	13573	13579	1	6
14798	T	ATTCATC	7	14797	14803	ATTCTTC	13615	13621	1	6
14798	T	CTCATT	6	14794	14799	CTCATT	13735	13740	0	6
14798	T	ACTCATT	7	14793	14799	TCTCATT	13734	13740	1	6
14798	T	CTCATTC	7	14794	14800	CTCATTA	13735	13741	1	6
14798	T	TCATTCA	7	14795	14801	TCATACA	14234	14240	1	6
14798	T	TCATTCA	7	14795	14801	TTATTCA	14298	14304	1	6
14798	T	ATTCATC	7	14797	14803	ATTCAGC	14300	14306	1	6
14798	T	TTCATCG	7	14798	14804	TCCATCG	14378	14384	1	6
14798	T	TCATTC	6	14795	14800	TCATTC	14484	14489	0	6
14798	T	CTCATTC	7	14794	14800	ATCATTC	14483	14489	1	6
14798	T	TCATTCA	7	14795	14801	TCATTCC	14484	14490	1	6
14798	T	CACTCAT	7	14792	14798	CACTCAA	14646	14652	1	6
14798	T	CACTCAT	7	14792	14798	CATTCAT	14796	14802	1	6
14798	T	CATTCAT	7	14796	14802	CACTCAT	14792	14798	1	6
14798	T	CTCATTC	7	14794	14800	CTCACTC	14848	14854	1	6
14798	T	TTCATC	6	14798	14803	TTCATC	14935	14940	0	6
14798	T	ATTCATC	7	14797	14803	TTTCATC	14934	14940	1	6
14798	T	CATTCAT	7	14796	14802	CCTTCAT	15126	15132	1	6
14798	T	TTCATCG	7	14798	14804	TTCATAG	15128	15134	1	6
14798	T	TCATTC	6	14795	14800	TCATTC	15161	15166	0	6
14798	T	CTCATTC	7	14794	14800	ATCATTC	15160	15166	1	6
14798	T	TCATTCA	7	14795	14801	TCATTCT	15161	15167	1	6
14798	T	CATTCAT	7	14796	14802	CATACAT	15207	15213	1	6
14798	T	ACTCATT	7	14793	14799	ACTCAGT	15249	15255	1	6
14798	T	TTCATC	6	14798	14803	TTCATC	15293	15298	0	6
14798	T	ATTCATC	7	14797	14803	CTTCATC	15292	15298	1	6
14798	T	TTCATCG	7	14798	14804	TTCATCT	15293	15299	1	6
14798	T	CATTCAT	7	14796	14802	CCTTCAT	15303	15309	1	6
14798	T	CTCATTC	7	14794	14800	CTCATCC	15641	15647	1	6
14798	T	ATTCATC	7	14797	14803	ATCCATC	15634	15640	1	6
14798	T	CACTCAT	7	14792	14798	CACCCAT	16069	16075	1	6
14798	T	CACTCAT	7	14792	14798	CACACAT	16232	16238	1	6
14798	T	CATTCA	6	14796	14801	CACTCA	27	32	1	5
14798	T	TTCATC	6	14798	14803	TTCGTC	59	64	1	5
14798	T	TCATTC	6	14795	14800	TGATTC	135	140	1	5
14798	T	ATTCAT	6	14797	14802	ATTCCT	137	142	1	5
14798	T	CTCAT	5	14794	14798	CTCAT	145	149	0	5
14798	T	ACTCAT	6	14793	14798	CCTCAT	144	149	1	5
14798	T	TTCATC	6	14798	14803	CTCATC	145	150	1	5
14798	T	CATTCA	6	14796	14801	CGTTCA	170	175	1	5
14798	T	ATTCAT	6	14797	14802	ATTAAT	211	216	1	5
14798	T	ATTCAT	6	14797	14802	ATTAAT	215	220	1	5
14798	T	ACTCAT	6	14793	14798	ACACAT	337	342	1	5
14798	T	TTCATC	6	14798	14803	TTTATC	399	404	1	5
14798	T	CATTCA	6	14796	14801	CAGTCA	427	432	1	5
14798	T	CTCAT	5	14794	14798	CTCAT	481	485	0	5
14798	T	ACTCAT	6	14793	14798	ACTAAT	475	480	1	5
14798	T	ACTCAT	6	14793	14798	TCTCAT	480	485	1	5
14798	T	CTCATT	6	14794	14799	CTCATC	481	486	1	5
14798	T	TTCATC	6	14798	14803	CTCATC	481	486	1	5
14798	T	ACTCAT	6	14793	14798	ACACAT	691	696	1	5
14798	T	CATTCA	6	14796	14801	CATGCA	694	699	1	5
14798	T	TTCATC	6	14798	14803	TTCACC	720	725	1	5
14798	T	ACTCAT	6	14793	14798	ACTCAC	978	983	1	5
14798	T	ACTCAT	6	14793	14798	ACTCAA	1162	1167	1	5
14798	T	TTCAT	5	14798	14802	TTCAT	1183	1187	0	5
14798	T	ATTCAT	6	14797	14802	CTTCAT	1182	1187	1	5
14798	T	TTCATC	6	14798	14803	TTCATA	1183	1188	1	5
14798	T	TTCATC	6	14798	14803	TTCAGC	1269	1274	1	5
14798	T	CATTCA	6	14796	14801	CATTTA	1518	1523	1	5
14798	T	TTCATC	6	14798	14803	TTCAAC	1647	1652	1	5
14798	T	CATTCA	6	14796	14801	CATTTA	1726	1731	1	5
14798	T	ATTCAT	6	14797	14802	ATTTAT	1974	1979	1	5
14798	T	TTCATC	6	14798	14803	TTCAAC	2041	2046	1	5
14798	T	CTCATT	6	14794	14799	CTCTTT	2114	2119	1	5
14798	T	CATTCA	6	14796	14801	CGTTCA	2202	2207	1	5
14798	T	ACTCAT	6	14793	14798	ACTCCT	2251	2256	1	5
14798	T	ACTCAT	6	14793	14798	ACTAAT	2294	2299	1	5
14798	T	CATTC	5	14796	14800	CATTC	2322	2326	0	5
14798	T	TCATTC	6	14795	14800	ACATTC	2321	2326	1	5
14798	T	CATTCA	6	14796	14801	CATTCT	2322	2327	1	5
14798	T	CATTCA	6	14796	14801	CAATCA	2389	2394	1	5
14798	T	TCATT	5	14795	14799	TCATT	2404	2408	0	5
14798	T	TCATTC	6	14795	14800	TCATTA	2404	2409	1	5
14798	T	ATTCAT	6	14797	14802	AGTCAT	2402	2407	1	5
14798	T	CTCATT	6	14794	14799	CTCACT	2415	2420	1	5
14798	T	CTCAT	5	14794	14798	CTCAT	2441	2445	0	5
14798	T	ACTCAT	6	14793	14798	GCTCAT	2440	2445	1	5
14798	T	CTCATT	6	14794	14799	CTCATA	2441	2446	1	5
14798	T	ACTCAT	6	14793	14798	ACACAT	2554	2559	1	5
14798	T	TTCATC	6	14798	14803	TTCAGC	2648	2653	1	5
14798	T	ATTCAT	6	14797	14802	ATTTAT	2741	2746	1	5
14798	T	ATTCAT	6	14797	14802	ATTAAT	2745	2750	1	5
14798	T	CATTCA	6	14796	14801	CATTAA	2797	2802	1	5
14798	T	CATTCA	6	14796	14801	CAGTCA	2868	2873	1	5
14798	T	TTCATC	6	14798	14803	TTCACC	2863	2868	1	5
14798	T	CATTCA	6	14796	14801	CNTTCA	3106	3111	1	5
14798	T	TTCATC	6	14798	14803	ATCATC	3182	3187	1	5
14798	T	CATTCA	6	14796	14801	CAGTCA	3275	3280	1	5
14798	T	ACTCAT	6	14793	14798	ACCCAT	3309	3314	1	5
14798	T	CATTC	5	14796	14800	CATTC	3342	3346	0	5
14798	T	CATTCA	6	14796	14801	CATTCT	3342	3347	1	5
14798	T	CATTC	5	14796	14800	CATTC	3359	3363	0	5
14798	T	TCATTC	6	14795	14800	GCATTC	3358	3363	1	5
14798	T	ACTCAT	6	14793	14798	ACTCTT	3468	3473	1	5
14798	T	TTCATC	6	14798	14803	TTCACC	3472	3477	1	5
14798	T	TTCATC	6	14798	14803	TACATC	3517	3522	1	5
14798	T	TCATTC	6	14795	14800	TTATTC	3617	3622	1	5
14798	T	ATTCAT	6	14797	14802	ATTTAT	3615	3620	1	5
14798	T	ACTCAT	6	14793	14798	ACTCAA	3677	3682	1	5
14798	T	CTCAT	5	14794	14798	CTCAT	3726	3730	0	5
14798	T	ACTCAT	6	14793	14798	TCTCAT	3725	3730	1	5
14798	T	CTCATT	6	14794	14799	CTCATA	3726	3731	1	5
14798	T	ACTCAT	6	14793	14798	ACTAAT	3768	3773	1	5
14798	T	CTCATT	6	14794	14799	CTCCTT	3780	3785	1	5
14798	T	ACTCAT	6	14793	14798	ACTCCT	3828	3833	1	5
14798	T	TTCATC	6	14798	14803	TTCAAC	3937	3942	1	5
14798	T	TTCAT	5	14798	14802	TTCAT	3976	3980	0	5
14798	T	ATTCAT	6	14797	14802	CTTCAT	3975	3980	1	5
14798	T	CATTCA	6	14796	14801	CACTCA	4190	4195	1	5
14798	T	ACTCAT	6	14793	14798	ACTTAT	4206	4211	1	5
14798	T	CATTC	5	14796	14800	CATTC	4245	4249	0	5
14798	T	TCATTC	6	14795	14800	GCATTC	4244	4249	1	5
14798	T	CATTCA	6	14796	14801	CATTCC	4245	4250	1	5
14798	T	CTCATT	6	14794	14799	CTTATT	4322	4327	1	5
14798	T	ACTCAT	6	14793	14798	ACCCAT	4348	4353	1	5
14798	T	TTCATC	6	14798	14803	GTCATC	4491	4496	1	5
14798	T	TCATTC	6	14795	14800	TTATTC	4588	4593	1	5
14798	T	TTCATC	6	14798	14803	TTCCTC	4647	4652	1	5
14798	T	TCATTC	6	14795	14800	TCCTTC	4675	4680	1	5
14798	T	TTCATC	6	14798	14803	TTCAAC	4695	4700	1	5
14798	T	TCATT	5	14795	14799	TCATT	4752	4756	0	5
14798	T	CTCATT	6	14794	14799	ATCATT	4751	4756	1	5
14798	T	CATTCA	6	14796	14801	CAATCA	4739	4744	1	5
14798	T	ACTCAT	6	14793	14798	AATCAT	4760	4765	1	5
14798	T	ATTCAT	6	14797	14802	AATCAT	4760	4765	1	5
14798	T	CATTCA	6	14796	14801	CTTTCA	4799	4804	1	5
14798	T	TTCATC	6	14798	14803	TTCTTC	4855	4860	1	5
14798	T	CTCATT	6	14794	14799	CTCACT	4910	4915	1	5
14798	T	ACTCAT	6	14793	14798	ACTCCT	5011	5016	1	5
14798	T	CTCATT	6	14794	14799	CTCAAT	5015	5020	1	5
14798	T	CATTC	5	14796	14800	CATTC	5072	5076	0	5
14798	T	TCATTC	6	14795	14800	CCATTC	5071	5076	1	5
14798	T	ATTCAT	6	14797	14802	ATTTAT	5088	5093	1	5
14798	T	CATTC	5	14796	14800	CATTC	5113	5117	0	5
14798	T	ACTCAT	6	14793	14798	ACTCAA	5123	5128	1	5
14798	T	TCATTC	6	14795	14800	TAATTC	5197	5202	1	5
14798	T	CATTCA	6	14796	14801	CATCCA	5203	5208	1	5
14798	T	ATTCA	5	14797	14801	ATTCA	5276	5280	0	5
14798	T	CATTCA	6	14796	14801	AATTCA	5275	5280	1	5
14798	T	ATTCAT	6	14797	14802	ATTCAC	5276	5281	1	5
14798	T	CTCAT	5	14794	14798	CTCAT	5295	5299	0	5
14798	T	ACTCAT	6	14793	14798	CCTCAT	5294	5299	1	5
14798	T	CTCATT	6	14794	14799	CTCATC	5295	5300	1	5
14798	T	TCATTC	6	14795	14800	TCATCC	5299	5304	1	5
14798	T	TTCATC	6	14798	14803	CTCATC	5295	5300	1	5
14798	T	TTCATC	6	14798	14803	ATCATC	5298	5303	1	5
14798	T	CTCATT	6	14794	14799	CTCCTT	5328	5333	1	5
14798	T	CATTCA	6	14796	14801	CATACA	5424	5429	1	5
14798	T	CATTC	5	14796	14800	CATTC	5440	5444	0	5
14798	T	ACTCAT	6	14793	14798	ACTCCT	5474	5479	1	5
14798	T	ACTCAT	6	14793	14798	ACTAAT	5498	5503	1	5
14798	T	CATTCA	6	14796	14801	CCTTCA	5541	5546	1	5
14798	T	CTCATT	6	14794	14799	CTCAGT	5552	5557	1	5
14798	T	TTCATC	6	14798	14803	TGCATC	5609	5614	1	5
14798	T	TCATTC	6	14795	14800	TCAATC	5722	5727	1	5
14798	T	ATTCA	5	14797	14801	ATTCA	5800	5804	0	5
14798	T	CATTCA	6	14796	14801	AATTCA	5799	5804	1	5
14798	T	ATTCAT	6	14797	14802	ATTCAA	5800	5805	1	5
14798	T	TCATTC	6	14795	14800	TTATTC	5964	5969	1	5
14798	T	CTCATT	6	14794	14799	CTCCTT	6006	6011	1	5
14798	T	TTCAT	5	14798	14802	TTCAT	6105	6109	0	5
14798	T	ATTCAT	6	14797	14802	CTTCAT	6104	6109	1	5
14798	T	TTCATC	6	14798	14803	TTCTTC	6102	6107	1	5
14798	T	ACTCAT	6	14793	14798	ACCCAT	6116	6121	1	5
14798	T	ACTCAT	6	14793	14798	ACTCTT	6212	6217	1	5
14798	T	ACTCAT	6	14793	14798	ACTCCT	6233	6238	1	5
14798	T	CTCATT	6	14794	14799	CTCCTT	6347	6352	1	5
14798	T	TTCATC	6	14798	14803	TTCGTC	6453	6458	1	5
14798	T	CATTC	5	14796	14800	CATTC	6587	6591	0	5
14798	T	CATTCA	6	14796	14801	CATTCT	6587	6592	1	5
14798	T	CTCATT	6	14794	14799	CTGATT	6608	6613	1	5
14798	T	ATTCAT	6	14797	14802	ATTCTT	6636	6641	1	5
14798	T	ATTCAT	6	14797	14802	ATACAT	6710	6715	1	5
14798	T	TTCATC	6	14798	14803	TTCACC	6816	6821	1	5
14798	T	ACTCAT	6	14793	14798	AATCAT	6833	6838	1	5
14798	T	ACTCAT	6	14793	14798	ATTCAT	6932	6937	1	5
14798	T	TCATTC	6	14795	14800	TCTTTC	6937	6942	1	5
14798	T	TTCAT	5	14798	14802	TTCAT	7080	7084	0	5
14798	T	ATTCAT	6	14797	14802	CTTCAT	7079	7084	1	5
14798	T	TTCATC	6	14798	14803	TTCATT	7080	7085	1	5
14798	T	ATTCAT	6	14797	14802	ATCCAT	7137	7142	1	5
14798	T	ACTCAT	6	14793	14798	ATTCAT	7154	7159	1	5
14798	T	TTCATC	6	14798	14803	TTCTTC	7176	7181	1	5
14798	T	CATTCA	6	14796	14801	CATACA	7240	7245	1	5
14798	T	ATTCAT	6	14797	14802	ATGCAT	7237	7242	1	5
14798	T	TTCATC	6	14798	14803	ATCATC	7262	7267	1	5
14798	T	TCATT	5	14795	14799	TCATT	7279	7283	0	5
14798	T	TTCAT	5	14798	14802	TTCAT	7311	7315	0	5
14798	T	ATTCAT	6	14797	14802	ATTAAT	7301	7306	1	5
14798	T	ATTCAT	6	14797	14802	TTTCAT	7310	7315	1	5
14798	T	TTCATC	6	14798	14803	TTCATG	7311	7316	1	5
14798	T	CATTC	5	14796	14800	CATTC	7414	7418	0	5
14798	T	ATTCAT	6	14797	14802	ATACAT	7430	7435	1	5
14798	T	TTCAT	5	14798	14802	TTCAT	7537	7541	0	5
14798	T	ATTCAT	6	14797	14802	TTTCAT	7536	7541	1	5
14798	T	TTCATC	6	14798	14803	TTCATA	7537	7542	1	5
14798	T	CATTCA	6	14796	14801	CATGCA	7592	7597	1	5
14798	T	TTCAT	5	14798	14802	TTCAT	7653	7657	0	5
14798	T	TTCATC	6	14798	14803	TTCATG	7653	7658	1	5
14798	T	CTCAT	5	14794	14798	CTCAT	7667	7671	0	5
14798	T	TCATT	5	14795	14799	TCATT	7674	7678	0	5
14798	T	CTCATT	6	14794	14799	CTCATA	7667	7672	1	5
14798	T	TCATTC	6	14795	14800	TCATTT	7674	7679	1	5
14798	T	ATTCAT	6	14797	14802	AATCAT	7672	7677	1	5
14798	T	CATTCA	6	14796	14801	CACTCA	7719	7724	1	5
14798	T	ACTCAT	6	14793	14798	ACTAAT	7736	7741	1	5
14798	T	TCATTC	6	14795	14800	TCATCC	7797	7802	1	5
14798	T	TTCATC	6	14798	14803	ATCATC	7796	7801	1	5
14798	T	CTCAT	5	14794	14798	CTCAT	7808	7812	0	5
14798	T	ACTCAT	6	14793	14798	CCTCAT	7807	7812	1	5
14798	T	CTCATT	6	14794	14799	CTCATC	7808	7813	1	5
14798	T	ACTCAT	6	14793	14798	ACGCAT	7828	7833	1	5
14798	T	ACTCAT	6	14793	14798	ACTAAT	7930	7935	1	5
14798	T	TTCATC	6	14798	14803	TTCAAC	7937	7942	1	5
14798	T	CTCATT	6	14794	14799	CCCATT	7957	7962	1	5
14798	T	TCATTC	6	14795	14800	TTATTC	7961	7966	1	5
14798	T	ATTCAT	6	14797	14802	ATTCCT	7963	7968	1	5
14798	T	CATTC	5	14796	14800	CATTC	8032	8036	0	5
14798	T	TTCATC	6	14798	14803	TACATC	8047	8052	1	5
14798	T	CTCATT	6	14794	14799	CACATT	8083	8088	1	5
14798	T	CATTCA	6	14796	14801	CTTTCA	8133	8138	1	5
14798	T	TTCAT	5	14798	14802	TTCAT	8201	8205	0	5
14798	T	TCATTC	6	14795	14800	TCATGC	8202	8207	1	5
14798	T	ATTCAT	6	14797	14802	TTTCAT	8200	8205	1	5
14798	T	TTCATC	6	14798	14803	TTCATG	8201	8206	1	5
14798	T	TCATTC	6	14795	14800	TAATTC	8223	8228	1	5
14798	T	ATTCAT	6	14797	14802	ATTAAT	8221	8226	1	5
14798	T	CATTCA	6	14796	14801	CATTAA	8314	8319	1	5
14798	T	CTCATT	6	14794	14799	CTCTTT	8352	8357	1	5
14798	T	CTCAT	5	14794	14798	CTCAT	8429	8433	0	5
14798	T	ACTCAT	6	14793	14798	CCTCAT	8428	8433	1	5
14798	T	CTCATT	6	14794	14799	CTCATC	8429	8434	1	5
14798	T	TTCATC	6	14798	14803	CTCATC	8429	8434	1	5
14798	T	TCATT	5	14795	14799	TCATT	8552	8556	0	5
14798	T	TTCAT	5	14798	14802	TTCAT	8547	8551	0	5
14798	T	ACTCAT	6	14793	14798	ACTGAT	8589	8594	1	5
14798	T	CTCAT	5	14794	14798	CTCAT	8635	8639	0	5
14798	T	ACTCAT	6	14793	14798	TCTCAT	8634	8639	1	5
14798	T	CTCATT	6	14794	14799	CTCATC	8635	8640	1	5
14798	T	TTCATC	6	14798	14803	CTCATC	8635	8640	1	5
14798	T	ACTCAT	6	14793	14798	ACTAAT	8649	8654	1	5
14798	T	ACTCAT	6	14793	14798	ACTAAT	8670	8675	1	5
14798	T	CATTCA	6	14796	14801	CATACA	8703	8708	1	5
14798	T	TCATT	5	14795	14799	TCATT	8753	8757	0	5
14798	T	TCATTC	6	14795	14800	TCATTT	8753	8758	1	5
14798	T	ATTCAT	6	14797	14802	AATCAT	8751	8756	1	5
14798	T	TTCATC	6	14798	14803	TTAATC	8749	8754	1	5
14798	T	ACTCAT	6	14793	14798	ACTCCT	8784	8789	1	5
14798	T	CTCATT	6	14794	14799	CTAATT	9043	9048	1	5
14798	T	CATTCA	6	14796	14801	CATTAA	9075	9080	1	5
14798	T	TTCATC	6	14798	14803	ATCATC	9097	9102	1	5
14798	T	TTCATC	6	14798	14803	TTAATC	9148	9153	1	5
14798	T	ACTCAT	6	14793	14798	ACACAT	9200	9205	1	5
14798	T	CATTCA	6	14796	14801	CAATCA	9216	9221	1	5
14798	T	CTCAT	5	14794	14798	CTCAT	9333	9337	0	5
14798	T	ACTCAT	6	14793	14798	CCTCAT	9332	9337	1	5
14798	T	ATTCAT	6	14797	14802	ATTTAT	9461	9466	1	5
14798	T	ACTCAT	6	14793	14798	ACACAT	9604	9609	1	5
14798	T	ATTCA	5	14797	14801	ATTCA	9684	9688	0	5
14798	T	ATTCAT	6	14797	14802	ATTCAA	9684	9689	1	5
14798	T	CTCATT	6	14794	14799	CTTATT	9696	9701	1	5
14798	T	CATTCA	6	14796	14801	CCTTCA	9760	9765	1	5
14798	T	TTCATC	6	14798	14803	TTCACC	9762	9767	1	5
14798	T	TCATT	5	14795	14799	TCATT	9829	9833	0	5
14798	T	CTCATT	6	14794	14799	GTCATT	9828	9833	1	5
14798	T	TCATTC	6	14795	14800	TCATTA	9829	9834	1	5
14798	T	CTCATT	6	14794	14799	CTCACT	9849	9854	1	5
14798	T	TTCATC	6	14798	14803	TTCCTC	9846	9851	1	5
14798	T	TCATTC	6	14795	14800	TCATCC	9862	9867	1	5
14798	T	ACTCAT	6	14793	14798	ACTAAT	9872	9877	1	5
14798	T	CATTCA	6	14796	14801	CATCCA	9889	9894	1	5
14798	T	TTCATC	6	14798	14803	TACATC	9887	9892	1	5
14798	T	TTCATC	6	14798	14803	TCCATC	9969	9974	1	5
14798	T	ATTCAT	6	14797	14802	ATTGAT	9976	9981	1	5
14798	T	ACTCAT	6	14793	14798	ACTAAT	10106	10111	1	5
14798	T	ACTCAT	6	14793	14798	ACTCAA	10136	10141	1	5
14798	T	CTCATT	6	14794	14799	CTTATT	10244	10249	1	5
14798	T	TTCATC	6	14798	14803	TTGATC	10252	10257	1	5
14798	T	CTCATT	6	14794	14799	CTCCTT	10269	10274	1	5
14798	T	TCATTC	6	14795	14800	TCATCC	10326	10331	1	5
14798	T	TTCATC	6	14798	14803	GTCATC	10325	10330	1	5
14798	T	ACTCAT	6	14793	14798	AATCAT	10340	10345	1	5
14798	T	TCATTC	6	14795	14800	TCATCC	10345	10350	1	5
14798	T	TTCATC	6	14798	14803	ATCATC	10344	10349	1	5
14798	T	ACTCAT	6	14793	14798	AATCAT	10455	10460	1	5
14798	T	ATTCAT	6	14797	14802	AATCAT	10455	10460	1	5
14798	T	CATTCA	6	14796	14801	CATTTA	10501	10506	1	5
14798	T	CTCATT	6	14794	14799	CTCACT	10511	10516	1	5
14798	T	CTCAT	5	14794	14798	CTCAT	10545	10549	0	5
14798	T	ACTCAT	6	14793	14798	CCTCAT	10544	10549	1	5
14798	T	CTCATT	6	14794	14799	CTCATA	10545	10550	1	5
14798	T	TCATT	5	14795	14799	TCATT	10591	10595	0	5
14798	T	TTCAT	5	14798	14802	TTCAT	10590	10594	0	5
14798	T	CTCATT	6	14794	14799	TTCATT	10590	10595	1	5
14798	T	TCATTC	6	14795	14800	TCATTA	10591	10596	1	5
14798	T	ATTCAT	6	14797	14802	GTTCAT	10589	10594	1	5
14798	T	TTCATC	6	14798	14803	TTCATT	10590	10595	1	5
14798	T	CTCAT	5	14794	14798	CTCAT	10605	10609	0	5
14798	T	CTCATT	6	14794	14799	CTCATA	10605	10610	1	5
14798	T	ACTCAT	6	14793	14798	ACACAT	10717	10722	1	5
14798	T	ACTCAT	6	14793	14798	ACTAAT	10768	10773	1	5
14798	T	ACTCAT	6	14793	14798	ACACAT	10819	10824	1	5
14798	T	CTCATT	6	14794	14799	CTAATT	10853	10858	1	5
14798	T	TCATTC	6	14795	14800	TCATCC	10866	10871	1	5
14798	T	TTCATC	6	14798	14803	ATCATC	10865	10870	1	5
14798	T	TTCATC	6	14798	14803	TTCCTC	10927	10932	1	5
14798	T	ACTCAT	6	14793	14798	ACTCCT	10972	10977	1	5
14798	T	ACTCAT	6	14793	14798	ACTAAT	11053	11058	1	5
14798	T	CTCATT	6	14794	14799	CTCCTT	11071	11076	1	5
14798	T	ATTCAT	6	14797	14802	AATCAT	11104	11109	1	5
14798	T	TTCATC	6	14798	14803	ATCATC	11153	11158	1	5
14798	T	CATTCA	6	14796	14801	CACTCA	11257	11262	1	5
14798	T	CTCATT	6	14794	14799	CTCACT	11275	11280	1	5
14798	T	CATTC	5	14796	14800	CATTC	11284	11288	0	5
14798	T	TCATTC	6	14795	14800	ACATTC	11283	11288	1	5
14798	T	CATTCA	6	14796	14801	CATTCT	11284	11289	1	5
14798	T	CTCATT	6	14794	14799	CTCACT	11300	11305	1	5
14798	T	ACTCAT	6	14793	14798	ACTCCT	11322	11327	1	5
14798	T	CTCATT	6	14794	14799	CTCTTT	11382	11387	1	5
14798	T	ACTCAT	6	14793	14798	ACTCTT	11461	11466	1	5
14798	T	ACTCAT	6	14793	14798	ACACAT	11524	11529	1	5
14798	T	TTCATC	6	14798	14803	TCCATC	11579	11584	1	5
14798	T	ACTCAT	6	14793	14798	ACTCTT	11622	11627	1	5
14798	T	CTCAT	5	14794	14798	CTCAT	11663	11667	0	5
14798	T	CATTC	5	14796	14800	CATTC	11659	11663	0	5
14798	T	ACTCAT	6	14793	14798	TCTCAT	11662	11667	1	5
14798	T	TCATTC	6	14795	14800	CCATTC	11658	11663	1	5
14798	T	CATTCA	6	14796	14801	CATTCT	11659	11664	1	5
14798	T	TTCATC	6	14798	14803	CTCATC	11663	11668	1	5
14798	T	CTCAT	5	14794	14798	CTCAT	11702	11706	0	5
14798	T	ACTCAT	6	14793	14798	TCTCAT	11701	11706	1	5
14798	T	CTCATT	6	14794	14799	CTCATA	11702	11707	1	5
14798	T	TTCATC	6	14798	14803	TACATC	11722	11727	1	5
14798	T	ACTCAT	6	14793	14798	ACTCAA	11751	11756	1	5
14798	T	CATTCA	6	14796	14801	CACTCA	11767	11772	1	5
14798	T	TCATTC	6	14795	14800	TCACTC	11931	11936	1	5
14798	T	ACTCAT	6	14793	14798	ACTCAA	11950	11955	1	5
14798	T	CTCATT	6	14794	14799	CACATT	12023	12028	1	5
14798	T	CATTCA	6	14796	14801	CATTAA	12025	12030	1	5
14798	T	CTCAT	5	14794	14798	CTCAT	12065	12069	0	5
14798	T	TTCAT	5	14798	14802	TTCAT	12071	12075	0	5
14798	T	CTCATT	6	14794	14799	CTCATG	12065	12070	1	5
14798	T	ATTCAT	6	14797	14802	GTTCAT	12070	12075	1	5
14798	T	CATTC	5	14796	14800	CATTC	12088	12092	0	5
14798	T	CATTCA	6	14796	14801	CATTCT	12088	12093	1	5
14798	T	TCATT	5	14795	14799	TCATT	12117	12121	0	5
14798	T	CTCATT	6	14794	14799	ATCATT	12116	12121	1	5
14798	T	TCATTC	6	14795	14800	TCATTA	12117	12122	1	5
14798	T	TTCATC	6	14798	14803	TTCCTC	12130	12135	1	5
14798	T	ATTCAT	6	14797	14802	ACTCAT	12230	12235	1	5
14798	T	ATTCAT	6	14797	14802	ATCCAT	12286	12291	1	5
14798	T	CATTCA	6	14796	14801	CATGCA	12342	12347	1	5
14798	T	CTCATT	6	14794	14799	CTCGTT	12403	12408	1	5
14798	T	ATTCAT	6	14797	14802	ACTCAT	12425	12430	1	5
14798	T	CTCATT	6	14794	14799	CCCATT	12434	12439	1	5
14798	T	ATTCAT	6	14797	14802	ATCCAT	12447	12452	1	5
14798	T	CATTCA	6	14796	14801	CATCCA	12458	12463	1	5
14798	T	TCATTC	6	14795	14800	TCAGTC	12473	12478	1	5
14798	T	ACTCAT	6	14793	14798	ATTCAT	12495	12500	1	5
14798	T	ACTCAT	6	14793	14798	ATTCAT	12600	12605	1	5
14798	T	TCATTC	6	14795	14800	TCATCC	12602	12607	1	5
14798	T	TTCATC	6	14798	14803	TCCATC	12631	12636	1	5
14798	T	CTCATT	6	14794	14799	CTCACT	12645	12650	1	5
14798	T	ACTCAT	6	14793	14798	ACTCAG	12662	12667	1	5
14798	T	TTCATC	6	14798	14803	TTCTTC	12685	12690	1	5
14798	T	CTCATT	6	14794	14799	CTAATT	12709	12714	1	5
14798	T	ACTCAT	6	14793	14798	ACTAAT	12720	12725	1	5
14798	T	TCATTC	6	14795	14800	TCCTTC	12787	12792	1	5
14798	T	CTCAT	5	14794	14798	CTCAT	12796	12800	0	5
14798	T	ACTCAT	6	14793	14798	GCTCAT	12795	12800	1	5
14798	T	CTCATT	6	14794	14799	CTCATC	12796	12801	1	5
14798	T	TTCATC	6	14798	14803	CTCATC	12796	12801	1	5
14798	T	TCATTC	6	14795	14800	TCATCC	12881	12886	1	5
14798	T	ATTCAT	6	14797	14802	ACTCAT	12917	12922	1	5
14798	T	ATTCAT	6	14797	14802	ACTCAT	13269	13274	1	5
14798	T	CATTC	5	14796	14800	CATTC	13310	13314	0	5
14798	T	TCATTC	6	14795	14800	GCATTC	13309	13314	1	5
14798	T	TTCATC	6	14798	14803	TTCTTC	13336	13341	1	5
14798	T	ATTCAT	6	14797	14802	ATTTAT	13353	13358	1	5
14798	T	TTCATC	6	14798	14803	TCCATC	13369	13374	1	5
14798	T	TTCATC	6	14798	14803	ATCATC	13372	13377	1	5
14798	T	ACTCAT	6	14793	14798	ACTCAA	13422	13427	1	5
14798	T	TTCATC	6	14798	14803	TTCAAC	13443	13448	1	5
14798	T	TTCATC	6	14798	14803	TTCCTC	13489	13494	1	5
14798	T	CTCAT	5	14794	14798	CTCAT	13573	13577	0	5
14798	T	CTCATT	6	14794	14799	CTCATC	13573	13578	1	5
14798	T	TCATTC	6	14795	14800	TAATTC	13613	13618	1	5
14798	T	CATTCA	6	14796	14801	CATTAA	13662	13667	1	5
14798	T	CTCATT	6	14794	14799	CCCATT	13693	13698	1	5
14798	T	CATTCA	6	14796	14801	CATTAA	13695	13700	1	5
14798	T	ACTCAT	6	14793	14798	ACTCAC	13797	13802	1	5
14798	T	CTCATT	6	14794	14799	CACATT	13890	13895	1	5
14798	T	ACTCAT	6	14793	14798	ACTCCT	13986	13991	1	5
14798	T	TTCATC	6	14798	14803	TTCCTC	14098	14103	1	5
14798	T	TTCATC	6	14798	14803	TTCTTC	14110	14115	1	5
14798	T	ACTCAT	6	14793	14798	ACTCCT	14133	14138	1	5
14798	T	CTCATT	6	14794	14799	CTCAAT	14167	14172	1	5
14798	T	TTCATC	6	14798	14803	TTCAAC	14199	14204	1	5
14798	T	ACTCAT	6	14793	14798	ACTAAT	14216	14221	1	5
14798	T	ACTCAT	6	14793	14798	AATCAT	14232	14237	1	5
14798	T	ATTCAT	6	14797	14802	AATCAT	14232	14237	1	5
14798	T	TTCAT	5	14798	14802	TTCAT	14290	14294	0	5
14798	T	ATTCA	5	14797	14801	ATTCA	14300	14304	0	5
14798	T	TCATTC	6	14795	14800	TCATAC	14345	14350	1	5
14798	T	CATTCA	6	14796	14801	CACTCA	14400	14405	1	5
14798	T	ACTCAT	6	14793	14798	ACTCCT	14442	14447	1	5
14798	T	CTCATT	6	14794	14799	CTCAAT	14446	14451	1	5
14798	T	ACTCAT	6	14793	14798	ACCCAT	14518	14523	1	5
14798	T	ATTCA	5	14797	14801	ATTCA	14539	14543	0	5
14798	T	CATTCA	6	14796	14801	AATTCA	14538	14543	1	5
14798	T	ATTCAT	6	14797	14802	ATTCAG	14539	14544	1	5
14798	T	CATTCA	6	14796	14801	CAATCA	14574	14579	1	5
14798	T	CTCATT	6	14794	14799	CCCATT	14630	14635	1	5
14798	T	CATTCA	6	14796	14801	CACTCA	14646	14651	1	5
14798	T	TCATT	5	14795	14799	TCATT	14670	14674	0	5
14798	T	CTCATT	6	14794	14799	ATCATT	14669	14674	1	5
14798	T	TCATTC	6	14795	14800	TCATTA	14670	14675	1	5
14798	T	TCATTC	6	14795	14800	TTATTC	14673	14678	1	5
14798	T	TTCATC	6	14798	14803	TTCAAC	14728	14733	1	5
14798	T	ATTCAT	6	14797	14802	ATTAAT	14782	14787	1	5
14798	T	CATTCA	6	14796	14801	CATCCA	14817	14822	1	5
14798	T	ATTCAT	6	14797	14802	ATTCCT	14893	14898	1	5
14798	T	CATTCA	6	14796	14801	CATGCA	14902	14907	1	5
14798	T	ACTCAT	6	14793	14798	ACTCAC	14910	14915	1	5
14798	T	TCATTC	6	14795	14800	TCACTC	14952	14957	1	5
14798	T	ACTCAT	6	14793	14798	AATCAT	14977	14982	1	5
14798	T	TCATTC	6	14795	14800	TCATCC	14979	14984	1	5
14798	T	CATTCA	6	14796	14801	CCTTCA	14989	14994	1	5
14798	T	CTCATT	6	14794	14799	CTCAAT	15007	15012	1	5
14798	T	ATTCAT	6	14797	14802	ATTCTT	15013	15018	1	5
14798	T	TTCATC	6	14798	14803	TTTATC	15017	15022	1	5
14798	T	ACTCAT	6	14793	14798	ACACAT	15034	15039	1	5
14798	T	TCATT	5	14795	14799	TCATT	15062	15066	0	5
14798	T	CTCATT	6	14794	14799	ATCATT	15061	15066	1	5
14798	T	TCATTC	6	14795	14800	TCATTT	15062	15067	1	5
14798	T	ACTCAT	6	14793	14798	ACTCAG	15072	15077	1	5
14798	T	TTCAT	5	14798	14802	TTCAT	15128	15132	0	5
14798	T	ATTCAT	6	14797	14802	ATTCTT	15277	15282	1	5
14798	T	CATTCA	6	14796	14801	CTTTCA	15286	15291	1	5
14798	T	TCATT	5	14795	14799	TCATT	15306	15310	0	5
14798	T	TTCAT	5	14798	14802	TTCAT	15305	15309	0	5
14798	T	CTCATT	6	14794	14799	TTCATT	15305	15310	1	5
14798	T	TCATTC	6	14795	14800	TCATTA	15306	15311	1	5
14798	T	TTCATC	6	14798	14803	TTCATT	15305	15310	1	5
14798	T	ATTCAT	6	14797	14802	ATTCTT	15340	15345	1	5
14798	T	CATTC	5	14796	14800	CATTC	15386	15390	0	5
14798	T	CATTCA	6	14796	14801	CATTCC	15386	15391	1	5
14798	T	CATTCA	6	14796	14801	CAATCA	15420	15425	1	5
14798	T	TCATTC	6	14795	14800	TCCTTC	15450	15455	1	5
14798	T	CTCATT	6	14794	14799	CTCCTT	15457	15462	1	5
14798	T	CATTCA	6	14796	14801	CATTAA	15468	15473	1	5
14798	T	CTCAT	5	14794	14798	CTCAT	15641	15645	0	5
14798	T	ACTCAT	6	14793	14798	CCTCAT	15640	15645	1	5
14798	T	TTCATC	6	14798	14803	CTCATC	15641	15646	1	5
14798	T	ACTCAT	6	14793	14798	ACTCCT	15724	15729	1	5
14798	T	CATTCA	6	14796	14801	CAATCA	15710	15715	1	5
14798	T	TCATT	5	14795	14799	TCATT	15792	15796	0	5
14798	T	CTCATT	6	14794	14799	ATCATT	15791	15796	1	5
14798	T	TCATTC	6	14795	14800	TCATTG	15792	15797	1	5
14798	T	CTCATT	6	14794	14799	CTAATT	15857	15862	1	5
14798	T	ACTCAT	6	14793	14798	ACTCAA	15874	15879	1	5
14798	T	ACTCAT	6	14793	14798	ACTAAT	15903	15908	1	5
14798	T	CTCATT	6	14794	14799	CTAATT	16004	16009	1	5
14798	T	TTCAT	5	14798	14802	TTCAT	16028	16032	0	5
14798	T	CATTCA	6	14796	14801	CAATCA	16214	16219	1	5
14798	T	CATTCA	6	14796	14801	CATTTA	16321	16326	1	5
14798	T	CTCATT	6	14794	14799	CACATT	16337	16342	1	5
14798	T	CATTCA	6	14796	14801	CAGTCA	16344	16349	1	5
14798	T	ATTCA	5	14797	14801	ATTAA	21	25	1	4
14798	T	TCATT	5	14795	14799	GCATT	47	51	1	4
14798	T	CATTC	5	14796	14800	CATTT	48	52	1	4
14798	T	TTCAT	5	14798	14802	TCCAT	42	46	1	4
14798	T	ATTCA	5	14797	14801	ATGCA	73	77	1	4
14798	T	TCATT	5	14795	14799	GCATT	85	89	1	4
14798	T	CATTC	5	14796	14800	CATTG	86	90	1	4
14798	T	TCATT	5	14795	14799	TCTTT	131	135	1	4
14798	T	TTCAT	5	14798	14802	TTGAT	134	138	1	4
14798	T	TCATT	5	14795	14799	TCAAT	173	177	1	4
14798	T	TTCAT	5	14798	14802	TTCAA	172	176	1	4
14798	T	CATTC	5	14796	14800	CATAC	190	194	1	4
14798	T	TCATT	5	14795	14799	TAATT	209	213	1	4
14798	T	TCATT	5	14795	14799	TAATT	213	217	1	4
14798	T	TTCAT	5	14798	14802	TTAAT	208	212	1	4
14798	T	ATTCA	5	14797	14801	ATTGA	244	248	1	4
14798	T	CATTC	5	14796	14800	CTTTC	264	268	1	4
14798	T	CTCAT	5	14794	14798	ATCAT	278	282	1	4
14798	T	TCATT	5	14795	14799	TCATA	279	283	1	4
14798	T	TTCAT	5	14798	14802	ATCAT	278	282	1	4
14798	T	ATTCA	5	14797	14801	TTTCA	391	395	1	4
14798	T	TTCAT	5	14798	14802	TTCAA	392	396	1	4
14798	T	TCATT	5	14795	14799	TCTTT	403	407	1	4
14798	T	ATTCA	5	14797	14801	ATGCA	415	419	1	4
14798	T	TCATT	5	14795	14799	TTATT	449	453	1	4
14798	T	CATTC	5	14796	14800	CATTA	447	451	1	4
14798	T	CTCAT	5	14794	14798	CCCAT	467	471	1	4
14798	T	CATTC	5	14796	14800	CACTC	463	467	1	4
14798	T	CATTC	5	14796	14800	CATAC	469	473	1	4
14798	T	TCATT	5	14795	14799	TCAAT	485	489	1	4
14798	T	ATTCA	5	14797	14801	ATACA	488	492	1	4
14798	T	CTCAT	5	14794	14798	CCCAT	500	504	1	4
14798	T	CATTC	5	14796	14800	CATCC	502	506	1	4
14798	T	CTCAT	5	14794	14798	CCCAT	535	539	1	4
14798	T	CATTC	5	14796	14800	CATAC	537	541	1	4
14798	T	TTCAT	5	14798	14802	TTTAT	578	582	1	4
14798	T	CTCAT	5	14794	14798	CTCCT	592	596	1	4
14798	T	CTCAT	5	14794	14798	CTCAA	595	599	1	4
14798	T	ATTCA	5	14797	14801	ATACA	604	608	1	4
14798	T	CTCAT	5	14794	14798	CTCAC	628	632	1	4
14798	T	CTCAT	5	14794	14798	CACAT	630	634	1	4
14798	T	CTCAT	5	14794	14798	CCCAT	638	642	1	4
14798	T	CATTC	5	14796	14800	CTTTC	666	670	1	4
14798	T	CTCAT	5	14794	14798	CTCTT	677	681	1	4
14798	T	CATTC	5	14796	14800	CATCC	702	706	1	4
14798	T	CATTC	5	14796	14800	CGTTC	708	712	1	4
14798	T	ATTCA	5	14797	14801	GTTCA	719	723	1	4
14798	T	ATTCA	5	14797	14801	AATCA	731	735	1	4
14798	T	ATTCA	5	14797	14801	ATGCA	772	776	1	4
14798	T	CTCAT	5	14794	14798	CTCAA	778	782	1	4
14798	T	TCATT	5	14795	14799	TGATT	821	825	1	4
14798	T	ATTCA	5	14797	14801	ATTAA	823	827	1	4
14798	T	TCATT	5	14795	14799	TCAAT	879	883	1	4
14798	T	TTCAT	5	14798	14802	TTCGT	884	888	1	4
14798	T	ATTCA	5	14797	14801	ATTAA	910	914	1	4
14798	T	TCATT	5	14795	14799	TCAAT	921	925	1	4
14798	T	ATTCA	5	14797	14801	AGTCA	919	923	1	4
14798	T	ATTCA	5	14797	14801	ACTCA	978	982	1	4
14798	T	CTCAT	5	14794	14798	CTCAA	1106	1110	1	4
14798	T	ATTCA	5	14797	14801	AATCA	1117	1121	1	4
14798	T	ATTCA	5	14797	14801	ACTCA	1162	1166	1	4
14798	T	CTCAT	5	14794	14798	TTCAT	1183	1187	1	4
14798	T	TCATT	5	14795	14799	TCATA	1184	1188	1	4
14798	T	CTCAT	5	14794	14798	CTCAC	1234	1238	1	4
14798	T	CTCAT	5	14794	14798	CTCTT	1242	1246	1	4
14798	T	CTCAT	5	14794	14798	CTCAG	1248	1252	1	4
14798	T	ATTCA	5	14797	14801	CTTCA	1268	1272	1	4
14798	T	CTCAT	5	14794	14798	CTGAT	1280	1284	1	4
14798	T	CTCAT	5	14794	14798	CCCAT	1340	1344	1	4
14798	T	TCATT	5	14795	14799	ACATT	1365	1369	1	4
14798	T	CATTC	5	14796	14800	CATTT	1366	1370	1	4
14798	T	TTCAT	5	14798	14802	TACAT	1364	1368	1	4
14798	T	CTCAT	5	14794	14798	CTTAT	1396	1400	1	4
14798	T	ATTCA	5	14797	14801	ATTTA	1423	1427	1	4
14798	T	CTCAT	5	14794	14798	CTCCT	1495	1499	1	4
14798	T	CTCAT	5	14794	14798	CTCAA	1498	1502	1	4
14798	T	ATTCA	5	14797	14801	CTTCA	1508	1512	1	4
14798	T	TTCAT	5	14798	14802	TTCAA	1509	1513	1	4
14798	T	TCATT	5	14795	14799	ACATT	1517	1521	1	4
14798	T	ATTCA	5	14797	14801	TTTCA	1646	1650	1	4
14798	T	CATTC	5	14796	14800	CACTC	1691	1695	1	4
14798	T	TCATT	5	14795	14799	CCATT	1725	1729	1	4
14798	T	ATTCA	5	14797	14801	ATTGA	1757	1761	1	4
14798	T	CATTC	5	14796	14800	CCTTC	1845	1849	1	4
14798	T	TTCAT	5	14798	14802	TGCAT	1850	1854	1	4
14798	T	ATTCA	5	14797	14801	ATTAA	1860	1864	1	4
14798	T	ATTCA	5	14797	14801	GTTCA	2040	2044	1	4
14798	T	ATTCA	5	14797	14801	ATTTA	2086	2090	1	4
14798	T	ATTCA	5	14797	14801	ATTTA	2156	2160	1	4
14798	T	ATTCA	5	14797	14801	ATTAA	2192	2196	1	4
14798	T	TTCAT	5	14798	14802	TTCAA	2204	2208	1	4
14798	T	CTCAT	5	14794	14798	CTCAA	2210	2214	1	4
14798	T	CTCAT	5	14794	14798	CTCAC	2255	2259	1	4
14798	T	CATTC	5	14796	14800	CAATC	2272	2276	1	4
14798	T	CTCAT	5	14794	14798	CTCCT	2326	2330	1	4
14798	T	CTCAT	5	14794	14798	CGCAT	2332	2336	1	4
14798	T	ATTCA	5	14797	14801	ATTAA	2350	2354	1	4
14798	T	ATTCA	5	14797	14801	ATTAA	2370	2374	1	4
14798	T	TCATT	5	14795	14799	TTATT	2407	2411	1	4
14798	T	CATTC	5	14796	14800	CATGC	2437	2441	1	4
14798	T	TTCAT	5	14798	14802	CTCAT	2441	2445	1	4
14798	T	TCATT	5	14795	14799	TCACT	2602	2606	1	4
14798	T	ATTCA	5	14797	14801	AATCA	2600	2604	1	4
14798	T	TCATT	5	14795	14799	TCCTT	2610	2614	1	4
14798	T	TTCAT	5	14798	14802	TTCCT	2609	2613	1	4
14798	T	ATTCA	5	14797	14801	GTTCA	2647	2651	1	4
14798	T	CTCAT	5	14794	14798	CTCTT	2657	2661	1	4
14798	T	ATTCA	5	14797	14801	ATTGA	2678	2682	1	4
14798	T	TCATT	5	14795	14799	TAATT	2739	2743	1	4
14798	T	TCATT	5	14795	14799	TTATT	2743	2747	1	4
14798	T	ATTCA	5	14797	14801	ATGCA	2749	2753	1	4
14798	T	TTCAT	5	14798	14802	TTAAT	2738	2742	1	4
14798	T	TCATT	5	14795	14799	GCATT	2796	2800	1	4
14798	T	TTCAT	5	14798	14802	TGCAT	2795	2799	1	4
14798	T	CATTC	5	14796	14800	CATGC	2852	2856	1	4
14798	T	TTCAT	5	14798	14802	TACAT	2850	2854	1	4
14798	T	ATTCA	5	14797	14801	CTTCA	2862	2866	1	4
14798	T	ATTCA	5	14797	14801	ACTCA	2888	2892	1	4
14798	T	ATTCA	5	14797	14801	ATCCA	2897	2901	1	4
14798	T	CATTC	5	14796	14800	CAATC	2944	2948	1	4
14798	T	CATTC	5	14796	14800	TATTC	2950	2954	1	4
14798	T	ATTCA	5	14797	14801	ATTCT	2951	2955	1	4
14798	T	TTCAT	5	14798	14802	TCCAT	2960	2964	1	4
14798	T	CATTC	5	14796	14800	CATCC	3004	3008	1	4
14798	T	ATTCA	5	14797	14801	ATTAA	3025	3029	1	4
14798	T	TCATT	5	14795	14799	TCGTT	3034	3038	1	4
14798	T	TTCAT	5	14798	14802	TTCGT	3033	3037	1	4
14798	T	ATTCA	5	14797	14801	GTTCA	3040	3044	1	4
14798	T	ATTCA	5	14797	14801	ATTAA	3048	3052	1	4
14798	T	ATTCA	5	14797	14801	GTTCA	3070	3074	1	4
14798	T	TTCAT	5	14798	14802	TTCAG	3071	3075	1	4
14798	T	ATTCA	5	14797	14801	ATCCA	3085	3089	1	4
14798	T	CATTC	5	14796	14800	AATTC	3112	3116	1	4
14798	T	TTCAT	5	14798	14802	TTCAA	3108	3112	1	4
14798	T	ATTCA	5	14797	14801	CTTCA	3152	3156	1	4
14798	T	TTCAT	5	14798	14802	TTCAC	3153	3157	1	4
14798	T	CATTC	5	14796	14800	CCTTC	3164	3168	1	4
14798	T	CTCAT	5	14794	14798	ATCAT	3182	3186	1	4
14798	T	CTCAT	5	14794	14798	CTCAA	3187	3191	1	4
14798	T	TCATT	5	14795	14799	TCATC	3183	3187	1	4
14798	T	CTCAT	5	14794	14798	CGCAT	3254	3258	1	4
14798	T	CTCAT	5	14794	14798	CTCTT	3293	3297	1	4
14798	T	TCATT	5	14795	14799	TCAAT	3286	3290	1	4
14798	T	CATTC	5	14796	14800	AATTC	3288	3292	1	4
14798	T	ATTCA	5	14797	14801	GTTCA	3284	3288	1	4
14798	T	TTCAT	5	14798	14802	TTCAA	3285	3289	1	4
14798	T	TTCAT	5	14798	14802	TTCTT	3296	3300	1	4
14798	T	CATTC	5	14796	14800	CATAC	3306	3310	1	4
14798	T	CTCAT	5	14794	14798	CTCCT	3322	3326	1	4
14798	T	TTCAT	5	14798	14802	CTCAT	3331	3335	1	4
14798	T	CTCAT	5	14794	14798	CTAAT	3346	3350	1	4
14798	T	CTCAT	5	14794	14798	CTAAT	3364	3368	1	4
14798	T	CATTC	5	14796	14800	AATTC	3384	3388	1	4
14798	T	ATTCA	5	14797	14801	ATTCT	3385	3389	1	4
14798	T	ATTCA	5	14797	14801	ATACA	3397	3401	1	4
14798	T	CATTC	5	14796	14800	CCTTC	3449	3453	1	4
14798	T	ATTCA	5	14797	14801	CTTCA	3471	3475	1	4
14798	T	CTCAT	5	14794	14798	CACAT	3498	3502	1	4
14798	T	CTCAT	5	14794	14798	CTCAC	3541	3545	1	4
14798	T	CTCAT	5	14794	14798	CTCTT	3551	3555	1	4
14798	T	CTCAT	5	14794	14798	CCCAT	3574	3578	1	4
14798	T	CATTC	5	14796	14800	CATAC	3576	3580	1	4
14798	T	CTCAT	5	14794	14798	CTCAA	3598	3602	1	4
14798	T	CTCAT	5	14794	14798	CTCCT	3610	3614	1	4
14798	T	ATTCA	5	14797	14801	ATTCT	3619	3623	1	4
14798	T	CTCAT	5	14794	14798	CTGAT	3657	3661	1	4
14798	T	ATTCA	5	14797	14801	ACTCA	3677	3681	1	4
14798	T	CTCAT	5	14794	14798	CTGAT	3691	3695	1	4
14798	T	CATTC	5	14796	14800	CAATC	3722	3726	1	4
14798	T	TTCAT	5	14798	14802	CTCAT	3726	3730	1	4
14798	T	ATTCA	5	14797	14801	AGTCA	3735	3739	1	4
14798	T	TTCAT	5	14798	14802	ATCAT	3748	3752	1	4
14798	T	TCATT	5	14795	14799	ACATT	3763	3767	1	4
14798	T	CATTC	5	14796	14800	CATTA	3764	3768	1	4
14798	T	CTCAT	5	14794	14798	CTTAT	3799	3803	1	4
14798	T	CTCAT	5	14794	14798	ATCAT	3837	3841	1	4
14798	T	TCATT	5	14795	14799	TCATG	3838	3842	1	4
14798	T	TTCAT	5	14798	14802	ATCAT	3837	3841	1	4
14798	T	TCATT	5	14795	14799	TGATT	3859	3863	1	4
14798	T	CATTC	5	14796	14800	CCTTC	3896	3900	1	4
14798	T	CTCAT	5	14794	14798	CTCAG	3930	3934	1	4
14798	T	ATTCA	5	14797	14801	CTTCA	3936	3940	1	4
14798	T	CATTC	5	14796	14800	CCTTC	3962	3966	1	4
14798	T	CTCAT	5	14794	14798	TTCAT	3976	3980	1	4
14798	T	TCATT	5	14795	14799	TCATA	3977	3981	1	4
14798	T	CATTC	5	14796	14800	TATTC	3971	3975	1	4
14798	T	ATTCA	5	14797	14801	ATACA	3987	3991	1	4
14798	T	TCATT	5	14795	14799	ACATT	3995	3999	1	4
14798	T	TCATT	5	14795	14799	TTATT	3998	4002	1	4
14798	T	CATTC	5	14796	14800	CATTA	3996	4000	1	4
14798	T	CTCAT	5	14794	14798	CTCAC	4015	4019	1	4
14798	T	CATTC	5	14796	14800	CAATC	4025	4029	1	4
14798	T	TTCAT	5	14798	14802	TTCCT	4030	4034	1	4
14798	T	CATTC	5	14796	14800	CACTC	4052	4056	1	4
14798	T	CTCAT	5	14794	14798	CTTAT	4116	4120	1	4
14798	T	TTCAT	5	14798	14802	TTCTT	4114	4118	1	4
14798	T	CATTC	5	14796	14800	AATTC	4122	4126	1	4
14798	T	ATTCA	5	14797	14801	ATTCG	4123	4127	1	4
14798	T	CATTC	5	14796	14800	CATAC	4133	4137	1	4
14798	T	CATTC	5	14796	14800	GATTC	4142	4146	1	4
14798	T	ATTCA	5	14797	14801	ATTCC	4143	4147	1	4
14798	T	CTCAT	5	14794	14798	CTCCT	4168	4172	1	4
14798	T	TTCAT	5	14798	14802	TTCCT	4183	4187	1	4
14798	T	TCATT	5	14795	14799	GCATT	4201	4205	1	4
14798	T	CATTC	5	14796	14800	CATTA	4202	4206	1	4
14798	T	CATTC	5	14796	14800	CATAC	4224	4228	1	4
14798	T	CATTC	5	14796	14800	CATTA	4230	4234	1	4
14798	T	TTCAT	5	14798	14802	TCCAT	4222	4226	1	4
14798	T	CATTC	5	14796	14800	CAATC	4235	4239	1	4
14798	T	CTCAT	5	14794	14798	CTCAA	4253	4257	1	4
14798	T	CTCAT	5	14794	14798	CTGAT	4273	4277	1	4
14798	T	TTCAT	5	14798	14802	TTGAT	4290	4294	1	4
14798	T	CATTC	5	14796	14800	CATCC	4351	4355	1	4
14798	T	ATTCA	5	14797	14801	ATCCA	4362	4366	1	4
14798	T	CATTC	5	14796	14800	AATTC	4368	4372	1	4
14798	T	ATTCA	5	14797	14801	ATTCT	4369	4373	1	4
14798	T	CTCAT	5	14794	14798	CCCAT	4392	4396	1	4
14798	T	CATTC	5	14796	14800	CATCC	4394	4398	1	4
14798	T	CTCAT	5	14794	14798	CCCAT	4430	4434	1	4
14798	T	CATTC	5	14796	14800	CATAC	4432	4436	1	4
14798	T	CATTC	5	14796	14800	CCTTC	4457	4461	1	4
14798	T	TCATT	5	14795	14799	TCATC	4492	4496	1	4
14798	T	TCATT	5	14795	14799	TCTTT	4507	4511	1	4
14798	T	CATTC	5	14796	14800	CATGC	4577	4581	1	4
14798	T	ATTCA	5	14797	14801	ATTCC	4590	4594	1	4
14798	T	TTCAT	5	14798	14802	TTTAT	4587	4591	1	4
14798	T	CTCAT	5	14794	14798	CTCAC	4650	4654	1	4
14798	T	CTCAT	5	14794	14798	CGCAT	4664	4668	1	4
14798	T	CTCAT	5	14794	14798	CTAAT	4680	4684	1	4
14798	T	CTCAT	5	14794	14798	CTCTT	4692	4696	1	4
14798	T	ATTCA	5	14797	14801	CTTCA	4694	4698	1	4
14798	T	TTCAT	5	14798	14802	ATCAT	4751	4755	1	4
14798	T	TCATT	5	14795	14799	TCATA	4762	4766	1	4
14798	T	TCATT	5	14795	14799	TCACT	4802	4806	1	4
14798	T	TTCAT	5	14798	14802	TTCAC	4801	4805	1	4
14798	T	CATTC	5	14796	14800	CATCC	4843	4847	1	4
14798	T	CTCAT	5	14794	14798	CTCAC	4860	4864	1	4
14798	T	CTCAT	5	14794	14798	CACAT	4862	4866	1	4
14798	T	CTCAT	5	14794	14798	CCCAT	4881	4885	1	4
14798	T	CTCAT	5	14794	14798	CTCCT	4929	4933	1	4
14798	T	CTCAT	5	14794	14798	ATCAT	4953	4957	1	4
14798	T	TCATT	5	14795	14799	TCATA	4954	4958	1	4
14798	T	CATTC	5	14796	14800	CCTTC	4925	4929	1	4
14798	T	TTCAT	5	14798	14802	ATCAT	4953	4957	1	4
14798	T	ATTCA	5	14797	14801	ATTAA	4976	4980	1	4
14798	T	CATTC	5	14796	14800	CATAC	5008	5012	1	4
14798	T	CTCAT	5	14794	14798	CACAT	5025	5029	1	4
14798	T	TCATT	5	14795	14799	TAATT	5078	5082	1	4
14798	T	ATTCA	5	14797	14801	ATTTA	5080	5084	1	4
14798	T	TTCAT	5	14798	14802	TTAAT	5077	5081	1	4
14798	T	ATTCA	5	14797	14801	ACTCA	5123	5127	1	4
14798	T	ATTCA	5	14797	14801	ATTCC	5199	5203	1	4
14798	T	TTCAT	5	14798	14802	TTAAT	5196	5200	1	4
14798	T	CTCAT	5	14794	14798	CTCCT	5211	5215	1	4
14798	T	TCATT	5	14795	14799	CCATT	5263	5267	1	4
14798	T	CATTC	5	14796	14800	CATTA	5264	5268	1	4
14798	T	CTCAT	5	14794	14798	ATCAT	5298	5302	1	4
14798	T	CTCAT	5	14794	14798	ATCAT	5310	5314	1	4
14798	T	TCATT	5	14795	14799	TCATA	5311	5315	1	4
14798	T	TTCAT	5	14798	14802	ATCAT	5310	5314	1	4
14798	T	CTCAT	5	14794	14798	CTAAT	5355	5359	1	4
14798	T	CTCAT	5	14794	14798	CCCAT	5385	5389	1	4
14798	T	TTCAT	5	14798	14802	TTTAT	5493	5497	1	4
14798	T	CTCAT	5	14794	14798	CTTAT	5507	5511	1	4
14798	T	ATTCA	5	14797	14801	ATTTA	5516	5520	1	4
14798	T	ATTCA	5	14797	14801	ATACA	5527	5531	1	4
14798	T	TTCAT	5	14798	14802	TTCAA	5543	5547	1	4
14798	T	TCATT	5	14795	14799	TAATT	5571	5575	1	4
14798	T	TTCAT	5	14798	14802	TTAAT	5570	5574	1	4
14798	T	CATTC	5	14796	14800	CACTC	5604	5608	1	4
14798	T	ATTCA	5	14797	14801	AATCA	5626	5630	1	4
14798	T	TCATT	5	14795	14799	TAATT	5638	5642	1	4
14798	T	ATTCA	5	14797	14801	ATTAA	5640	5644	1	4
14798	T	TTCAT	5	14798	14802	TTAAT	5637	5641	1	4
14798	T	CTCAT	5	14794	14798	CTAAT	5708	5712	1	4
14798	T	ATTCA	5	14797	14801	AATCA	5710	5714	1	4
14798	T	ATTCA	5	14797	14801	CTTCA	5720	5724	1	4
14798	T	TTCAT	5	14798	14802	TTCAA	5721	5725	1	4
14798	T	TCATT	5	14795	14799	TCAAT	5802	5806	1	4
14798	T	ATTCA	5	14797	14801	AATCA	5812	5816	1	4
14798	T	TCATT	5	14795	14799	TCTTT	5850	5854	1	4
14798	T	ATTCA	5	14797	14801	ATTTA	5857	5861	1	4
14798	T	CATTC	5	14796	14800	CAGTC	5862	5866	1	4
14798	T	TCATT	5	14795	14799	CCATT	5882	5886	1	4
14798	T	CATTC	5	14796	14800	CATTT	5883	5887	1	4
14798	T	ATTCA	5	14797	14801	CTTCA	5872	5876	1	4
14798	T	TTCAT	5	14798	14802	TTCAC	5873	5877	1	4
14798	T	CTCAT	5	14794	14798	CTCAC	5891	5895	1	4
14798	T	CATTC	5	14796	14800	TATTC	5923	5927	1	4
14798	T	ATTCA	5	14797	14801	ATTCT	5924	5928	1	4
14798	T	TCATT	5	14795	14799	ACATT	5944	5948	1	4
14798	T	CATTC	5	14796	14800	CATTG	5945	5949	1	4
14798	T	ATTCA	5	14797	14801	ATTCG	5966	5970	1	4
14798	T	CTCAT	5	14794	14798	CGCAT	5972	5976	1	4
14798	T	ATTCA	5	14797	14801	ATTCG	6012	6016	1	4
14798	T	CATTC	5	14796	14800	CCTTC	6041	6045	1	4
14798	T	CTCAT	5	14794	14798	CACAT	6057	6061	1	4
14798	T	CTCAT	5	14794	14798	CCCAT	6082	6086	1	4
14798	T	TCATT	5	14795	14799	GCATT	6087	6091	1	4
14798	T	CATTC	5	14796	14800	CATTT	6088	6092	1	4
14798	T	CTCAT	5	14794	14798	TTCAT	6105	6109	1	4
14798	T	TCATT	5	14795	14799	TCATA	6106	6110	1	4
14798	T	CTCAT	5	14794	14798	ATCAT	6120	6124	1	4
14798	T	TCATT	5	14795	14799	TCATA	6121	6125	1	4
14798	T	TTCAT	5	14798	14802	ATCAT	6120	6124	1	4
14798	T	CTCAT	5	14794	14798	CTAAT	6156	6160	1	4
14798	T	CTCAT	5	14794	14798	CGCAT	6189	6193	1	4
14798	T	CTCAT	5	14794	14798	CTCCT	6228	6232	1	4
14798	T	CTCAT	5	14794	14798	CGCAT	6242	6246	1	4
14798	T	CATTC	5	14796	14800	CAGTC	6283	6287	1	4
14798	T	CTCAT	5	14794	14798	CTCCT	6368	6372	1	4
14798	T	CTCAT	5	14794	14798	TTCAT	6393	6397	1	4
14798	T	TCATT	5	14795	14799	TCAAT	6388	6392	1	4
14798	T	TCATT	5	14795	14799	TCATC	6394	6398	1	4
14798	T	TCATT	5	14795	14799	TCAAT	6409	6413	1	4
14798	T	CTCAT	5	14794	14798	CTCTT	6450	6454	1	4
14798	T	CTCAT	5	14794	14798	CTGAT	6458	6462	1	4
14798	T	CTCAT	5	14794	14798	CTAAT	6468	6472	1	4
14798	T	ATTCA	5	14797	14801	AATCA	6470	6474	1	4
14798	T	CATTC	5	14796	14800	CAGTC	6478	6482	1	4
14798	T	CTCAT	5	14794	14798	CTCCT	6489	6493	1	4
14798	T	CATTC	5	14796	14800	CAGTC	6502	6506	1	4
14798	T	TCATT	5	14795	14799	TCACT	6520	6524	1	4
14798	T	CTCAT	5	14794	14798	CTCAA	6546	6550	1	4
14798	T	CATTC	5	14796	14800	TATTC	6604	6608	1	4
14798	T	ATTCA	5	14797	14801	ATTCT	6605	6609	1	4
14798	T	CTCAT	5	14794	14798	CTTAT	6639	6643	1	4
14798	T	CATTC	5	14796	14800	TATTC	6635	6639	1	4
14798	T	TTCAT	5	14798	14802	TTTAT	6631	6635	1	4
14798	T	CTCAT	5	14794	14798	CCCAT	6667	6671	1	4
14798	T	TCATT	5	14795	14799	CCATT	6702	6706	1	4
14798	T	CATTC	5	14796	14800	CATTT	6703	6707	1	4
14798	T	TCATT	5	14795	14799	TCAAT	6738	6742	1	4
14798	T	TTCAT	5	14798	14802	TTCCT	6747	6751	1	4
14798	T	ATTCA	5	14797	14801	ATTTA	6779	6783	1	4
14798	T	ATTCA	5	14797	14801	TTTCA	6815	6819	1	4
14798	T	TCATT	5	14795	14799	TCATC	6835	6839	1	4
14798	T	ATTCA	5	14797	14801	ATTTA	6863	6867	1	4
14798	T	CATTC	5	14796	14800	CACTC	6880	6884	1	4
14798	T	TCATT	5	14795	14799	TCATC	6934	6938	1	4
14798	T	TCATT	5	14795	14799	TCTTT	6941	6945	1	4
14798	T	ATTCA	5	14797	14801	TTTCA	6944	6948	1	4
14798	T	TTCAT	5	14798	14802	TTCTT	6940	6944	1	4
14798	T	TCATT	5	14795	14799	GCATT	6967	6971	1	4
14798	T	CATTC	5	14796	14800	CATTG	6968	6972	1	4
14798	T	TCATT	5	14795	14799	TCACT	6987	6991	1	4
14798	T	TCATT	5	14795	14799	TCAAT	7047	7051	1	4
14798	T	CTCAT	5	14794	14798	ATCAT	7068	7072	1	4
14798	T	TCATT	5	14795	14799	TCATA	7069	7073	1	4
14798	T	TTCAT	5	14798	14802	ATCAT	7068	7072	1	4
14798	T	CTCAT	5	14794	14798	CTCAG	7103	7107	1	4
14798	T	CATTC	5	14796	14800	TATTC	7099	7103	1	4
14798	T	ATTCA	5	14797	14801	ATTCT	7100	7104	1	4
14798	T	TCATT	5	14795	14799	CCATT	7139	7143	1	4
14798	T	TCATT	5	14795	14799	TCACT	7144	7148	1	4
14798	T	CATTC	5	14796	14800	CATTT	7140	7144	1	4
14798	T	ATTCA	5	14797	14801	TTTCA	7142	7146	1	4
14798	T	TTCAT	5	14798	14802	TTCAC	7143	7147	1	4
14798	T	CTCAT	5	14794	14798	ATCAT	7149	7153	1	4
14798	T	TCATT	5	14795	14799	TCATA	7150	7154	1	4
14798	T	TTCAT	5	14798	14802	ATCAT	7149	7153	1	4
14798	T	CATTC	5	14796	14800	CTTTC	7174	7178	1	4
14798	T	CATTC	5	14796	14800	CTTTC	7190	7194	1	4
14798	T	CTCAT	5	14794	14798	CACAT	7247	7251	1	4
14798	T	CATTC	5	14796	14800	CATCC	7256	7260	1	4
14798	T	CTCAT	5	14794	14798	ATCAT	7262	7266	1	4
14798	T	TCATT	5	14795	14799	TCATC	7263	7267	1	4
14798	T	CTCAT	5	14794	14798	TTCAT	7311	7315	1	4
14798	T	TCATT	5	14795	14799	TAATT	7306	7310	1	4
14798	T	TCATT	5	14795	14799	TCATG	7312	7316	1	4
14798	T	TCATT	5	14795	14799	TGATT	7315	7319	1	4
14798	T	CATTC	5	14796	14800	CCTTC	7327	7331	1	4
14798	T	CTCAT	5	14794	14798	CTAAT	7350	7354	1	4
14798	T	TTCAT	5	14798	14802	TCCAT	7368	7372	1	4
14798	T	ATTCA	5	14797	14801	TTTCA	7480	7484	1	4
14798	T	TTCAT	5	14798	14802	TTCAA	7481	7485	1	4
14798	T	CTCAT	5	14794	14798	CCCAT	7492	7496	1	4
14798	T	TTCAT	5	14798	14802	TCCAT	7501	7505	1	4
14798	T	ATTCA	5	14797	14801	TTTCA	7511	7515	1	4
14798	T	TTCAT	5	14798	14802	TTCAA	7512	7516	1	4
14798	T	CTCAT	5	14794	14798	TTCAT	7537	7541	1	4
14798	T	TCATT	5	14795	14799	CCATT	7533	7537	1	4
14798	T	TCATT	5	14795	14799	TCATA	7538	7542	1	4
14798	T	CATTC	5	14796	14800	CATTT	7534	7538	1	4
14798	T	TTCAT	5	14798	14802	TTAAT	7583	7587	1	4
14798	T	CTCAT	5	14794	14798	CACAT	7590	7594	1	4
14798	T	CTCAT	5	14794	14798	ATCAT	7631	7635	1	4
14798	T	TCATT	5	14795	14799	TCATA	7632	7636	1	4
14798	T	TTCAT	5	14798	14802	ATCAT	7631	7635	1	4
14798	T	CTCAT	5	14794	14798	CTTAT	7643	7647	1	4
14798	T	CTCAT	5	14794	14798	TTCAT	7653	7657	1	4
14798	T	TCATT	5	14795	14799	TCATG	7654	7658	1	4
14798	T	CTCAT	5	14794	14798	CTTAT	7682	7686	1	4
14798	T	TCATT	5	14795	14799	TCCTT	7680	7684	1	4
14798	T	TTCAT	5	14798	14802	CTCAT	7667	7671	1	4
14798	T	TTCAT	5	14798	14802	TTCCT	7679	7683	1	4
14798	T	TTCAT	5	14798	14802	TTCCT	7691	7695	1	4
14798	T	TTCAT	5	14798	14802	TTCCT	7712	7716	1	4
14798	T	CTCAT	5	14794	14798	CTCAG	7750	7754	1	4
14798	T	CTCAT	5	14794	14798	CTCAG	7758	7762	1	4
14798	T	CTCAT	5	14794	14798	ATCAT	7796	7800	1	4
14798	T	CTCAT	5	14794	14798	CCCAT	7819	7823	1	4
14798	T	CATTC	5	14796	14800	CATCC	7821	7825	1	4
14798	T	TCATT	5	14795	14799	TCCTT	7833	7837	1	4
14798	T	CATTC	5	14796	14800	CATCC	7831	7835	1	4
14798	T	TTCAT	5	14798	14802	TACAT	7838	7842	1	4
14798	T	TCATT	5	14795	14799	TCAAT	7880	7884	1	4
14798	T	ATTCA	5	14797	14801	AATCA	7878	7882	1	4
14798	T	CATTC	5	14796	14800	CATAC	7948	7952	1	4
14798	T	ATTCA	5	14797	14801	CTTCA	7936	7940	1	4
14798	T	CATTC	5	14796	14800	CATTA	7959	7963	1	4
14798	T	CATTC	5	14796	14800	CAATC	8002	8006	1	4
14798	T	ATTCA	5	14797	14801	ATTGA	8021	8025	1	4
14798	T	TCATT	5	14795	14799	TAATT	8043	8047	1	4
14798	T	CATTC	5	14796	14800	CATTA	8085	8089	1	4
14798	T	CATTC	5	14796	14800	AATTC	8107	8111	1	4
14798	T	ATTCA	5	14797	14801	ATGCA	8103	8107	1	4
14798	T	ATTCA	5	14797	14801	ATTCC	8108	8112	1	4
14798	T	TCATT	5	14795	14799	TCAAT	8167	8171	1	4
14798	T	CTCAT	5	14794	14798	TTCAT	8201	8205	1	4
14798	T	CTCAT	5	14794	14798	CCCAT	8207	8211	1	4
14798	T	ATTCA	5	14797	14801	ATTCC	8225	8229	1	4
14798	T	TCATT	5	14795	14799	TCTTT	8238	8242	1	4
14798	T	ATTCA	5	14797	14801	ATTTA	8257	8261	1	4
14798	T	TCATT	5	14795	14799	GCATT	8313	8317	1	4
14798	T	ATTCA	5	14797	14801	ATTAA	8335	8339	1	4
14798	T	TCATT	5	14795	14799	TAATT	8400	8404	1	4
14798	T	CTCAT	5	14794	14798	CCCAT	8408	8412	1	4
14798	T	CATTC	5	14796	14800	CATAC	8410	8414	1	4
14798	T	CATTC	5	14796	14800	TATTC	8424	8428	1	4
14798	T	ATTCA	5	14797	14801	ATTAA	8449	8453	1	4
14798	T	CTCAT	5	14794	14798	CTCAC	8476	8480	1	4
14798	T	CTCAT	5	14794	14798	CCCAT	8486	8490	1	4
14798	T	CATTC	5	14796	14800	CAATC	8564	8568	1	4
14798	T	TTCAT	5	14798	14802	ATCAT	8593	8597	1	4
14798	T	ATTCA	5	14797	14801	AATCA	8652	8656	1	4
14798	T	ATTCA	5	14797	14801	AATCA	8673	8677	1	4
14798	T	CTCAT	5	14794	14798	CTCAA	8685	8689	1	4
14798	T	CTCAT	5	14794	14798	CTGAT	8727	8731	1	4
14798	T	CTCAT	5	14794	14798	CTCTT	8732	8736	1	4
14798	T	CTCAT	5	14794	14798	CTTAT	8734	8738	1	4
14798	T	TCATT	5	14795	14799	TCCTT	8746	8750	1	4
14798	T	TCATT	5	14795	14799	TTATT	8759	8763	1	4
14798	T	TTCAT	5	14798	14802	TTTAT	8758	8762	1	4
14798	T	CTCAT	5	14794	14798	CTCCT	8776	8780	1	4
14798	T	CATTC	5	14796	14800	CATCC	8841	8845	1	4
14798	T	CTCAT	5	14794	14798	CTTAT	8847	8851	1	4
14798	T	TCATT	5	14795	14799	TGATT	8864	8868	1	4
14798	T	CATTC	5	14796	14800	CTTTC	8874	8878	1	4
14798	T	ATTCA	5	14797	14801	ATTAA	8887	8891	1	4
14798	T	TTCAT	5	14798	14802	TTCTT	8908	8912	1	4
14798	T	CTCAT	5	14794	14798	CTTAT	8935	8939	1	4
14798	T	CTCAT	5	14794	14798	CCCAT	8941	8945	1	4
14798	T	CATTC	5	14796	14800	CATAC	8943	8947	1	4
14798	T	TCATT	5	14795	14799	TTATT	8951	8955	1	4
14798	T	TCATT	5	14795	14799	ACATT	9014	9018	1	4
14798	T	CATTC	5	14796	14800	CATTA	9015	9019	1	4
14798	T	TCATT	5	14795	14799	CCATT	9074	9078	1	4
14798	T	CATTC	5	14796	14800	CCTTC	9081	9085	1	4
14798	T	CTCAT	5	14794	14798	ATCAT	9097	9101	1	4
14798	T	TCATT	5	14795	14799	TCATC	9098	9102	1	4
14798	T	ATTCA	5	14797	14801	CTTCA	9102	9106	1	4
14798	T	TTCAT	5	14798	14802	TTCAC	9103	9107	1	4
14798	T	CATTC	5	14796	14800	AATTC	9108	9112	1	4
14798	T	ATTCA	5	14797	14801	ATTCT	9109	9113	1	4
14798	T	ATTCA	5	14797	14801	ATTCT	9115	9119	1	4
14798	T	ATTCA	5	14797	14801	ATCCA	9151	9155	1	4
14798	T	ATTCA	5	14797	14801	TTTCA	9165	9169	1	4
14798	T	TTCAT	5	14798	14802	TTCAC	9166	9170	1	4
14798	T	CTCAT	5	14794	14798	CACAT	9220	9224	1	4
14798	T	CATTC	5	14796	14800	CATGC	9222	9226	1	4
14798	T	CTCAT	5	14794	14798	ATCAT	9229	9233	1	4
14798	T	TCATT	5	14795	14799	TCATA	9230	9234	1	4
14798	T	TTCAT	5	14798	14802	ATCAT	9229	9233	1	4
14798	T	CTCAT	5	14794	14798	CCCAT	9248	9252	1	4
14798	T	CTCAT	5	14794	14798	CTCAG	9272	9276	1	4
14798	T	CTCAT	5	14794	14798	CTCCT	9279	9283	1	4
14798	T	CTCAT	5	14794	14798	CTAAT	9282	9286	1	4
14798	T	TCATT	5	14795	14799	TGATT	9306	9310	1	4
14798	T	TCATT	5	14795	14799	TCACT	9311	9315	1	4
14798	T	ATTCA	5	14797	14801	TTTCA	9309	9313	1	4
14798	T	TTCAT	5	14798	14802	TTCAC	9310	9314	1	4
14798	T	CATTC	5	14796	14800	CACTC	9318	9322	1	4
14798	T	TTCAT	5	14798	14802	TCCAT	9321	9325	1	4
14798	T	CTCAT	5	14794	14798	CTCCT	9330	9334	1	4
14798	T	TTCAT	5	14798	14802	CTCAT	9333	9337	1	4
14798	T	CTCAT	5	14794	14798	CACAT	9401	9405	1	4
14798	T	CATTC	5	14796	14800	CATAC	9403	9407	1	4
14798	T	CATTC	5	14796	14800	CCTTC	9440	9444	1	4
14798	T	TCATT	5	14795	14799	TTATT	9463	9467	1	4
14798	T	CTCAT	5	14794	14798	CTCAG	9470	9474	1	4
14798	T	CATTC	5	14796	14800	CACTC	9513	9517	1	4
14798	T	CATTC	5	14796	14800	CACTC	9595	9599	1	4
14798	T	CATTC	5	14796	14800	CATCC	9607	9611	1	4
14798	T	CTCAT	5	14794	14798	CGCAT	9620	9624	1	4
14798	T	CTCAT	5	14794	14798	CTCAC	9646	9650	1	4
14798	T	CTCAT	5	14794	14798	CTAAT	9657	9661	1	4
14798	T	CTCAT	5	14794	14798	CTCCT	9729	9733	1	4
14798	T	CTCAT	5	14794	14798	CTCAG	9740	9744	1	4
14798	T	TCATT	5	14795	14799	CCATT	9766	9770	1	4
14798	T	CATTC	5	14796	14800	CATTT	9767	9771	1	4
14798	T	CTCAT	5	14794	14798	CTCAA	9788	9792	1	4
14798	T	TCATT	5	14795	14799	ACATT	9792	9796	1	4
14798	T	CATTC	5	14796	14800	CATTT	9793	9797	1	4
14798	T	ATTCA	5	14797	14801	CTTCA	9822	9826	1	4
14798	T	TTCAT	5	14798	14802	TTCAC	9823	9827	1	4
14798	T	TCATT	5	14795	14799	TTATT	9832	9836	1	4
14798	T	TTCAT	5	14798	14802	GTCAT	9828	9832	1	4
14798	T	CTCAT	5	14794	14798	CTCAA	9839	9843	1	4
14798	T	CATTC	5	14796	14800	CTTTC	9844	9848	1	4
14798	T	TCATT	5	14795	14799	TCACT	9881	9885	1	4
14798	T	ATTCA	5	14797	14801	TTTCA	9879	9883	1	4
14798	T	TTCAT	5	14798	14802	TTCAC	9880	9884	1	4
14798	T	TCATT	5	14795	14799	TCACT	9899	9903	1	4
14798	T	CTCAT	5	14794	14798	CTGAT	9923	9927	1	4
14798	T	TCATT	5	14795	14799	GCATT	9932	9936	1	4
14798	T	CATTC	5	14796	14800	CATTT	9933	9937	1	4
14798	T	ATTCA	5	14797	14801	ATTAA	10025	10029	1	4
14798	T	TCATT	5	14795	14799	TAATT	10072	10076	1	4
14798	T	TTCAT	5	14798	14802	TTAAT	10071	10075	1	4
14798	T	TTCAT	5	14798	14802	TTAAT	10077	10081	1	4
14798	T	ATTCA	5	14797	14801	AATCA	10082	10086	1	4
14798	T	CTCAT	5	14794	14798	CTCCT	10092	10096	1	4
14798	T	TCATT	5	14795	14799	TAATT	10111	10115	1	4
14798	T	TCATT	5	14795	14799	TTATT	10114	10118	1	4
14798	T	TCATT	5	14795	14799	ACATT	10119	10123	1	4
14798	T	CATTC	5	14796	14800	CATTT	10120	10124	1	4
14798	T	TTCAT	5	14798	14802	TACAT	10118	10122	1	4
14798	T	ATTCA	5	14797	14801	ACTCA	10136	10140	1	4
14798	T	TTCAT	5	14798	14802	TACAT	10146	10150	1	4
14798	T	ATTCA	5	14797	14801	ATCCA	10157	10161	1	4
14798	T	CATTC	5	14796	14800	CTTTC	10207	10211	1	4
14798	T	TTCAT	5	14798	14802	TCCAT	10212	10216	1	4
14798	T	CATTC	5	14796	14800	AATTC	10219	10223	1	4
14798	T	TTCAT	5	14798	14802	TTCTT	10224	10228	1	4
14798	T	TCATT	5	14795	14799	TTATT	10248	10252	1	4
14798	T	CATTC	5	14796	14800	CCTTC	10240	10244	1	4
14798	T	TTCAT	5	14798	14802	TTCTT	10242	10246	1	4
14798	T	CTCAT	5	14794	14798	GTCAT	10325	10329	1	4
14798	T	CTCAT	5	14794	14798	CTCTT	10332	10336	1	4
14798	T	CTCAT	5	14794	14798	ATCAT	10344	10348	1	4
14798	T	TCATT	5	14795	14799	TCATC	10342	10346	1	4
14798	T	TCATT	5	14795	14799	TGATT	10430	10434	1	4
14798	T	TCATT	5	14795	14799	TCATA	10457	10461	1	4
14798	T	ATTCA	5	14797	14801	ATTTA	10461	10465	1	4
14798	T	TTCAT	5	14798	14802	CTCAT	10476	10480	1	4
14798	T	TTCAT	5	14798	14802	TACAT	10482	10486	1	4
14798	T	TCATT	5	14795	14799	GCATT	10500	10504	1	4
14798	T	CTCAT	5	14794	14798	CTCAC	10538	10542	1	4
14798	T	TTCAT	5	14798	14802	CTCAT	10545	10549	1	4
14798	T	TTCAT	5	14798	14802	CTCAT	10605	10609	1	4
14798	T	CTCAT	5	14794	14798	CTCAA	10614	10618	1	4
14798	T	CTCAT	5	14794	14798	CTCTT	10629	10633	1	4
14798	T	CATTC	5	14796	14800	CATAC	10655	10659	1	4
14798	T	TCATT	5	14795	14799	TCTTT	10663	10667	1	4
14798	T	TTCAT	5	14798	14802	TACAT	10738	10742	1	4
14798	T	CATTC	5	14796	14800	CTTTC	10808	10812	1	4
14798	T	TCATT	5	14795	14799	TAATT	10824	10828	1	4
14798	T	ATTCA	5	14797	14801	AATCA	10831	10835	1	4
14798	T	TCATT	5	14795	14799	TTATT	10857	10861	1	4
14798	T	CTCAT	5	14794	14798	ATCAT	10865	10869	1	4
14798	T	ATTCA	5	14797	14801	AATCA	10891	10895	1	4
14798	T	ATTCA	5	14797	14801	ATTTA	10906	10910	1	4
14798	T	CTCAT	5	14794	14798	CTCCT	10952	10956	1	4
14798	T	CTCAT	5	14794	14798	CTAAT	10955	10959	1	4
14798	T	CTCAT	5	14794	14798	CTCAC	10982	10986	1	4
14798	T	TCATT	5	14795	14799	TCATG	10989	10993	1	4
14798	T	TCATT	5	14795	14799	TAATT	11076	11080	1	4
14798	T	TTCAT	5	14798	14802	TTAAT	11075	11079	1	4
14798	T	TCATT	5	14795	14799	TCATA	11106	11110	1	4
14798	T	TTCAT	5	14798	14802	TTTAT	11112	11116	1	4
14798	T	CTCAT	5	14794	14798	ATCAT	11153	11157	1	4
14798	T	TCATT	5	14795	14799	TCATC	11154	11158	1	4
14798	T	CTCAT	5	14794	14798	CACAT	11197	11201	1	4
14798	T	CATTC	5	14796	14800	CATAC	11199	11203	1	4
14798	T	CATTC	5	14796	14800	TATTC	11208	11212	1	4
14798	T	ATTCA	5	14797	14801	ATTCT	11209	11213	1	4
14798	T	TTCAT	5	14798	14802	TTCCT	11204	11208	1	4
14798	T	CATTC	5	14796	14800	CCTTC	11230	11234	1	4
14798	T	ATTCA	5	14797	14801	ACTCA	11293	11297	1	4
14798	T	TTCAT	5	14798	14802	TTAAT	11339	11343	1	4
14798	T	TTCAT	5	14798	14802	TTTAT	11366	11370	1	4
14798	T	CTCAT	5	14794	14798	CCCAT	11415	11419	1	4
14798	T	CTCAT	5	14794	14798	CCCAT	11429	11433	1	4
14798	T	TCATT	5	14795	14799	TCAAT	11441	11445	1	4
14798	T	CTCAT	5	14794	14798	CTCAC	11495	11499	1	4
14798	T	CTCAT	5	14794	14798	CTCAA	11507	11511	1	4
14798	T	TCATT	5	14795	14799	TCCTT	11541	11545	1	4
14798	T	CATTC	5	14796	14800	CCTTC	11538	11542	1	4
14798	T	TTCAT	5	14798	14802	TTCCT	11540	11544	1	4
14798	T	TCATT	5	14795	14799	TAATT	11565	11569	1	4
14798	T	CATTC	5	14796	14800	CATAC	11619	11623	1	4
14798	T	ATTCA	5	14797	14801	CTTCA	11625	11629	1	4
14798	T	TTCAT	5	14798	14802	CTCAT	11612	11616	1	4
14798	T	TTCAT	5	14798	14802	TGCAT	11617	11621	1	4
14798	T	TTCAT	5	14798	14802	TTCAA	11626	11630	1	4
14798	T	CTCAT	5	14794	14798	CACAT	11636	11640	1	4
14798	T	CTCAT	5	14794	14798	CTCGT	11645	11649	1	4
14798	T	ATTCA	5	14797	14801	CTTCA	11683	11687	1	4
14798	T	TTCAT	5	14798	14802	CTCAT	11702	11706	1	4
14798	T	CATTC	5	14796	14800	CATCC	11724	11728	1	4
14798	T	TTCAT	5	14798	14802	CTCAT	11728	11732	1	4
14798	T	CATTC	5	14796	14800	TATTC	11736	11740	1	4
14798	T	ATTCA	5	14797	14801	ATTCT	11737	11741	1	4
14798	T	ATTCA	5	14797	14801	ACTCA	11751	11755	1	4
14798	T	CTCAT	5	14794	14798	CGCAT	11777	11781	1	4
14798	T	CTCAT	5	14794	14798	ATCAT	11780	11784	1	4
14798	T	TCATT	5	14795	14799	TCATA	11781	11785	1	4
14798	T	CATTC	5	14796	14800	CAGTC	11773	11777	1	4
14798	T	TTCAT	5	14798	14802	ATCAT	11780	11784	1	4
14798	T	CTCAT	5	14794	14798	CTCAA	11793	11797	1	4
14798	T	ATTCA	5	14797	14801	CTTCA	11801	11805	1	4
14798	T	TTCAT	5	14798	14802	TTCAA	11802	11806	1	4
14798	T	TTCAT	5	14798	14802	TTGAT	11830	11834	1	4
14798	T	ATTCA	5	14797	14801	ATTAA	11876	11880	1	4
14798	T	CTCAT	5	14794	14798	CTCCT	11917	11921	1	4
14798	T	CTCAT	5	14794	14798	CTGAT	11920	11924	1	4
14798	T	CATTC	5	14796	14800	CGTTC	11913	11917	1	4
14798	T	CTCAT	5	14794	14798	CTCCT	11936	11940	1	4
14798	T	ATTCA	5	14797	14801	ACTCA	11950	11954	1	4
14798	T	CATTC	5	14796	14800	CATAC	11956	11960	1	4
14798	T	ATTCA	5	14797	14801	AGTCA	11962	11966	1	4
14798	T	TTCAT	5	14798	14802	TACAT	11984	11988	1	4
14798	T	ATTCA	5	14797	14801	ATTTA	11989	11993	1	4
14798	T	CTCAT	5	14794	14798	TTCAT	12071	12075	1	4
14798	T	TTCAT	5	14798	14802	CTCAT	12065	12069	1	4
14798	T	CTCAT	5	14794	14798	CTCCT	12092	12096	1	4
14798	T	CTCAT	5	14794	14798	CTCCT	12095	12099	1	4
14798	T	CTCAT	5	14794	14798	CTCAA	12104	12108	1	4
14798	T	TTCAT	5	14798	14802	ATCAT	12116	12120	1	4
14798	T	CTCAT	5	14794	14798	CTCTT	12133	12137	1	4
14798	T	ATTCA	5	14797	14801	ATTTA	12200	12204	1	4
14798	T	CTCAT	5	14794	14798	CTCAC	12214	12218	1	4
14798	T	CTCAT	5	14794	14798	CCCAT	12239	12243	1	4
14798	T	CTCAT	5	14794	14798	CTCAA	12262	12266	1	4
14798	T	CATTC	5	14796	14800	CTTTC	12258	12262	1	4
14798	T	TCATT	5	14795	14799	CCATT	12288	12292	1	4
14798	T	CATTC	5	14796	14800	CATTG	12289	12293	1	4
14798	T	ATTCA	5	14797	14801	ATTCC	12382	12386	1	4
14798	T	CTCAT	5	14794	14798	CCCAT	12388	12392	1	4
14798	T	TCATT	5	14795	14799	TCCTT	12392	12396	1	4
14798	T	CATTC	5	14796	14800	CATCC	12390	12394	1	4
14798	T	CATTC	5	14796	14800	CATTA	12436	12440	1	4
14798	T	TCATT	5	14795	14799	CCATT	12449	12453	1	4
14798	T	CATTC	5	14796	14800	CATTG	12450	12454	1	4
14798	T	CTCAT	5	14794	14798	CGCAT	12456	12460	1	4
14798	T	TCATT	5	14795	14799	TTATT	12467	12471	1	4
14798	T	TTCAT	5	14798	14802	TTTAT	12466	12470	1	4
14798	T	CTCAT	5	14794	14798	CTCTT	12478	12482	1	4
14798	T	TCATT	5	14795	14799	TCATG	12497	12501	1	4
14798	T	TCATT	5	14795	14799	TTATT	12518	12522	1	4
14798	T	ATTCA	5	14797	14801	CTTCA	12573	12577	1	4
14798	T	TTCAT	5	14798	14802	TTCAA	12574	12578	1	4
14798	T	TTCAT	5	14798	14802	TCCAT	12592	12596	1	4
14798	T	TCATT	5	14795	14799	GCATT	12613	12617	1	4
14798	T	CATTC	5	14796	14800	CATTG	12614	12618	1	4
14798	T	TCATT	5	14795	14799	TCGTT	12620	12624	1	4
14798	T	TTCAT	5	14798	14802	TTCGT	12619	12623	1	4
14798	T	TTCAT	5	14798	14802	TACAT	12624	12628	1	4
14798	T	CTCAT	5	14794	14798	ATCAT	12634	12638	1	4
14798	T	TCATT	5	14795	14799	TCATA	12635	12639	1	4
14798	T	TTCAT	5	14798	14802	ATCAT	12634	12638	1	4
14798	T	CATTC	5	14796	14800	AATTC	12641	12645	1	4
14798	T	ATTCA	5	14797	14801	ATTCT	12642	12646	1	4
14798	T	ATTCA	5	14797	14801	ACTCA	12662	12666	1	4
14798	T	TCATT	5	14795	14799	ACATT	12674	12678	1	4
14798	T	TCATT	5	14795	14799	TCAGT	12681	12685	1	4
14798	T	ATTCA	5	14797	14801	AATCA	12679	12683	1	4
14798	T	ATTCA	5	14797	14801	CTTCA	12687	12691	1	4
14798	T	TTCAT	5	14798	14802	TTCAA	12688	12692	1	4
14798	T	TTCAT	5	14798	14802	TTCCT	12706	12710	1	4
14798	T	CATTC	5	14796	14800	CATAC	12717	12721	1	4
14798	T	CATTC	5	14796	14800	TATTC	12746	12750	1	4
14798	T	ATTCA	5	14797	14801	ATTCC	12747	12751	1	4
14798	T	CTCAT	5	14794	14798	TTCAT	12757	12761	1	4
14798	T	TCATT	5	14795	14799	TCATC	12758	12762	1	4
14798	T	TTCAT	5	14798	14802	TTCTT	12790	12794	1	4
14798	T	TCATT	5	14795	14799	TCAGT	12800	12804	1	4
14798	T	TTCAT	5	14798	14802	TTGAT	12804	12808	1	4
14798	T	CATTC	5	14796	14800	CAATC	12848	12852	1	4
14798	T	ATTCA	5	14797	14801	ATACA	12855	12859	1	4
14798	T	CTCAT	5	14794	14798	TTCAT	12880	12884	1	4
14798	T	TCATT	5	14795	14799	TGATT	12898	12902	1	4
14798	T	CATTC	5	14796	14800	CACTC	12910	12914	1	4
14798	T	CATTC	5	14796	14800	CCTTC	12942	12946	1	4
14798	T	CTCAT	5	14794	14798	CTAAT	12953	12957	1	4
14798	T	ATTCA	5	14797	14801	ATCCA	12956	12960	1	4
14798	T	CTCAT	5	14794	14798	CTCAC	12964	12968	1	4
14798	T	CTCAT	5	14794	14798	CTCCT	12982	12986	1	4
14798	T	CTCAT	5	14794	14798	CTCCT	12985	12989	1	4
14798	T	ATTCA	5	14797	14801	AATCA	13004	13008	1	4
14798	T	CTCAT	5	14794	14798	CTCAG	13038	13042	1	4
14798	T	CTCAT	5	14794	14798	CTCAG	13065	13069	1	4
14798	T	CATTC	5	14796	14800	CAGTC	13061	13065	1	4
14798	T	TTCAT	5	14798	14802	TTCTT	13108	13112	1	4
14798	T	CATTC	5	14796	14800	CACTC	13188	13192	1	4
14798	T	CATTC	5	14796	14800	CAGTC	13202	13206	1	4
14798	T	CATTC	5	14796	14800	CCTTC	13244	13248	1	4
14798	T	ATTCA	5	14797	14801	CTTCA	13253	13257	1	4
14798	T	ATTCA	5	14797	14801	AGTCA	13258	13262	1	4
14798	T	TTCAT	5	14798	14802	TTCAA	13254	13258	1	4
14798	T	CATTC	5	14796	14800	CAATC	13283	13287	1	4
14798	T	CTCAT	5	14794	14798	CACAT	13318	13322	1	4
14798	T	ATTCA	5	14797	14801	CTTCA	13338	13342	1	4
14798	T	TTCAT	5	14798	14802	TTCAA	13339	13343	1	4
14798	T	CATTC	5	14796	14800	CATAC	13347	13351	1	4
14798	T	CTCAT	5	14794	14798	ATCAT	13372	13376	1	4
14798	T	CATTC	5	14796	14800	TATTC	13401	13405	1	4
14798	T	ATTCA	5	14797	14801	ATTCG	13402	13406	1	4
14798	T	ATTCA	5	14797	14801	ACTCA	13422	13426	1	4
14798	T	CATTC	5	14796	14800	CATAC	13431	13435	1	4
14798	T	ATTCA	5	14797	14801	CTTCA	13442	13446	1	4
14798	T	CTCAT	5	14794	14798	CTCAC	13453	13457	1	4
14798	T	TCATT	5	14795	14799	CCATT	13457	13461	1	4
14798	T	CATTC	5	14796	14800	CATTG	13458	13462	1	4
14798	T	TCATT	5	14795	14799	GCATT	13471	13475	1	4
14798	T	CATTC	5	14796	14800	CATTA	13472	13476	1	4
14798	T	CTCAT	5	14794	14798	CTCAC	13492	13496	1	4
14798	T	CATTC	5	14796	14800	CTTTC	13487	13491	1	4
14798	T	CTCAT	5	14794	14798	CACAT	13516	13520	1	4
14798	T	CTCAT	5	14794	14798	ATCAT	13519	13523	1	4
14798	T	TCATT	5	14795	14799	TCATC	13520	13524	1	4
14798	T	CTCAT	5	14794	14798	ATCAT	13539	13543	1	4
14798	T	TTCAT	5	14798	14802	ATCAT	13539	13543	1	4
14798	T	CATTC	5	14796	14800	CACTC	13605	13609	1	4
14798	T	CTCAT	5	14794	14798	CTCAC	13621	13625	1	4
14798	T	TCATT	5	14795	14799	ACATT	13661	13665	1	4
14798	T	CATTC	5	14796	14800	TATTC	13721	13725	1	4
14798	T	ATTCA	5	14797	14801	ATTCG	13722	13726	1	4
14798	T	TTCAT	5	14798	14802	CTCAT	13735	13739	1	4
14798	T	TCATT	5	14795	14799	ACATT	13748	13752	1	4
14798	T	CATTC	5	14796	14800	CATTT	13749	13753	1	4
14798	T	CTCAT	5	14794	14798	CGCAT	13758	13762	1	4
14798	T	CATTC	5	14796	14800	CATCC	13760	13764	1	4
14798	T	CATTC	5	14796	14800	CCTTC	13766	13770	1	4
14798	T	CATTC	5	14796	14800	CAATC	13778	13782	1	4
14798	T	ATTCA	5	14797	14801	ACTCA	13797	13801	1	4
14798	T	TCATT	5	14795	14799	TCACT	13814	13818	1	4
14798	T	CATTC	5	14796	14800	CTTTC	13817	13821	1	4
14798	T	TTCAT	5	14798	14802	TTCCT	13819	13823	1	4
14798	T	CTCAT	5	14794	14798	CTCAA	13846	13850	1	4
14798	T	TCATT	5	14795	14799	TTATT	13896	13900	1	4
14798	T	CATTC	5	14796	14800	CATTT	13892	13896	1	4
14798	T	ATTCA	5	14797	14801	ATGCA	13887	13891	1	4
14798	T	TTCAT	5	14798	14802	TTTAT	13895	13899	1	4
14798	T	CATTC	5	14796	14800	CATAC	13908	13912	1	4
14798	T	CATTC	5	14796	14800	GATTC	13916	13920	1	4
14798	T	ATTCA	5	14797	14801	ATTCT	13917	13921	1	4
14798	T	CATTC	5	14796	14800	CAATC	13943	13947	1	4
14798	T	CATTC	5	14796	14800	CCTTC	13959	13963	1	4
14798	T	TTCAT	5	14798	14802	TTCTT	13961	13965	1	4
14798	T	CTCAT	5	14794	14798	CTCCT	13990	13994	1	4
14798	T	ATTCA	5	14797	14801	TTTCA	14033	14037	1	4
14798	T	TTCAT	5	14798	14802	TTCAC	14034	14038	1	4
14798	T	CTCAT	5	14794	14798	CTCAA	14067	14071	1	4
14798	T	TCATT	5	14795	14799	TAATT	14084	14088	1	4
14798	T	ATTCA	5	14797	14801	ATTAA	14086	14090	1	4
14798	T	CTCAT	5	14794	14798	CTAAT	14137	14141	1	4
14798	T	CTCAT	5	14794	14798	CACAT	14142	14146	1	4
14798	T	ATTCA	5	14797	14801	AATCA	14139	14143	1	4
14798	T	CATTC	5	14796	14800	TATTC	14151	14155	1	4
14798	T	ATTCA	5	14797	14801	ATTCC	14152	14156	1	4
14798	T	CATTC	5	14796	14800	CAATC	14163	14167	1	4
14798	T	ATTCA	5	14797	14801	ATACA	14181	14185	1	4
14798	T	ATTCA	5	14797	14801	GTTCA	14198	14202	1	4
14798	T	ATTCA	5	14797	14801	AATCA	14219	14223	1	4
14798	T	CTCAT	5	14794	14798	CCCAT	14227	14231	1	4
14798	T	ATTCA	5	14797	14801	AATCA	14269	14273	1	4
14798	T	TTCAT	5	14798	14802	TTCCT	14307	14311	1	4
14798	T	ATTCA	5	14797	14801	ATTAA	14317	14321	1	4
14798	T	CTCAT	5	14794	14798	CCCAT	14341	14345	1	4
14798	T	CTCAT	5	14794	14798	ATCAT	14344	14348	1	4
14798	T	TTCAT	5	14798	14802	ATCAT	14344	14348	1	4
14798	T	CATTC	5	14796	14800	CAATC	14368	14372	1	4
14798	T	CTCAT	5	14794	14798	CTCAA	14413	14417	1	4
14798	T	CTCAT	5	14794	14798	CCCAT	14427	14431	1	4
14798	T	CATTC	5	14796	14800	CATGC	14429	14433	1	4
14798	T	CTCAT	5	14794	14798	CTCAG	14434	14438	1	4
14798	T	ATTCA	5	14797	14801	ATCCA	14469	14473	1	4
14798	T	TTCAT	5	14798	14802	ATCAT	14483	14487	1	4
14798	T	ATTCA	5	14797	14801	ATTAA	14501	14505	1	4
14798	T	ATTCA	5	14797	14801	ATTAA	14513	14517	1	4
14798	T	TCATT	5	14795	14799	TCAAT	14577	14581	1	4
14798	T	CTCAT	5	14794	14798	CCCAT	14590	14594	1	4
14798	T	CATTC	5	14796	14800	CATTA	14632	14636	1	4
14798	T	ATTCA	5	14797	14801	ATTCT	14675	14679	1	4
14798	T	TTCAT	5	14798	14802	ATCAT	14669	14673	1	4
14798	T	TCATT	5	14795	14799	TCGTT	14719	14723	1	4
14798	T	ATTCA	5	14797	14801	TTTCA	14727	14731	1	4
14798	T	CTCAT	5	14794	14798	CTAAT	14774	14778	1	4
14798	T	TCATT	5	14795	14799	TAATT	14784	14788	1	4
14798	T	ATTCA	5	14797	14801	ATTAA	14786	14790	1	4
14798	T	TCATT	5	14795	14799	TCATC	14799	14803	1	4
14798	T	CTCAT	5	14794	14798	CCCAT	14815	14819	1	4
14798	T	CTCAT	5	14794	14798	CGCAT	14830	14834	1	4
14798	T	CTCAT	5	14794	14798	CTGAT	14867	14871	1	4
14798	T	ATTCA	5	14797	14801	AATCA	14878	14882	1	4
14798	T	CATTC	5	14796	14800	TATTC	14892	14896	1	4
14798	T	ATTCA	5	14797	14801	ACTCA	14910	14914	1	4
14798	T	CTCAT	5	14794	14798	CTCAA	14923	14927	1	4
14798	T	CTCAT	5	14794	14798	TTCAT	14935	14939	1	4
14798	T	CTCAT	5	14794	14798	CACAT	14948	14952	1	4
14798	T	TTCAT	5	14798	14802	TTCAC	14991	14995	1	4
14798	T	TCATT	5	14795	14799	TCTTT	15015	15019	1	4
14798	T	CATTC	5	14796	14800	TATTC	15012	15016	1	4
14798	T	CTCAT	5	14794	14798	CTCTT	15026	15030	1	4
14798	T	TTCAT	5	14798	14802	TTCCT	15029	15033	1	4
14798	T	TTCAT	5	14798	14802	ATCAT	15061	15065	1	4
14798	T	ATTCA	5	14797	14801	ACTCA	15072	15076	1	4
14798	T	TCATT	5	14795	14799	GCATT	15093	15097	1	4
14798	T	CATTC	5	14796	14800	CATTA	15094	15098	1	4
14798	T	CTCAT	5	14794	14798	CTCCT	15101	15105	1	4
14798	T	CTCAT	5	14794	14798	TTCAT	15128	15132	1	4
14798	T	TCATT	5	14795	14799	TCATA	15129	15133	1	4
14798	T	TTCAT	5	14798	14802	ATCAT	15160	15164	1	4
14798	T	TCATT	5	14795	14799	TAATT	15180	15184	1	4
14798	T	CTCAT	5	14794	14798	CCCAT	15205	15209	1	4
14798	T	TCATT	5	14795	14799	ACATT	15210	15214	1	4
14798	T	CATTC	5	14796	14800	CATCC	15202	15206	1	4
14798	T	CATTC	5	14796	14800	CATTG	15211	15215	1	4
14798	T	TCATT	5	14795	14799	TCAAT	15229	15233	1	4
14798	T	ATTCA	5	14797	14801	GTTCA	15227	15231	1	4
14798	T	TTCAT	5	14798	14802	TTCAA	15228	15232	1	4
14798	T	ATTCA	5	14797	14801	ACTCA	15249	15253	1	4
14798	T	CATTC	5	14796	14800	CAGTC	15259	15263	1	4
14798	T	CTCAT	5	14794	14798	CTCAC	15269	15273	1	4
14798	T	TCATT	5	14795	14799	TCTTT	15279	15283	1	4
14798	T	CATTC	5	14796	14800	GATTC	15276	15280	1	4
14798	T	CTCAT	5	14794	14798	TTCAT	15293	15297	1	4
14798	T	TCATT	5	14795	14799	TCACT	15289	15293	1	4
14798	T	TCATT	5	14795	14799	TCATC	15294	15298	1	4
14798	T	TTCAT	5	14798	14802	TTCAC	15288	15292	1	4
14798	T	TCATT	5	14795	14799	TTATT	15309	15313	1	4
14798	T	CATTC	5	14796	14800	CACTC	15327	15331	1	4
14798	T	CTCAT	5	14794	14798	CTCCT	15335	15339	1	4
14798	T	CATTC	5	14796	14800	TATTC	15339	15343	1	4
14798	T	ATTCA	5	14797	14801	AATCA	15376	15380	1	4
14798	T	ATTCA	5	14797	14801	AATCA	15397	15401	1	4
14798	T	CATTC	5	14796	14800	CCTTC	15402	15406	1	4
14798	T	CTCAT	5	14794	14798	CTCTT	15446	15450	1	4
14798	T	TTCAT	5	14798	14802	TTCCT	15449	15453	1	4
14798	T	TTCAT	5	14798	14802	TTAAT	15461	15465	1	4
14798	T	TCATT	5	14795	14799	ACATT	15467	15471	1	4
14798	T	CTCAT	5	14794	14798	CTCAC	15481	15485	1	4
14798	T	CATTC	5	14796	14800	TATTC	15477	15481	1	4
14798	T	ATTCA	5	14797	14801	ATTCT	15478	15482	1	4
14798	T	CTCAT	5	14794	14798	CTCCT	15491	15495	1	4
14798	T	CTCAT	5	14794	14798	CACAT	15545	15549	1	4
14798	T	CATTC	5	14796	14800	TATTC	15570	15574	1	4
14798	T	ATTCA	5	14797	14801	ATTCG	15571	15575	1	4
14798	T	TTCAT	5	14798	14802	TTCCT	15566	15570	1	4
14798	T	CATTC	5	14796	14800	AATTC	15583	15587	1	4
14798	T	ATTCA	5	14797	14801	ATTCT	15584	15588	1	4
14798	T	TCATT	5	14795	14799	TCCTT	15618	15622	1	4
14798	T	CATTC	5	14796	14800	CATCC	15637	15641	1	4
14798	T	CTCAT	5	14794	14798	CCCAT	15659	15663	1	4
14798	T	CATTC	5	14796	14800	CATCC	15661	15665	1	4
14798	T	TTCAT	5	14798	14802	TCCAT	15666	15670	1	4
14798	T	ATTCA	5	14797	14801	ATCCA	15673	15677	1	4
14798	T	TCATT	5	14795	14799	TCACT	15713	15717	1	4
14798	T	TCATT	5	14795	14799	TTATT	15718	15722	1	4
14798	T	ATTCA	5	14797	14801	ATTGA	15720	15724	1	4
14798	T	TTCAT	5	14798	14802	TTTAT	15717	15721	1	4
14798	T	TTCAT	5	14798	14802	CTCAT	15743	15747	1	4
14798	T	TTCAT	5	14798	14802	ATCAT	15791	15795	1	4
14798	T	CATTC	5	14796	14800	CATCC	15807	15811	1	4
14798	T	ATTCA	5	14797	14801	CTTCA	15820	15824	1	4
14798	T	TTCAT	5	14798	14802	TTCAC	15821	15825	1	4
14798	T	CATTC	5	14796	14800	CAATC	15828	15832	1	4
14798	T	CTCAT	5	14794	14798	CTAAT	15833	15837	1	4
14798	T	CTCAT	5	14794	14798	CTAAT	15839	15843	1	4
14798	T	ATTCA	5	14797	14801	ATTGA	15860	15864	1	4
14798	T	ATTCA	5	14797	14801	ACTCA	15874	15878	1	4
14798	T	TCATT	5	14795	14799	TCCTT	15889	15893	1	4
14798	T	ATTCA	5	14797	14801	ATACA	15907	15911	1	4
14798	T	CATTC	5	14796	14800	CAGTC	15913	15917	1	4
14798	T	ATTCA	5	14797	14801	AATCA	15954	15958	1	4
14798	T	TCATT	5	14795	14799	TCTTT	15968	15972	1	4
14798	T	TCATT	5	14795	14799	CCATT	15980	15984	1	4
14798	T	CATTC	5	14796	14800	CATTA	15981	15985	1	4
14798	T	CATTC	5	14796	14800	GATTC	16000	16004	1	4
14798	T	ATTCA	5	14797	14801	ATTCT	16001	16005	1	4
14798	T	ATTCA	5	14797	14801	ATTTA	16007	16011	1	4
14798	T	CATTC	5	14796	14800	TATTC	16015	16019	1	4
14798	T	ATTCA	5	14797	14801	ATTCT	16016	16020	1	4
14798	T	CTCAT	5	14794	14798	TTCAT	16028	16032	1	4
14798	T	TTCAT	5	14798	14802	TTCTT	16024	16028	1	4
14798	T	ATTCA	5	14797	14801	ATTGA	16062	16066	1	4
14798	T	TCATT	5	14795	14799	ACATT	16098	16102	1	4
14798	T	CATTC	5	14796	14800	CATTA	16099	16103	1	4
14798	T	TTCAT	5	14798	14802	TTCGT	16093	16097	1	4
14798	T	TTCAT	5	14798	14802	TACAT	16097	16101	1	4
14798	T	TTCAT	5	14798	14802	TACAT	16157	16161	1	4
14798	T	CTCAT	5	14794	14798	CACAT	16174	16178	1	4
14798	T	CATTC	5	14796	14800	CAATC	16169	16173	1	4
14798	T	ATTCA	5	14797	14801	ATCCA	16171	16175	1	4
14798	T	CTCAT	5	14794	14798	CCCAT	16191	16195	1	4
14798	T	CATTC	5	14796	14800	CATGC	16193	16197	1	4
14798	T	CTCAT	5	14794	14798	CTCAA	16223	16227	1	4
14798	T	CTCAT	5	14794	14798	CTCAC	16262	16266	1	4
14798	T	TTCAT	5	14798	14802	TACAT	16304	16308	1	4
14798	T	TTCAT	5	14798	14802	TACAT	16311	16315	1	4
14798	T	TCATT	5	14795	14799	CCATT	16320	16324	1	4
14798	T	TTCAT	5	14798	14802	TACAT	16330	16334	1	4
14798	T	CATTC	5	14796	14800	CATTA	16339	16343	1	4
14798	T	CTCAT	5	14794	14798	CTCGT	16358	16362	1	4
14798	T	CATTC	5	14796	14800	CCTTC	16354	16358	1	4
14798	T	CTCAT	5	14794	14798	CCCAT	16364	16368	1	4
14798	T	CTCAT	5	14794	14798	CTCAG	16380	16384	1	4
14798	T	CATTC	5	14796	14800	CATCC	16404	16408	1	4
14798	T	TCATT	5	14795	14799	TCAAT	16418	16422	1	4
14798	T	ATTCA	5	14797	14801	AATCA	16416	16420	1	4
14798	T	CTCAT	5	14794	14798	CTCCT	16444	16448	1	4
14798	T	CTCAT	5	14794	14798	CCCAT	16458	16462	1	4
14798	T	TTCAT	5	14798	14802	TTCCT	16505	16509	1	4
14798	T	ATTCA	5	14797	14801	CTTCA	16511	16515	1	4
14798	T	TTCAT	5	14798	14802	TTCAG	16512	16516	1	4
14798	T	CTCAT	5	14794	14798	GTCAT	16518	16522	1	4
14798	T	TCATT	5	14795	14799	TCATA	16519	16523	1	4
14798	T	TTCAT	5	14798	14802	GTCAT	16518	16522	1	4
