pos	nuc	motif.seq	motif.length	motif.start	motif.end	repeat.seq	repeat.start	repeat.end	repeat.hamming.distance	effective.length
8472	A	CACCTACATCCCTCACC	17	8465	8481	CACCTACACCCCTTATC	8924	8940	3	14
8472	A	ACATCCCTCACCAAAG	16	8470	8485	ACCTCCCTCACCATTG	13447	13462	3	13
8472	A	CTACATCCCTCACCAA	16	8468	8483	CTAAAACACTCACCAA	14394	14409	3	13
8472	A	CCTACATCCCTCACCA	16	8467	8482	TCAACCTCCCTCACCA	13444	13459	3	13
8472	A	ACCTACATCCCTCACC	16	8466	8481	ACCTCCATCGCTAACC	14375	14390	3	13
8472	A	CCACCTACATCCCTCA	16	8464	8479	ACACCTACACCCCTTA	8923	8938	3	13
8472	A	CCACCTACATCCCTCA	16	8464	8479	CCTCCTACAAGCCTCA	9728	9743	3	13
8472	A	TACCACCTACATCCCT	16	8462	8477	TACCAACTATCTCCCT	15843	15858	3	13
8472	A	ACTACCACCTACATCC	16	8460	8475	ACAACCACCCACAGCC	10838	10853	3	13
8472	A	CTACATCCCTCACCAA	16	8468	8483	CAACCTCCCTCACCAT	13445	13460	3	13
8472	A	CTACATCCCTCACCA	15	8468	8482	CAACCTCCCTCACCA	13445	13459	2	13
8472	A	CTACATCCCTCACCA	15	8468	8482	CTACCTCCCTGACAA	13580	13594	3	12
8472	A	ACATCCCTCACCAAA	15	8470	8484	ACACCCCTCCCCACA	15534	15548	3	12
8472	A	CCTACATCCCTCACC	15	8467	8481	CCTATATCCCCCGCC	10185	10199	3	12
8472	A	ACCACCTACATCCCT	15	8463	8477	CACACCTACACCCCT	8922	8936	3	12
8472	A	ACTACCACCTACATC	15	8460	8474	ACTACCACTGACATG	10792	10806	3	12
8472	A	AACTACCACCTACAT	15	8459	8473	TACTACCACTGACAT	10791	10805	3	12
8472	A	AAACTACCACCTACA	15	8458	8472	ACACAACCACCCACA	10836	10850	3	12
8472	A	CCTACATCCCTCACC	15	8467	8481	CCTACATACTTCCCC	7944	7958	3	12
8472	A	ACTACCACCTACAT	14	8460	8473	ACTACCACTGACAT	10792	10805	2	12
8472	A	ATCCCTCACCAAA	13	8472	8484	CTCCCTCACTAAA	4906	4918	2	11
8472	A	CATCCCTCACCAA	13	8471	8483	CACCCCTCACCCA	16257	16269	2	11
8472	A	CATCCCTCACCA	12	8471	8482	CATTCCTCCCCA	5440	5451	2	10
8472	A	CATCCCTCACCA	12	8471	8482	CCTCCCTTACCA	7863	7874	2	10
8472	A	ACATCCCTCACC	12	8470	8481	CCACCCCTCACC	16256	16267	2	10
8472	A	TACATCCCTCAC	12	8469	8480	TACAACCCTAAC	5055	5066	2	10
8472	A	TACATCCCTCAC	12	8469	8480	TACCTCCCTCTC	6217	6228	2	10
8472	A	TACATCCCTCAC	12	8469	8480	TATATCGCTCAC	10531	10542	2	10
8472	A	CCTACATCCCTC	12	8467	8478	CTTACCTCCCTC	6215	6226	2	10
8472	A	CCTACATCCCTC	12	8467	8478	CCTACCTCCATC	14372	14383	2	10
8472	A	CCTACATCCCTC	12	8467	8478	CCCACATCACTC	14946	14957	2	10
8472	A	CCACCTACATCC	12	8464	8475	CCACCTCCATCA	14051	14062	2	10
8472	A	ACCACCTACATC	12	8463	8474	ACCCTCTACATC	3511	3522	2	10
8472	A	ACCACCTACATC	12	8463	8474	ACCACCTTCTTC	6552	6563	2	10
8472	A	ACCACCTACATC	12	8463	8474	TCCACCTCCATC	14050	14061	2	10
8472	A	CCACCTACATC	11	8464	8474	CCACCTCCATC	14051	14061	1	10
8472	A	ATCCCTCACCA	11	8472	8482	ATCCCGCACAA	16423	16433	2	9
8472	A	CATCCCTCACC	11	8471	8481	CAACCCTGACC	14272	14282	2	9
8472	A	CATCCCTCACC	11	8471	8481	CATCACACACC	13929	13939	2	9
8472	A	CATCCCTCACC	11	8471	8481	CAAGCCTCACC	12959	12969	2	9
8472	A	CATCCCTCACC	11	8471	8481	TATCCCTCAAC	12099	12109	2	9
8472	A	CATCCCTCACC	11	8471	8481	CATCCCTCTAC	10867	10877	2	9
8472	A	ATCCCTCACCA	11	8472	8482	ACCCCTCACAA	10978	10988	2	9
8472	A	ATCCCTCACCA	11	8472	8482	ATCCCTCAACC	12100	12110	2	9
8472	A	ACATCCCTCAC	11	8470	8480	ACACCCCCCAC	565	575	2	9
8472	A	ATCCCTCACCA	11	8472	8482	ATTCCTCATCA	8425	8435	2	9
8472	A	ATCCCTCACCA	11	8472	8482	CACCCTCACCA	4011	4021	2	9
8472	A	ATCCCTCACCA	11	8472	8482	AGCTCTCACCA	3537	3547	2	9
8472	A	CTACATCCCT	10	8468	8477	CTACAACCCT	3442	3451	1	9
8472	A	ATCCCTCACC	10	8472	8481	ATCCCTCAAC	12100	12109	1	9
8472	A	CATCCCTCACC	11	8471	8481	CAACCCTCAAC	16218	16228	2	9
8472	A	ACATCCCTCAC	11	8470	8480	ACTTTCCTCAC	9843	9853	2	9
8472	A	ACCTACATCCC	11	8466	8476	ACCTATCTCCC	5480	5490	2	9
8472	A	ACCACCTACAT	11	8463	8473	ACTACGTACAT	10732	10742	2	9
8472	A	ACCACCTACAT	11	8463	8473	AACTCCTACAT	7940	7950	2	9
8472	A	CCACCTACATC	11	8464	8474	CCACCTCAATC	5365	5375	2	9
8472	A	CACCTACATCC	11	8465	8475	CACATACTTCC	11197	11207	2	9
8472	A	CACCTACATCC	11	8465	8475	CTCCTACATAC	7942	7952	2	9
8472	A	CACCTACATCC	11	8465	8475	CACCTACGTTC	164	174	2	9
8472	A	ACCTACATCCC	11	8466	8476	CCCTATATCCC	10184	10194	2	9
8472	A	CCTACATCCCT	11	8467	8477	GCTACCTCCCT	13579	13589	2	9
8472	A	ACATCCCTCAC	11	8470	8480	ACAGCCCTCGC	13801	13811	2	9
8472	A	CCTACATCCCT	11	8467	8477	CGTACAACCCT	5053	5063	2	9
8472	A	CCTACATCCCT	11	8467	8477	ACTACAACCCT	3441	3451	2	9
8472	A	CTACATCCCTC	11	8468	8478	CATCATCCCTC	10864	10874	2	9
8472	A	CTACATCCCTC	11	8468	8478	CTACAACCCTT	3442	3452	2	9
8472	A	TACATCCCTCA	11	8469	8479	TAAAACCCTCA	12036	12046	2	9
8472	A	TACATCCCTCA	11	8469	8479	TACTTCCCCCA	7950	7960	2	9
8472	A	ACATCCCTCAC	11	8470	8480	ATATCCCGCAC	16421	16431	2	9
8472	A	ATCCCTCACCA	11	8472	8482	AACCCTCAACA	10610	10620	2	9
8472	A	ATCCCTCACC	10	8472	8481	ACCACTCACC	4188	4197	2	8
8472	A	CCACCTACA	9	8464	8472	CCACCTCCA	8621	8629	1	8
8472	A	CCACCTACA	9	8464	8472	CCACCTACT	9027	9035	1	8
8472	A	ATCCCTCACC	10	8472	8481	ATCTATCACC	2274	2283	2	8
8472	A	ATCCCTCACC	10	8472	8481	ATCGCTCACA	10534	10543	2	8
8472	A	ATCCCTCACC	10	8472	8481	ATCTCGCACC	5159	5168	2	8
8472	A	ATCCCTCACC	10	8472	8481	TTACCTCACC	5887	5896	2	8
8472	A	ATCCCTCACC	10	8472	8481	ATCCCTCCCT	7860	7869	2	8
8472	A	CTACATCCC	9	8468	8476	CTAAATCCC	9576	9584	1	8
8472	A	CCTACATCC	9	8467	8475	CTTACATCC	11720	11728	1	8
8472	A	CATCCCTCA	9	8471	8479	CATCCCTGA	4351	4359	1	8
8472	A	CTACATCCC	9	8468	8476	CTACTTCCC	7620	7628	1	8
8472	A	CTACATCCC	9	8468	8476	CTACATCAC	3516	3524	1	8
8472	A	CTACATCCC	9	8468	8476	CTAAATCCC	2070	2078	1	8
8472	A	TACATCCCT	9	8469	8477	TTCATCCCT	12601	12609	1	8
8472	A	ACATCCCTC	9	8470	8478	TCATCCCTC	10326	10334	1	8
8472	A	ACATCCCTC	9	8470	8478	ATATCCCTC	1186	1194	1	8
8472	A	CATCCCTCA	9	8471	8479	CATGCCTCA	14429	14437	1	8
8472	A	CATCCCTCA	9	8471	8479	CATCCCTCT	10327	10335	1	8
8472	A	ATCCCTCAC	9	8472	8480	ATCCCTCCC	7860	7868	1	8
8472	A	CATCCCTC	8	8471	8478	CATCCCTC	10327	10334	0	8
8472	A	ATCCCTCACC	10	8472	8481	ATCAATCACC	9632	9641	2	8
8472	A	TACATCCCTC	10	8469	8478	CATATCCCTC	1185	1194	2	8
8472	A	ATCCCTCACC	10	8472	8481	ATCACTCTCC	11930	11939	2	8
8472	A	CACCTACATC	10	8465	8474	CACAGACATC	271	280	2	8
8472	A	ACCTACATCC	10	8466	8475	TCCTACCTCC	14371	14380	2	8
8472	A	ACCTACATCC	10	8466	8475	GCTTACATCC	11719	11728	2	8
8472	A	ACCTACATCC	10	8466	8475	ACCCACACCC	3203	3212	2	8
8472	A	CCTACATCCC	10	8467	8476	CCGCCATCCC	15198	15207	2	8
8472	A	CCTACATCCC	10	8467	8476	CCAACATCTC	14820	14829	2	8
8472	A	CCTACATCCC	10	8467	8476	CCCGCATCCC	13756	13765	2	8
8472	A	CCTACATCCC	10	8467	8476	CCTACACTCC	12906	12915	2	8
8472	A	CCTACATCCC	10	8467	8476	CCTAATTCCC	12378	12387	2	8
8472	A	CCTACATCCC	10	8467	8476	CTTACATCCT	11720	11729	2	8
8472	A	CCTACATCCC	10	8467	8476	CCTAAAGCCC	11408	11417	2	8
8472	A	CCTACATCCC	10	8467	8476	GCTAAATCCC	9575	9584	2	8
8472	A	CCTACATCCC	10	8467	8476	CCTACCCCCC	9528	9537	2	8
8472	A	CCTACATCCC	10	8467	8476	GCTACTTCCC	7619	7628	2	8
8472	A	CCTACATCCC	10	8467	8476	CCTACTTCTC	6482	6491	2	8
8472	A	CCTACATCCC	10	8467	8476	TCTACATCAC	3515	3524	2	8
8472	A	CCTACATCCC	10	8467	8476	CCTAAAACCC	3486	3495	2	8
8472	A	CCTACATCCC	10	8467	8476	CCTACTTCAC	3148	3157	2	8
8472	A	CCTACATCCC	10	8467	8476	TCTAAATCCC	2069	2078	2	8
8472	A	CCTACATCCC	10	8467	8476	CCTATATACC	1253	1262	2	8
8472	A	ACCTACATCC	10	8466	8475	ACCACCATCC	16399	16408	2	8
8472	A	CACCTACATC	10	8465	8474	CATCTACAAC	6059	6068	2	8
8472	A	CTACATCCCT	10	8468	8477	ATTCATCCCT	12600	12609	2	8
8472	A	CACCTACATC	10	8465	8474	CCCCGACATC	12109	12118	2	8
8472	A	ACCACCTACA	10	8463	8472	ACCACCTGTA	16146	16155	2	8
8472	A	ACCACCTACA	10	8463	8472	ACCAACCACA	13295	13304	2	8
8472	A	ACCACCTACA	10	8463	8472	CCCTCCTACA	9727	9736	2	8
8472	A	ACCACCTACA	10	8463	8472	GCCACCTACT	9026	9035	2	8
8472	A	ACCACCTACA	10	8463	8472	CCCACCTCCA	8620	8629	2	8
8472	A	ACCACCTACA	10	8463	8472	ACCACTTTCA	8129	8138	2	8
8472	A	ACCACCTACA	10	8463	8472	ACCTCCTACT	3320	3329	2	8
8472	A	ACCACCTACA	10	8463	8472	ACTACCTAAA	2220	2229	2	8
8472	A	ACCACCTACA	10	8463	8472	ACCCCCCACA	567	576	2	8
8472	A	CCACCTACAT	10	8464	8473	CCCCCTAAAT	14489	14498	2	8
8472	A	CCACCTACAT	10	8464	8473	CCACCTTTAT	12461	12470	2	8
8472	A	CCACCTACAT	10	8464	8473	CCCTCTACAT	11979	11988	2	8
8472	A	CCACCTACAT	10	8464	8473	CCACCTACTC	9027	9036	2	8
8472	A	CCACCTACAT	10	8464	8473	CCACCTCCAA	8621	8630	2	8
8472	A	CCACCTACAT	10	8464	8473	CCAACTAAAT	8371	8380	2	8
8472	A	CCACCTACAT	10	8464	8473	CCACCATCAT	5305	5314	2	8
8472	A	CCACCTACAT	10	8464	8473	GCACCTACGT	163	172	2	8
8472	A	CACCTACATC	10	8465	8474	CGCCCACATC	14944	14953	2	8
8472	A	CACCTACATC	10	8465	8474	CACCCACAGC	14356	14365	2	8
8472	A	CTACATCCCT	10	8468	8477	CTCCACCCCT	13021	13030	2	8
8472	A	CTACATCCCT	10	8468	8477	CTACCTCTCT	11041	11050	2	8
8472	A	ATCCCTCACC	10	8472	8481	CTCACTCACC	12010	12019	2	8
8472	A	ACATCCCTCA	10	8470	8479	ATAACCCTCA	10608	10617	2	8
8472	A	ACATCCCTCA	10	8470	8479	AAAGCCCTCA	5546	5555	2	8
8472	A	ACATCCCTCA	10	8470	8479	CCATCCCTGA	4350	4359	2	8
8472	A	ACATCCCTCA	10	8470	8479	ATATCCCTCT	1186	1195	2	8
8472	A	CATCCCTCAC	10	8471	8480	CGTCCCTAAC	15595	15604	2	8
8472	A	CATCCCTCAC	10	8471	8480	CCACCCTCAC	15264	15273	2	8
8472	A	CATCCCTCAC	10	8471	8480	CATCCCATAC	15202	15211	2	8
8472	A	CATCCCTCAC	10	8471	8480	CATGCCTCAG	14429	14438	2	8
8472	A	CATCCCTCAC	10	8471	8480	CTTTCCTCAC	13487	13496	2	8
8472	A	CATCCCTCAC	10	8471	8480	CATACCTCTC	13431	13440	2	8
8472	A	CATCCCTCAC	10	8471	8480	CACCCCTGAC	13024	13033	2	8
8472	A	CATCCCTCAC	10	8471	8480	TACCCCTCAC	10977	10986	2	8
8472	A	CATCCCTCAC	10	8471	8480	CATCCCTCTT	10327	10336	2	8
8472	A	CATCCCTCAC	10	8471	8480	CACCCCTTAC	10160	10169	2	8
8472	A	CATCCCTCAC	10	8471	8480	CCTGCCTCAC	8787	8796	2	8
8472	A	CATCCCTCAC	10	8471	8480	GATCCCTCCC	7859	7868	2	8
8472	A	CATCCCTCAC	10	8471	8480	CATCCTTTAC	7831	7840	2	8
8472	A	CATCCCTCAC	10	8471	8480	TCTCCCTCAC	4905	4914	2	8
8472	A	ATCCCTCACC	10	8472	8481	ACCCCTGACC	14417	14426	2	8
8472	A	ATCCCTCACC	10	8472	8481	ACCCCTCTCC	14280	14289	2	8
8472	A	ACATCCCTCA	10	8470	8479	TCATCCCTCT	10326	10335	2	8
8472	A	ACATCCCTCA	10	8470	8479	TCATCCCTCT	10866	10875	2	8
8472	A	CTACATCCCT	10	8468	8477	CTAAATCCCC	9576	9585	2	8
8472	A	ACATCCCTCA	10	8470	8479	AAATCGCTCA	11606	11615	2	8
8472	A	CTACATCCCT	10	8468	8477	CTACATCACC	3516	3525	2	8
8472	A	CTACATCCCT	10	8468	8477	CTAAATCCCC	2070	2079	2	8
8472	A	TACATCCCTC	10	8469	8478	AACACCCCTC	15533	15542	2	8
8472	A	TACATCCCTC	10	8469	8478	CACAGCCCTC	13800	13809	2	8
8472	A	TACATCCCTC	10	8469	8478	TATATCCTTC	12783	12792	2	8
8472	A	TACATCCCTC	10	8469	8478	TTCATCCCTG	12601	12610	2	8
8472	A	TACATCCCTC	10	8469	8478	TACCACCCTC	12396	12405	2	8
8472	A	TACATCCCTC	10	8469	8478	GTCATCCCTC	10325	10334	2	8
8472	A	TACATCCCTC	10	8469	8478	TACAACCCCC	489	498	2	8
8472	A	ACATCCCTCA	10	8470	8479	ACCCCCCTCA	16374	16383	2	8
8472	A	ACATCCCTCA	10	8470	8479	TCAACCCTCA	16217	16226	2	8
8472	A	ACATCCCTCA	10	8470	8479	ACAGCCTTCA	15122	15131	2	8
8472	A	ACATCCCTCA	10	8470	8479	ACATCACTCG	14949	14958	2	8
8472	A	ACATCCCTCA	10	8470	8479	ACCTCCCCCA	14527	14536	2	8
8472	A	ACATCCCTCA	10	8470	8479	ACAACCATCA	14477	14486	2	8
8472	A	ACATCCCTCA	10	8470	8479	CCATGCCTCA	14428	14437	2	8
8472	A	ACATCCCTCA	10	8470	8479	ACTCCCCTCA	13032	13041	2	8
8472	A	ACATCCCTCA	10	8470	8479	ACTTCCCTAA	12373	12382	2	8
8472	A	ACATCCCTCA	10	8470	8479	CTATCCCTCA	12098	12107	2	8
8472	A	CTACATCCCT	10	8468	8477	CTACTTCCCC	7620	7629	2	8
8472	A	CATCCCTCAC	10	8471	8480	CATCCCTGAG	4351	4360	2	8
8472	A	CTACATCC	8	8468	8475	CTTCATCC	9860	9867	1	7
8472	A	CTACATCC	8	8468	8475	CTACACCC	11212	11219	1	7
8472	A	CTACATCC	8	8468	8475	TTACATCC	9886	9893	1	7
8472	A	TACATCCC	8	8469	8476	TACATCAC	8047	8054	1	7
8472	A	CTACATCC	8	8468	8475	CTAAATCC	7567	7574	1	7
8472	A	CTACATCC	8	8468	8475	CTACACCC	7109	7116	1	7
8472	A	TACATCCC	8	8469	8476	TACATCCA	9887	9894	1	7
8472	A	CTACATCC	8	8468	8475	CTACAACC	14688	14695	1	7
8472	A	CCTACATC	8	8467	8474	CCGACATC	16494	16501	1	7
8472	A	CCTACATC	8	8467	8474	CCTACTTC	4095	4102	1	7
8472	A	CCTACATC	8	8467	8474	CATACATC	14664	14671	1	7
8472	A	CCTACATC	8	8467	8474	CCCACATC	15543	15550	1	7
8472	A	CCTACATC	8	8467	8474	CCTACTTC	16507	16514	1	7
8472	A	ACCTACAT	8	8466	8473	ACCTGCAT	2792	2799	1	7
8472	A	ACCTACAT	8	8466	8473	ACCCACAT	5022	5029	1	7
8472	A	CACCTACA	8	8465	8472	CACCAACA	14184	14191	1	7
8472	A	CACCTACA	8	8465	8472	CAACTACA	14730	14737	1	7
8472	A	ACATCCCT	8	8470	8477	AAATCCCT	16349	16356	1	7
8472	A	TACATCCC	8	8469	8476	GACATCCC	3002	3009	1	7
8472	A	CATCCCTC	8	8471	8478	CATCCCCC	13760	13767	1	7
8472	A	ACATCCCT	8	8470	8477	ACAGCCCT	13834	13841	1	7
8472	A	CATCCCTC	8	8471	8478	CATCCCTA	7821	7828	1	7
8472	A	CATCCCT	7	8471	8477	CATCCCT	7821	7827	0	7
8472	A	ACATCCC	7	8470	8476	ACATCCC	3003	3009	0	7
8472	A	TACATCC	7	8469	8475	TACATCC	9887	9893	0	7
8472	A	ATCCCTCA	8	8472	8479	ATCCATCA	4949	4956	1	7
8472	A	ATCCCTCA	8	8472	8479	ATCCCCCA	12082	12089	1	7
8472	A	CATCCCTC	8	8471	8478	CATCGCTC	3546	3553	1	7
8472	A	CATCCCTC	8	8471	8478	CACCCCTC	4832	4839	1	7
8472	A	CATCCCTC	8	8471	8478	CTTCCCTC	9082	9089	1	7
8472	A	ACATCCCT	8	8470	8477	ACAGCCCT	11966	11973	1	7
8472	A	ACATCCCT	8	8470	8477	ACATCTCT	339	346	1	7
8472	A	ACATCCCT	8	8470	8477	ACATCCCG	3003	3010	1	7
8472	A	ACATCCCT	8	8470	8477	ACCTCCCT	4105	4112	1	7
8472	A	ACATCCCT	8	8470	8477	CCATCCCT	7820	7827	1	7
8472	A	ACATCCCT	8	8470	8477	ACATGCCT	9221	9228	1	7
8472	A	ACATCCCT	8	8470	8477	ACATCCGT	9606	9613	1	7
8472	A	ACATCCCT	8	8470	8477	ACATCACT	9896	9903	1	7
8472	A	CACCTACA	8	8465	8472	CGCCTACA	15574	15581	1	7
8472	A	CATCCCTC	8	8471	8478	CAGCCCTC	9274	9281	1	7
8472	A	CTACATC	7	8468	8474	CCACATC	13515	13521	1	6
8472	A	CTACATC	7	8468	8474	CCACATC	16173	16179	1	6
8472	A	CCTACAT	7	8467	8473	GCTACAT	1362	1368	1	6
8472	A	CCTACAT	7	8467	8473	CCTACGT	3056	3062	1	6
8472	A	CCTACAT	7	8467	8473	CCTACCT	5477	5483	1	6
8472	A	CCTACAT	7	8467	8473	CCTCCAT	7366	7372	1	6
8472	A	CCTACAT	7	8467	8473	CCTCCAT	7499	7505	1	6
8472	A	CCTACAT	7	8467	8473	CCTATAT	7573	7579	1	6
8472	A	CCTACAT	7	8467	8473	CCCACAT	8081	8087	1	6
8472	A	CCTACAT	7	8467	8473	CCTACGT	9158	9164	1	6
8472	A	CCTACAT	7	8467	8473	GCTACAT	10144	10150	1	6
8472	A	CCTACAT	7	8467	8473	CCTACAA	10292	10298	1	6
8472	A	CCTACAT	7	8467	8473	CCTACAA	11062	11068	1	6
8472	A	CCTACAT	7	8467	8473	CCTACTT	11938	11944	1	6
8472	A	CCTACAT	7	8467	8473	CCAACAT	13904	13910	1	6
8472	A	CCTACAT	7	8467	8473	CCTTCAT	14288	14294	1	6
8472	A	CCTACAT	7	8467	8473	CCTACAC	14309	14315	1	6
8472	A	CCTACAT	7	8467	8473	CCTACAC	15031	15037	1	6
8472	A	CTACATC	7	8468	8474	CTTCATC	15292	15298	1	6
8472	A	CTACATC	7	8468	8474	CTACTTC	12585	12591	1	6
8472	A	ATCCCT	6	8472	8477	ATCCCT	11551	11556	0	6
8472	A	CTACATC	7	8468	8474	CTACATA	11983	11989	1	6
8472	A	TACATCC	7	8469	8475	TACTTCC	14095	14101	1	6
8472	A	TACATCC	7	8469	8475	TATATCC	14466	14472	1	6
8472	A	TACATCC	7	8469	8475	TACATCA	14666	14672	1	6
8472	A	TACATCC	7	8469	8475	TCCATCC	15635	15641	1	6
8472	A	TACATCC	7	8469	8475	TATATCC	15670	15676	1	6
8472	A	CTACATC	7	8468	8474	CTAAATC	728	734	1	6
8472	A	CTACATC	7	8468	8474	CTACATT	1363	1369	1	6
8472	A	CTACATC	7	8468	8474	CCACATC	3497	3503	1	6
8472	A	CTACATC	7	8468	8474	CAACATC	3939	3945	1	6
8472	A	CTACATC	7	8468	8474	CTACTTC	5339	5345	1	6
8472	A	CTACATC	7	8468	8474	CTGCATC	5608	5614	1	6
8472	A	CTACATC	7	8468	8474	CTACTTC	5727	5733	1	6
8472	A	CTACATC	7	8468	8474	CCACATC	6056	6062	1	6
8472	A	CTACATC	7	8468	8474	TTACATC	8046	8052	1	6
8472	A	CTACATC	7	8468	8474	CTCCATC	9968	9974	1	6
8472	A	CTACATC	7	8468	8474	CTACATA	10145	10151	1	6
8472	A	CTACATC	7	8468	8474	CTCCATC	11578	11584	1	6
8472	A	CCTACAT	7	8467	8473	CCTATAT	15049	15055	1	6
8472	A	CCTACAT	7	8467	8473	CCTTCAT	15126	15132	1	6
8472	A	CCTACAT	7	8467	8473	CATACAT	15207	15213	1	6
8472	A	CCTACAT	7	8467	8473	CCTTCAT	15303	15309	1	6
8472	A	ACCTACA	7	8466	8472	ACCTAAA	10744	10750	1	6
8472	A	ACCTACA	7	8466	8472	ACCTACT	10750	10756	1	6
8472	A	ACCTACA	7	8466	8472	CCCTACA	11061	11067	1	6
8472	A	ACCTACA	7	8466	8472	ACCTAAA	11601	11607	1	6
8472	A	ACCTACA	7	8466	8472	ACCTACT	11880	11886	1	6
8472	A	ACCTACA	7	8466	8472	ACTTACA	11941	11947	1	6
8472	A	ACCTACA	7	8466	8472	TCCTACA	12905	12911	1	6
8472	A	ACCTACA	7	8466	8472	ACCCACA	12926	12932	1	6
8472	A	ACCTACA	7	8466	8472	ACCTAAA	13790	13796	1	6
8472	A	ACCTACA	7	8466	8472	ACCAACA	13858	13864	1	6
8472	A	ACCTACA	7	8466	8472	ACCTAAA	14022	14028	1	6
8472	A	ACCTACA	7	8466	8472	TCCTACA	14308	14314	1	6
8472	A	ACCTACA	7	8466	8472	ACCCACA	14641	14647	1	6
8472	A	ACCTACA	7	8466	8472	ACCTTCA	14988	14994	1	6
8472	A	ACCTACA	7	8466	8472	TCCTACA	15030	15036	1	6
8472	A	ACCTACA	7	8466	8472	ACCAACA	16277	16283	1	6
8472	A	ACCTACA	7	8466	8472	ACCTACC	16285	16291	1	6
8472	A	ACCTACA	7	8466	8472	CCCTACA	10291	10297	1	6
8472	A	ACCTACA	7	8466	8472	ACCAACA	9351	9357	1	6
8472	A	ACCTACA	7	8466	8472	ACCTGCA	9188	9194	1	6
8472	A	ACCTACA	7	8466	8472	ATCTACA	2384	2390	1	6
8472	A	CCTACAT	7	8467	8473	CCTACAC	15576	15582	1	6
8472	A	CCTACAT	7	8467	8473	CCTCCAT	15664	15670	1	6
8472	A	CCTACAT	7	8467	8473	CGTACAT	16095	16101	1	6
8472	A	CCTACAT	7	8467	8473	CGTACAT	16328	16334	1	6
8472	A	CCTACAT	7	8467	8473	CCTAAAT	16527	16533	1	6
8472	A	ACCTACA	7	8466	8472	ACTTACA	1630	1636	1	6
8472	A	ACCTACA	7	8466	8472	ACCTACC	1995	2001	1	6
8472	A	ACCTACA	7	8466	8472	ACCAACA	2395	2401	1	6
8472	A	ACCTACA	7	8466	8472	ACCAACA	8344	8350	1	6
8472	A	ACCTACA	7	8466	8472	ACCCACA	2769	2775	1	6
8472	A	ACCTACA	7	8466	8472	ACCTACG	5347	5353	1	6
8472	A	ACCTACA	7	8466	8472	ACATACA	5423	5429	1	6
8472	A	ACCTACA	7	8466	8472	ACCCACA	5676	5682	1	6
8472	A	ACCTACA	7	8466	8472	ACCAACA	6595	6601	1	6
8472	A	ACCTACA	7	8466	8472	ACCTACG	7125	7131	1	6
8472	A	ACCTACA	7	8466	8472	ACCTACG	7904	7910	1	6
8472	A	TACATCC	7	8469	8475	TTCATCC	12880	12886	1	6
8472	A	TACATCC	7	8469	8475	TACAACC	12856	12862	1	6
8472	A	TACATCC	7	8469	8475	CACATCC	9605	9611	1	6
8472	A	CATCCCT	7	8471	8477	CATCACT	6985	6991	1	6
8472	A	ATCCCTC	7	8472	8478	CTCCCTC	10625	10631	1	6
8472	A	ATCCCTC	7	8472	8478	ATACCTC	11378	11384	1	6
8472	A	ATCCCTC	7	8472	8478	ATCCCTA	11551	11557	1	6
8472	A	ATCCCTC	7	8472	8478	AGCCCTC	11641	11647	1	6
8472	A	ATCCCTC	7	8472	8478	CTCCCTC	11977	11983	1	6
8472	A	ATCCCTC	7	8472	8478	ATCCCCC	13780	13786	1	6
8472	A	ATCCCTC	7	8472	8478	ATCCGTC	15592	15598	1	6
8472	A	ATCCCTC	7	8472	8478	ATCCATC	15634	15640	1	6
8472	A	ATCCCTC	7	8472	8478	ATCCCTT	16351	16357	1	6
8472	A	CATCCCT	7	8471	8477	CATCCCC	702	708	1	6
8472	A	CATCCCT	7	8471	8477	CCTCCCT	3116	3122	1	6
8472	A	CATCCCT	7	8471	8477	CATTCCT	3359	3365	1	6
8472	A	CATCCCT	7	8471	8477	CATCCAT	4666	4672	1	6
8472	A	CATCCCT	7	8471	8477	CATTCCT	5113	5119	1	6
8472	A	CATCCCT	7	8471	8477	CATCCCC	5300	5306	1	6
8472	A	CATCCCT	7	8471	8477	CCTCCCT	6291	6297	1	6
8472	A	CATCCCT	7	8471	8477	CATCACT	6518	6524	1	6
8472	A	ATCCCTC	7	8472	8478	AACCCTC	7363	7369	1	6
8472	A	ATCCCTC	7	8472	8478	ATCTCTC	6494	6500	1	6
8472	A	ATCCCTC	7	8472	8478	ATCCGTC	6461	6467	1	6
8472	A	CCTACA	6	8467	8472	CCTACA	10292	10297	0	6
8472	A	CATCCC	6	8471	8476	CATCCC	702	707	0	6
8472	A	CATCCC	6	8471	8476	CATCCC	5300	5305	0	6
8472	A	CATCCC	6	8471	8476	CATCCC	8841	8846	0	6
8472	A	ACATCC	6	8470	8475	ACATCC	4842	4847	0	6
8472	A	ACATCC	6	8470	8475	ACATCC	7255	7260	0	6
8472	A	CTACAT	6	8468	8473	CTACAT	1363	1368	0	6
8472	A	CTACAT	6	8468	8473	CTACAT	10145	10150	0	6
8472	A	ATCCCTC	7	8472	8478	ATCTCTC	4902	4908	1	6
8472	A	CCTACA	6	8467	8472	CCTACA	14309	14314	0	6
8472	A	CCTACA	6	8467	8472	CCTACA	15031	15036	0	6
8472	A	ATCCCTC	7	8472	8478	AACCCTC	2064	2070	1	6
8472	A	ATCCCTC	7	8472	8478	ATTCCTC	3113	3119	1	6
8472	A	ATCCCTC	7	8472	8478	ATTCCTC	3289	3295	1	6
8472	A	ATCCCTC	7	8472	8478	AACCCTC	4614	4620	1	6
8472	A	ATCCCTC	7	8472	8478	ATCCTTC	4674	4680	1	6
8472	A	CATCCCT	7	8471	8477	CATCGCT	6836	6842	1	6
8472	A	CATCCCT	7	8471	8477	CATCCCC	8841	8847	1	6
8472	A	TACATCC	7	8469	8475	AACATCC	7254	7260	1	6
8472	A	CATCCCT	7	8471	8477	CGTCCCT	10202	10208	1	6
8472	A	ACATCCC	7	8470	8476	ACAGCCC	6078	6084	1	6
8472	A	ACATCCC	7	8470	8476	ACATCCT	7255	7261	1	6
8472	A	ACATCCC	7	8470	8476	ACATCTC	7746	7752	1	6
8472	A	ACATCCC	7	8470	8476	CCATCCC	8840	8846	1	6
8472	A	ACATCCC	7	8470	8476	ACATACC	9402	9408	1	6
8472	A	ACATCCC	7	8470	8476	ACAACCC	10943	10949	1	6
8472	A	ACATCCC	7	8470	8476	ACAACCC	12544	12550	1	6
8472	A	ACATCCC	7	8470	8476	ACAACCC	12553	12559	1	6
8472	A	ACATCCC	7	8470	8476	AAATCCC	13876	13882	1	6
8472	A	ACATCCC	7	8470	8476	ACCTCCC	14805	14811	1	6
8472	A	ACATCCC	7	8470	8476	ACAACCC	15363	15369	1	6
8472	A	ACATCCC	7	8470	8476	ACCTCCC	15380	15386	1	6
8472	A	ACATCCC	7	8470	8476	ACATCAC	16559	16565	1	6
8472	A	TACATCC	7	8469	8475	TACCTCC	589	595	1	6
8472	A	TACATCC	7	8469	8475	TACATGC	2850	2856	1	6
8472	A	TACATCC	7	8469	8475	GACATCC	4841	4847	1	6
8472	A	TACATCC	7	8469	8475	TCCATCC	5201	5207	1	6
8472	A	ACATCCC	7	8470	8476	TCATCCC	5299	5305	1	6
8472	A	ACATCCC	7	8470	8476	ACATCCG	4842	4848	1	6
8472	A	ACATCCC	7	8470	8476	ACACCCC	4388	4394	1	6
8472	A	CATCCCT	7	8471	8477	CATCGCT	14455	14461	1	6
8472	A	CATCCCT	7	8471	8477	CCTCCCT	10552	10558	1	6
8472	A	CATCCCT	7	8471	8477	CATCGCT	11431	11437	1	6
8472	A	CATCCCT	7	8471	8477	TATCCCT	11550	11556	1	6
8472	A	CATCCCT	7	8471	8477	CATCCTT	12390	12396	1	6
8472	A	CATCCCT	7	8471	8477	CAGCCCT	13067	13073	1	6
8472	A	CATCCCT	7	8471	8477	CATTCCT	13310	13316	1	6
8472	A	CATCCCT	7	8471	8477	CATCGCT	13575	13581	1	6
8472	A	CATCCCT	7	8471	8477	CAGCCCT	15315	15321	1	6
8472	A	ACATCCC	7	8470	8476	ACATACC	3305	3311	1	6
8472	A	CATCCCT	7	8471	8477	CATCCGT	15807	15813	1	6
8472	A	ACATCCC	7	8470	8476	ACATCAC	631	637	1	6
8472	A	ACATCCC	7	8470	8476	GCATCCC	701	707	1	6
8472	A	ACATCCC	7	8470	8476	ACACCCC	799	805	1	6
8472	A	ACATCCC	7	8470	8476	AAATCCC	2230	2236	1	6
8472	A	ACATCCC	7	8470	8476	ACAGCCC	2374	2380	1	6
8472	A	ACATCCC	7	8470	8476	ACATCAC	2507	2513	1	6
8472	A	CCTACA	6	8467	8472	CCTACA	11062	11067	0	6
8472	A	TACAT	5	8469	8473	TACAT	16311	16315	0	5
8472	A	ACATC	5	8470	8474	ACATC	15087	15091	0	5
8472	A	ACATC	5	8470	8474	ACATC	16235	16239	0	5
8472	A	TACAT	5	8469	8473	TACAT	6711	6715	0	5
8472	A	TACAT	5	8469	8473	TACAT	7431	7435	0	5
8472	A	TACAT	5	8469	8473	TACAT	7838	7842	0	5
8472	A	TACAT	5	8469	8473	TACAT	10118	10122	0	5
8472	A	TACAT	5	8469	8473	TACAT	10482	10486	0	5
8472	A	TACAT	5	8469	8473	TACAT	12624	12628	0	5
8472	A	TACAT	5	8469	8473	TACAT	16157	16161	0	5
8472	A	TACAT	5	8469	8473	TACAT	16304	16308	0	5
8472	A	CTACA	5	8468	8472	CTACA	1290	1294	0	5
8472	A	ATCCC	5	8472	8476	ATCCC	4474	4478	0	5
8472	A	CTACA	5	8468	8472	CTACA	4022	4026	0	5
8472	A	CTACA	5	8468	8472	CTACA	4068	4072	0	5
8472	A	CTACA	5	8468	8472	CTACA	5929	5933	0	5
8472	A	CTACA	5	8468	8472	CTACA	7610	7614	0	5
8472	A	CTACA	5	8468	8472	CTACA	8142	8146	0	5
8472	A	CTACA	5	8468	8472	CTACA	9089	9093	0	5
8472	A	CTACA	5	8468	8472	CTACA	10377	10381	0	5
8472	A	CTACA	5	8468	8472	CTACA	15415	15419	0	5
8472	A	ATCCCT	6	8472	8477	ATTCCT	137	142	1	5
8472	A	ACATC	5	8470	8474	ACATC	15036	15040	0	5
8472	A	ACATC	5	8470	8474	ACATC	13319	13323	0	5
8472	A	ACATC	5	8470	8474	ACATC	13226	13230	0	5
8472	A	ACATC	5	8470	8474	ACATC	12158	12162	0	5
8472	A	ATCCC	5	8472	8476	ATCCC	6843	6847	0	5
8472	A	ATCCC	5	8472	8476	ATCCC	8617	8621	0	5
8472	A	ATCCC	5	8472	8476	ATCCC	8938	8942	0	5
8472	A	ATCCC	5	8472	8476	ATCCC	11138	11142	0	5
8472	A	ATCCC	5	8472	8476	ATCCC	13945	13949	0	5
8472	A	ATCCC	5	8472	8476	ATCCC	15656	15660	0	5
8472	A	CATCC	5	8471	8475	CATCC	147	151	0	5
8472	A	CATCC	5	8471	8475	CATCC	502	506	0	5
8472	A	CATCC	5	8471	8475	CATCC	4394	4398	0	5
8472	A	CATCC	5	8471	8475	CATCC	7798	7802	0	5
8472	A	CATCC	5	8471	8475	CATCC	10346	10350	0	5
8472	A	CATCC	5	8471	8475	CATCC	11665	11669	0	5
8472	A	CATCC	5	8471	8475	CATCC	12458	12462	0	5
8472	A	CATCC	5	8471	8475	CATCC	13116	13120	0	5
8472	A	CATCC	5	8471	8475	CATCC	13374	13378	0	5
8472	A	CATCC	5	8471	8475	CATCC	14121	14125	0	5
8472	A	CATCC	5	8471	8475	CATCC	14817	14821	0	5
8472	A	CATCC	5	8471	8475	CATCC	14980	14984	0	5
8472	A	CATCC	5	8471	8475	CATCC	15643	15647	0	5
8472	A	CATCC	5	8471	8475	CATCC	15661	15665	0	5
8472	A	ACATC	5	8470	8474	ACATC	6994	6998	0	5
8472	A	ATCCCT	6	8472	8477	AACCCT	367	372	1	5
8472	A	ATCCCT	6	8472	8477	AGCCCT	1096	1101	1	5
8472	A	ATCCCT	6	8472	8477	AACCCT	1276	1281	1	5
8472	A	CTACAT	6	8468	8473	CTTCAT	1182	1187	1	5
8472	A	CTACAT	6	8468	8473	CTACAA	4022	4027	1	5
8472	A	CTACAT	6	8468	8473	CTTCAT	3975	3980	1	5
8472	A	CTACAT	6	8468	8473	CAACAT	3761	3766	1	5
8472	A	CTACAT	6	8468	8473	CTATAT	3393	3398	1	5
8472	A	CTACAT	6	8468	8473	CAACAT	3303	3308	1	5
8472	A	CTACAT	6	8468	8473	CTACNT	3103	3108	1	5
8472	A	CTACAT	6	8468	8473	GTACAT	2849	2854	1	5
8472	A	CTACAT	6	8468	8473	CTACAA	2386	2391	1	5
8472	A	CTACAT	6	8468	8473	CTACCT	1919	1924	1	5
8472	A	CTACAT	6	8468	8473	CTGCAT	1849	1854	1	5
8472	A	CTACAT	6	8468	8473	CTACAA	1290	1295	1	5
8472	A	CTACAT	6	8468	8473	CTCCAT	41	46	1	5
8472	A	CTACAT	6	8468	8473	TTACAT	10481	10486	1	5
8472	A	TACATC	6	8469	8474	GACATC	16558	16563	1	5
8472	A	TACATC	6	8469	8474	TACATA	16330	16335	1	5
8472	A	TACATC	6	8469	8474	TACATA	16311	16316	1	5
8472	A	TACATC	6	8469	8474	TACATA	16304	16309	1	5
8472	A	TACATC	6	8469	8474	CACATC	16234	16239	1	5
8472	A	TACATC	6	8469	8474	TACAGC	16209	16214	1	5
8472	A	TACATC	6	8469	8474	TACATA	16157	16162	1	5
8472	A	TACATC	6	8469	8474	TACATT	16097	16102	1	5
8472	A	TACATC	6	8469	8474	TACACC	15908	15913	1	5
8472	A	TACATC	6	8469	8474	TACTTC	15818	15823	1	5
8472	A	TACATC	6	8469	8474	TACTTC	15441	15446	1	5
8472	A	CTACAT	6	8468	8473	CAACAT	4040	4045	1	5
8472	A	CTACAT	6	8468	8473	CTACAC	4068	4073	1	5
8472	A	CTACAT	6	8468	8473	CAACAT	4073	4078	1	5
8472	A	CTACAT	6	8468	8473	CTCCAT	4221	4226	1	5
8472	A	CTACAT	6	8468	8473	CTCCAT	10211	10216	1	5
8472	A	CTACAT	6	8468	8473	TTACAT	10117	10122	1	5
8472	A	CTACAT	6	8468	8473	CAACAT	10040	10045	1	5
8472	A	CTACAT	6	8468	8473	CAACAT	9790	9795	1	5
8472	A	CTACAT	6	8468	8473	CTCCAT	9320	9325	1	5
8472	A	CTACAT	6	8468	8473	CTACCT	9186	9191	1	5
8472	A	CTACAT	6	8468	8473	CTACAC	9089	9094	1	5
8472	A	CTACAT	6	8468	8473	CTTCAT	8546	8551	1	5
8472	A	CTACAT	6	8468	8473	CTACAC	8142	8147	1	5
8472	A	CTACAT	6	8468	8473	TTACAT	7837	7842	1	5
8472	A	CTACAT	6	8468	8473	CTACAA	7610	7615	1	5
8472	A	CTACAT	6	8468	8473	ATACAT	7430	7435	1	5
8472	A	CTACAT	6	8468	8473	CTATAT	7386	7391	1	5
8472	A	CTACAT	6	8468	8473	CCACAT	7246	7251	1	5
8472	A	CTACAT	6	8468	8473	CTTCAT	7079	7084	1	5
8472	A	CTACAT	6	8468	8473	CTACGT	7016	7021	1	5
8472	A	CTACAT	6	8468	8473	CTACAC	7002	7007	1	5
8472	A	CTACAT	6	8468	8473	ATACAT	6710	6715	1	5
8472	A	CTACAT	6	8468	8473	CAACAT	6197	6202	1	5
8472	A	CTACAT	6	8468	8473	CTTCAT	6104	6109	1	5
8472	A	CTACAT	6	8468	8473	CTACAA	5929	5934	1	5
8472	A	CTACAT	6	8468	8473	CTACCT	5345	5350	1	5
8472	A	CTACAT	6	8468	8473	CTAAAT	4413	4418	1	5
8472	A	TACATC	6	8469	8474	TACATT	15209	15214	1	5
8472	A	TACATC	6	8469	8474	AACATC	15086	15091	1	5
8472	A	TACATC	6	8469	8474	CACATC	15035	15040	1	5
8472	A	TACATC	6	8469	8474	TTCATC	7155	7160	1	5
8472	A	TACATC	6	8469	8474	TTCATC	6933	6938	1	5
8472	A	TACATC	6	8469	8474	TACATA	6711	6716	1	5
8472	A	TACATC	6	8469	8474	TTCATC	6393	6398	1	5
8472	A	TACATC	6	8469	8474	TACACC	6352	6357	1	5
8472	A	TACATC	6	8469	8474	TACACC	4163	4168	1	5
8472	A	TACATC	6	8469	8474	TACAAC	3398	3403	1	5
8472	A	TACATC	6	8469	8474	AACATC	2506	2511	1	5
8472	A	TACATC	6	8469	8474	TACTTC	1506	1511	1	5
8472	A	TACATC	6	8469	8474	TAAATC	1115	1120	1	5
8472	A	TACATC	6	8469	8474	TAGATC	949	954	1	5
8472	A	TACATC	6	8469	8474	CACATC	630	635	1	5
8472	A	TACATC	6	8469	8474	CACATC	338	343	1	5
8472	A	ACATCC	6	8470	8475	ACATCT	16497	16502	1	5
8472	A	ACATCC	6	8470	8475	ACATCA	16235	16240	1	5
8472	A	ACATCC	6	8470	8475	ACATCA	16175	16180	1	5
8472	A	ACATCC	6	8470	8475	ACAACC	16078	16083	1	5
8472	A	ACATCC	6	8470	8475	GCATCC	15806	15811	1	5
8472	A	ACATCC	6	8470	8475	ACAACC	15766	15771	1	5
8472	A	ACATCC	6	8470	8475	ACCTCC	15738	15743	1	5
8472	A	ACATCC	6	8470	8475	CCATCC	15660	15665	1	5
8472	A	ACATCC	6	8470	8475	TCATCC	15642	15647	1	5
8472	A	ACATCC	6	8470	8475	ACATCA	15546	15551	1	5
8472	A	ACATCC	6	8470	8475	ACCTCC	15489	15494	1	5
8472	A	TACATC	6	8469	8474	GACATC	6993	6998	1	5
8472	A	TACATC	6	8469	8474	TAAATC	7165	7170	1	5
8472	A	TACATC	6	8469	8474	TTCATC	14935	14940	1	5
8472	A	TACATC	6	8469	8474	TACACC	7242	7247	1	5
8472	A	TACATC	6	8469	8474	TTCATC	14798	14803	1	5
8472	A	TACATC	6	8469	8474	TACACC	14182	14187	1	5
8472	A	TACATC	6	8469	8474	TCCATC	13369	13374	1	5
8472	A	TACATC	6	8469	8474	CACATC	13318	13323	1	5
8472	A	TACATC	6	8469	8474	GACATC	13225	13230	1	5
8472	A	TACATC	6	8469	8474	TTCATC	12757	12762	1	5
8472	A	TACATC	6	8469	8474	TCCATC	12631	12636	1	5
8472	A	TACATC	6	8469	8474	TACATG	12624	12629	1	5
8472	A	TACATC	6	8469	8474	AACATC	12157	12162	1	5
8472	A	TACATC	6	8469	8474	TACACC	12075	12080	1	5
8472	A	TACATC	6	8469	8474	TATATC	11114	11119	1	5
8472	A	TACATC	6	8469	8474	TACATA	10738	10743	1	5
8472	A	TACATC	6	8469	8474	TACATA	10482	10487	1	5
8472	A	TACATC	6	8469	8474	TACATT	10118	10123	1	5
8472	A	TACATC	6	8469	8474	AACATC	9895	9900	1	5
8472	A	TACATC	6	8469	8474	TACTTC	9747	9752	1	5
8472	A	TACATC	6	8469	8474	TACCTC	9467	9472	1	5
8472	A	TACATC	6	8469	8474	TACACC	8802	8807	1	5
8472	A	TACATC	6	8469	8474	TACACC	7913	7918	1	5
8472	A	TACATC	6	8469	8474	TACATA	7838	7843	1	5
8472	A	TACATC	6	8469	8474	AACATC	7745	7750	1	5
8472	A	TACATC	6	8469	8474	TATATC	7577	7582	1	5
8472	A	TACATC	6	8469	8474	TACATA	7431	7436	1	5
8472	A	CTACAT	6	8468	8473	CTACAA	10377	10382	1	5
8472	A	CTACAT	6	8468	8473	CTACCT	10965	10970	1	5
8472	A	ACATCC	6	8470	8475	ACATCG	15087	15092	1	5
8472	A	CCTACA	6	8467	8472	CCTTCA	9760	9765	1	5
8472	A	CCTACA	6	8467	8472	CCTACT	11236	11241	1	5
8472	A	CCTACA	6	8467	8472	TCTACA	11211	11216	1	5
8472	A	CCTACA	6	8467	8472	CCTACC	10975	10980	1	5
8472	A	CCTACA	6	8467	8472	CCAACA	10778	10783	1	5
8472	A	CCTACA	6	8467	8472	CCTAGA	10727	10732	1	5
8472	A	CCTACA	6	8467	8472	CCAACA	10714	10719	1	5
8472	A	CCTACA	6	8467	8472	CCTACT	10697	10702	1	5
8472	A	CCTACA	6	8467	8472	CCTAGA	10565	10570	1	5
8472	A	CCTACA	6	8467	8472	CCTACT	10556	10561	1	5
8472	A	CCTACA	6	8467	8472	ACTACA	10376	10381	1	5
8472	A	CCTACA	6	8467	8472	CCTACC	10280	10285	1	5
8472	A	CCTACA	6	8467	8472	CCTAAA	9599	9604	1	5
8472	A	CTACAT	6	8468	8473	CCACAT	11635	11640	1	5
8472	A	CCTACA	6	8467	8472	CCTAGA	9584	9589	1	5
8472	A	CCTACA	6	8467	8472	CCAACA	9558	9563	1	5
8472	A	CCTACA	6	8467	8472	CCTACT	9344	9349	1	5
8472	A	CCTACA	6	8467	8472	CCTAGA	9129	9134	1	5
8472	A	CCTACA	6	8467	8472	TCTACA	9088	9093	1	5
8472	A	CCTACA	6	8467	8472	CCTACT	8970	8975	1	5
8472	A	CCTACA	6	8467	8472	CATACA	8703	8708	1	5
8472	A	CCTACA	6	8467	8472	CCAACA	8661	8666	1	5
8472	A	CCTACA	6	8467	8472	CCTACC	8574	8579	1	5
8472	A	CCTACA	6	8467	8472	CCCACA	8560	8565	1	5
8472	A	CCTACA	6	8467	8472	CTTACA	8417	8422	1	5
8472	A	CCTACA	6	8467	8472	CCAACA	11331	11336	1	5
8472	A	CCTACA	6	8467	8472	CTTACA	11352	11357	1	5
8472	A	CCTACA	6	8467	8472	CCTACC	11532	11537	1	5
8472	A	CCTACA	6	8467	8472	CCTACG	11587	11592	1	5
8472	A	CCTACA	6	8467	8472	CCCACA	16536	16541	1	5
8472	A	CCTACA	6	8467	8472	CTTACA	16197	16202	1	5
8472	A	CCTACA	6	8467	8472	ACTACA	15414	15419	1	5
8472	A	CCTACA	6	8467	8472	CCTCCA	14872	14877	1	5
8472	A	CCTACA	6	8467	8472	ACTACA	14687	14692	1	5
8472	A	CCTACA	6	8467	8472	CCCACA	14621	14626	1	5
8472	A	CCTACA	6	8467	8472	CATACA	14235	14240	1	5
8472	A	CCTACA	6	8467	8472	CCTACT	14130	14135	1	5
8472	A	CCTACA	6	8467	8472	CCTAGA	13992	13997	1	5
8472	A	CCTACA	6	8467	8472	CCTACT	13983	13988	1	5
8472	A	CCTACA	6	8467	8472	CCTAGA	13839	13844	1	5
8472	A	CCTACA	6	8467	8472	CCTACT	13683	13688	1	5
8472	A	CCTACA	6	8467	8472	CCTATA	13598	13603	1	5
8472	A	CCTACA	6	8467	8472	CATACA	13541	13546	1	5
8472	A	CCTACA	6	8467	8472	CCTGCA	13314	13319	1	5
8472	A	CCTACA	6	8467	8472	CTTACA	13213	13218	1	5
8472	A	CCTACA	6	8467	8472	CCTACT	13071	13076	1	5
8472	A	CCTACA	6	8467	8472	CCTATA	12852	12857	1	5
8472	A	CCTACA	6	8467	8472	CCAACA	12827	12832	1	5
8472	A	CCTACA	6	8467	8472	CCTAGA	12504	12509	1	5
8472	A	CCTACA	6	8467	8472	CCCACA	12484	12489	1	5
8472	A	CCTACA	6	8467	8472	CATACA	12073	12078	1	5
8472	A	CCTACA	6	8467	8472	CCTATA	11971	11976	1	5
8472	A	CCTACA	6	8467	8472	CCTATA	8263	8268	1	5
8472	A	CCTACA	6	8467	8472	CCTAAA	8230	8235	1	5
8472	A	CCTACA	6	8467	8472	CCTAGA	8215	8220	1	5
8472	A	CCTACA	6	8467	8472	CCAACA	2427	2432	1	5
8472	A	CCTACA	6	8467	8472	CCTAAA	2175	2180	1	5
8472	A	CCTACA	6	8467	8472	CCCACA	2057	2062	1	5
8472	A	CCTACA	6	8467	8472	CCTATA	1839	1844	1	5
8472	A	CCTACA	6	8467	8472	CCTACG	1533	1538	1	5
8472	A	CCTACA	6	8467	8472	CGTACA	1475	1480	1	5
8472	A	CCTACA	6	8467	8472	GCTACA	1289	1294	1	5
8472	A	CCTACA	6	8467	8472	CCTAAA	1099	1104	1	5
8472	A	CCTACA	6	8467	8472	CCTACC	505	510	1	5
8472	A	CTACAT	6	8468	8473	GTACAT	16310	16315	1	5
8472	A	CTACAT	6	8468	8473	GTACAT	16303	16308	1	5
8472	A	CTACAT	6	8468	8473	GTACAT	16156	16161	1	5
8472	A	CTACAT	6	8468	8473	CTACAC	15415	15420	1	5
8472	A	CTACAT	6	8468	8473	CTACCT	14986	14991	1	5
8472	A	CTACAT	6	8468	8473	CTACAA	14733	14738	1	5
8472	A	CTACAT	6	8468	8473	CTACCT	13851	13856	1	5
8472	A	CTACAT	6	8468	8473	CTACCT	13788	13793	1	5
8472	A	CTACAT	6	8468	8473	CAACAT	13746	13751	1	5
8472	A	CTACAT	6	8468	8473	TTACAT	12623	12628	1	5
8472	A	CTACAT	6	8468	8473	CTCCAT	12591	12596	1	5
8472	A	CTACAT	6	8468	8473	CAACAT	12250	12255	1	5
8472	A	CTACAT	6	8468	8473	CAACAT	12031	12036	1	5
8472	A	CTACAT	6	8468	8473	CCACAT	12022	12027	1	5
8472	A	CTACAT	6	8468	8473	CAACAT	11953	11958	1	5
8472	A	CCTACA	6	8467	8472	CCTATA	2283	2288	1	5
8472	A	CCTACA	6	8467	8472	CCTAAA	2779	2784	1	5
8472	A	CCTACA	6	8467	8472	GCTACA	8141	8146	1	5
8472	A	CCTACA	6	8467	8472	CCTACG	3431	3436	1	5
8472	A	CCTACA	6	8467	8472	CCTAGA	7966	7971	1	5
8472	A	CCTACA	6	8467	8472	CCTACG	7825	7830	1	5
8472	A	CCTACA	6	8467	8472	TCTACA	7609	7614	1	5
8472	A	CCTACA	6	8467	8472	CCTACC	7405	7410	1	5
8472	A	CCTACA	6	8467	8472	CATACA	7240	7245	1	5
8472	A	CCTACA	6	8467	8472	CCCACA	7181	7186	1	5
8472	A	CCTACA	6	8467	8472	CCTAGA	7115	7120	1	5
8472	A	CCTACA	6	8467	8472	GCTACA	7108	7113	1	5
8472	A	CCTACA	6	8467	8472	ACTACA	7001	7006	1	5
8472	A	CCTACA	6	8467	8472	CCTACC	6644	6649	1	5
8472	A	CCTACA	6	8467	8472	CTTACA	6350	6355	1	5
8472	A	CCTACA	6	8467	8472	CCTACT	6230	6235	1	5
8472	A	CCTACA	6	8467	8472	TCTACA	5928	5933	1	5
8472	A	CCTACA	6	8467	8472	CCTTCA	5541	5546	1	5
8472	A	CCTACA	6	8467	8472	CCCACA	5448	5453	1	5
8472	A	CCTACA	6	8467	8472	CCTACT	5150	5155	1	5
8472	A	CCTACA	6	8467	8472	CCTACT	5117	5122	1	5
8472	A	CCTACA	6	8467	8472	CCTAGA	4565	4570	1	5
8472	A	CCTACA	6	8467	8472	CCTAAA	4397	4402	1	5
8472	A	CCTACA	6	8467	8472	CCTACC	4185	4190	1	5
8472	A	CCTACA	6	8467	8472	CATACA	4161	4166	1	5
8472	A	CCTACA	6	8467	8472	TCTACA	4067	4072	1	5
8472	A	CCTACA	6	8467	8472	ACTACA	4021	4026	1	5
8472	A	ACATCC	6	8470	8475	ACCTCC	15333	15338	1	5
8472	A	ACATCC	6	8470	8475	ACATCG	15036	15041	1	5
8472	A	ATCCCT	6	8472	8477	AGCCCT	1392	1397	1	5
8472	A	CATCCC	6	8471	8476	CATACC	3576	3581	1	5
8472	A	CATCCC	6	8471	8476	CATCTC	4883	4888	1	5
8472	A	CATCCC	6	8471	8476	CATCAC	4523	4528	1	5
8472	A	CATCCC	6	8471	8476	CAACCC	4485	4490	1	5
8472	A	CATCCC	6	8471	8476	AATCCC	4473	4478	1	5
8472	A	CATCCC	6	8471	8476	CTTCCC	4458	4463	1	5
8472	A	CATCCC	6	8471	8476	CATACC	4432	4437	1	5
8472	A	CATCCC	6	8471	8476	CATCCT	4394	4399	1	5
8472	A	CATCCC	6	8471	8476	CATTCC	4245	4250	1	5
8472	A	CATCCC	6	8471	8476	CATACC	4224	4229	1	5
8472	A	CATCCC	6	8471	8476	CATACC	4133	4138	1	5
8472	A	CATCCC	6	8471	8476	CAACCC	3582	3587	1	5
8472	A	CATCCC	6	8471	8476	CCTCCC	3570	3575	1	5
8472	A	CATCCC	6	8471	8476	CAACCC	11509	11514	1	5
8472	A	CATCCC	6	8471	8476	CATCAC	3507	3512	1	5
8472	A	CATCCC	6	8471	8476	CATCTC	3184	3189	1	5
8472	A	CATCCC	6	8471	8476	CTTCCC	3165	3170	1	5
8472	A	CATCCC	6	8471	8476	CATCAC	2520	2525	1	5
8472	A	CATCCC	6	8471	8476	CAACCC	2423	2428	1	5
8472	A	CATCCC	6	8471	8476	CCTCCC	959	964	1	5
8472	A	CATCCC	6	8471	8476	CACCCC	954	959	1	5
8472	A	CATCCC	6	8471	8476	CACCCC	635	640	1	5
8472	A	CATCCC	6	8471	8476	CATACC	537	542	1	5
8472	A	CATCCC	6	8471	8476	CATCCT	502	507	1	5
8472	A	CATCCC	6	8471	8476	CCTCCC	458	463	1	5
8472	A	CATCCC	6	8471	8476	CATCCA	5203	5208	1	5
8472	A	CATCCC	6	8471	8476	CATCAC	5321	5326	1	5
8472	A	CATCCC	6	8471	8476	CACCCC	5435	5440	1	5
8472	A	CATCCC	6	8471	8476	CATCGC	5456	5461	1	5
8472	A	CATCCC	6	8471	8476	CTTCCC	11231	11236	1	5
8472	A	CATCCC	6	8471	8476	CATCAC	11155	11160	1	5
8472	A	CATCCC	6	8471	8476	TATCCC	11137	11142	1	5
8472	A	CATCCC	6	8471	8476	CGTCCC	10774	10779	1	5
8472	A	CATCCC	6	8471	8476	CATCTC	10508	10513	1	5
8472	A	CATCCC	6	8471	8476	CATCCT	10346	10351	1	5
8472	A	CATCCC	6	8471	8476	CATCCG	9863	9868	1	5
8472	A	CATCCC	6	8471	8476	CACCCC	9569	9574	1	5
8472	A	CATCCC	6	8471	8476	CATCAC	9566	9571	1	5
8472	A	CATCCC	6	8471	8476	CAGCCC	9245	9250	1	5
8472	A	CATCCC	6	8471	8476	TATCCC	8937	8942	1	5
8472	A	CATCCC	6	8471	8476	GATCCC	8616	8621	1	5
8472	A	CATCCC	6	8471	8476	CATCAC	8431	8436	1	5
8472	A	CATCCC	6	8471	8476	CACCCC	8270	8275	1	5
8472	A	CATCCC	6	8471	8476	CATGCC	8203	8208	1	5
8472	A	CATCCC	6	8471	8476	CCTCCC	7816	7821	1	5
8472	A	CATCCC	6	8471	8476	CATCGC	7810	7815	1	5
8472	A	CATCCC	6	8471	8476	CATCCT	7798	7803	1	5
8472	A	CATCCC	6	8471	8476	CAACCC	7488	7493	1	5
8472	A	CATCCC	6	8471	8476	CTTCCC	7178	7183	1	5
8472	A	CATCCC	6	8471	8476	TATCCC	6842	6847	1	5
8472	A	CATCCC	6	8471	8476	CATCAC	6395	6400	1	5
8472	A	CATCCC	6	8471	8476	CACCCC	5893	5898	1	5
8472	A	CATCCC	6	8471	8476	CACCCC	431	436	1	5
8472	A	CATCCC	6	8471	8476	CCTCCC	308	313	1	5
8472	A	CATCCC	6	8471	8476	CATCCT	147	152	1	5
8472	A	ATCCCT	6	8472	8477	AGCCCT	10289	10294	1	5
8472	A	ATCCCT	6	8472	8477	CTCCCT	9757	9762	1	5
8472	A	ATCCCT	6	8472	8477	ACCCCT	9254	9259	1	5
8472	A	ATCCCT	6	8472	8477	ATCGCT	9136	9141	1	5
8472	A	ATCCCT	6	8472	8477	AGCCCT	8988	8993	1	5
8472	A	ATCCCT	6	8472	8477	ATCCCC	8938	8943	1	5
8472	A	ATCCCT	6	8472	8477	ATCCTT	8745	8750	1	5
8472	A	ATCCCT	6	8472	8477	ATCTCT	8730	8735	1	5
8472	A	ATCCCT	6	8472	8477	ATCCCC	8617	8622	1	5
8472	A	ATCCCT	6	8472	8477	AACCCT	8511	8516	1	5
8472	A	ATCCCT	6	8472	8477	ATTCCT	7963	7968	1	5
8472	A	ATCCCT	6	8472	8477	ATCCAT	7137	7142	1	5
8472	A	ATCCCT	6	8472	8477	AGCCCT	6923	6928	1	5
8472	A	ATCCCT	6	8472	8477	ATCCCC	6843	6848	1	5
8472	A	ATCCCT	6	8472	8477	ATACCT	5957	5962	1	5
8472	A	ATCCCT	6	8472	8477	ACCCCT	5843	5848	1	5
8472	A	ATCCCT	6	8472	8477	AGCCCT	5649	5654	1	5
8472	A	ATCCCT	6	8472	8477	CTCCCT	5216	5221	1	5
8472	A	ATCCCT	6	8472	8477	ATCCCC	4474	4479	1	5
8472	A	ATCCCT	6	8472	8477	ATCACT	2601	2606	1	5
8472	A	ATCCCT	6	8472	8477	ATCCCA	2232	2237	1	5
8472	A	ATCCCT	6	8472	8477	ATACCT	1842	1847	1	5
8472	A	ATCCCT	6	8472	8477	ACCCCT	1836	1841	1	5
8472	A	ATCCCT	6	8472	8477	ACCCCT	1530	1535	1	5
8472	A	ATCCCT	6	8472	8477	ACCCCT	10277	10282	1	5
8472	A	ATCCCT	6	8472	8477	AGCCCT	10352	10357	1	5
8472	A	ATCCCT	6	8472	8477	GTCCCT	16391	16396	1	5
8472	A	ATCCCT	6	8472	8477	ATGCCT	10562	10567	1	5
8472	A	ATCCCT	6	8472	8477	ATCACT	15712	15717	1	5
8472	A	ATCCCT	6	8472	8477	ATCCCC	15656	15661	1	5
8472	A	ATCCCT	6	8472	8477	ACCCCT	15525	15530	1	5
8472	A	ATCCCT	6	8472	8477	ATTCCT	14893	14898	1	5
8472	A	ATCCCT	6	8472	8477	AACCCT	14127	14132	1	5
8472	A	ATCCCT	6	8472	8477	ATCCCC	13945	13950	1	5
8472	A	ATCCCT	6	8472	8477	ATCCCC	13878	13883	1	5
8472	A	ATCCCT	6	8472	8477	AGCCCT	13557	13562	1	5
8472	A	ATCCCT	6	8472	8477	ATACCT	13483	13488	1	5
8472	A	ATCCCT	6	8472	8477	AGCCCT	12939	12944	1	5
8472	A	ATCCCT	6	8472	8477	CTCCCT	12564	12569	1	5
8472	A	ATCCCT	6	8472	8477	ATCCAT	12447	12452	1	5
8472	A	ATCCCT	6	8472	8477	AACCCT	12409	12414	1	5
8472	A	ATCCCT	6	8472	8477	AACCCT	12366	12371	1	5
8472	A	ATCCCT	6	8472	8477	ATCCAT	12286	12291	1	5
8472	A	ATCCCT	6	8472	8477	ACCCCT	12193	12198	1	5
8472	A	ATCCCT	6	8472	8477	ACCCCT	11535	11540	1	5
8472	A	ATCCCT	6	8472	8477	CTCCCT	11405	11410	1	5
8472	A	ATCCCT	6	8472	8477	CTCCCT	11227	11232	1	5
8472	A	ATCCCT	6	8472	8477	ATCCCC	11138	11143	1	5
8472	A	ATCCCT	6	8472	8477	CTCCCT	11059	11064	1	5
8472	A	ATCCCT	6	8472	8477	AGCCCT	10694	10699	1	5
8472	A	ATCCCT	6	8472	8477	ATCGCT	10583	10588	1	5
8472	A	CATCCC	6	8471	8476	CATCGC	11242	11247	1	5
8472	A	CATCCC	6	8471	8476	CATCCA	11665	11670	1	5
8472	A	ACATCC	6	8470	8475	TCATCC	14979	14984	1	5
8472	A	ACATCC	6	8470	8475	GCATCC	7830	7835	1	5
8472	A	ACATCC	6	8470	8475	ATATCC	10548	10553	1	5
8472	A	ACATCC	6	8470	8475	TCATCC	10345	10350	1	5
8472	A	ACATCC	6	8470	8475	AAATCC	10155	10160	1	5
8472	A	ACATCC	6	8470	8475	ACACCC	10087	10092	1	5
8472	A	ACATCC	6	8470	8475	ACATTC	10042	10047	1	5
8472	A	ACATCC	6	8470	8475	ACTTCC	10018	10023	1	5
8472	A	ACATCC	6	8470	8475	ACAACC	9667	9672	1	5
8472	A	ACATCC	6	8470	8475	ACTTCC	9313	9318	1	5
8472	A	ACATCC	6	8470	8475	ACCTCC	9288	9293	1	5
8472	A	ACATCC	6	8470	8475	ACCTCC	8774	8779	1	5
8472	A	ACATCC	6	8470	8475	ACAACC	8642	8647	1	5
8472	A	ACATCC	6	8470	8475	TCATCC	7797	7802	1	5
8472	A	CATCCC	6	8471	8476	TATCCC	12081	12086	1	5
8472	A	ACATCC	6	8470	8475	ACATGC	7591	7596	1	5
8472	A	ACATCC	6	8470	8475	ACATTC	7413	7418	1	5
8472	A	ACATCC	6	8470	8475	AAATCC	7135	7140	1	5
8472	A	ACATCC	6	8470	8475	ACTTCC	7030	7035	1	5
8472	A	ACATCC	6	8470	8475	ACATCG	6994	6999	1	5
8472	A	ACATCC	6	8470	8475	ACCTCC	6819	6824	1	5
8472	A	ACATCC	6	8470	8475	ACATCT	6058	6063	1	5
8472	A	ACATCC	6	8470	8475	ACACCC	5190	5195	1	5
8472	A	ACATCC	6	8470	8475	GCATCC	4665	4670	1	5
8472	A	ACATCC	6	8470	8475	ACATGC	4576	4581	1	5
8472	A	ACATCC	6	8470	8475	CCATCC	4393	4398	1	5
8472	A	ACATCC	6	8470	8475	ACACCC	10618	10623	1	5
8472	A	ACATCC	6	8470	8475	ACAACC	10899	10904	1	5
8472	A	ACATCC	6	8470	8475	ACATTC	11084	11089	1	5
8472	A	ACATCC	6	8470	8475	ACAGCC	11090	11095	1	5
8472	A	ACATCC	6	8470	8475	CCATCC	14816	14821	1	5
8472	A	ACATCC	6	8470	8475	ACACCC	14554	14559	1	5
8472	A	ACATCC	6	8470	8475	ACAACC	14330	14335	1	5
8472	A	ACATCC	6	8470	8475	TCATCC	14120	14125	1	5
8472	A	ACATCC	6	8470	8475	ACATAC	13907	13912	1	5
8472	A	ACATCC	6	8470	8475	ACATCA	13517	13522	1	5
8472	A	ACATCC	6	8470	8475	ACAACC	13379	13384	1	5
8472	A	ACATCC	6	8470	8475	TCATCC	13373	13378	1	5
8472	A	ACATCC	6	8470	8475	ACATCT	13319	13324	1	5
8472	A	ACATCC	6	8470	8475	ACATCA	13226	13231	1	5
8472	A	ACATCC	6	8470	8475	TCATCC	13115	13120	1	5
8472	A	ACATCC	6	8470	8475	ACAACC	12740	12745	1	5
8472	A	ACATCC	6	8470	8475	GCATCC	12457	12462	1	5
8472	A	ACATCC	6	8470	8475	AAATCC	12445	12450	1	5
8472	A	ACATCC	6	8470	8475	CCATCC	12389	12394	1	5
8472	A	ACATCC	6	8470	8475	ACATCA	12158	12163	1	5
8472	A	ACATCC	6	8470	8475	ACATCA	12114	12119	1	5
8472	A	ACATCC	6	8470	8475	ACACCC	12060	12065	1	5
8472	A	ACATCC	6	8470	8475	ACATAC	11955	11960	1	5
8472	A	ACATCC	6	8470	8475	TCATCC	11664	11669	1	5
8472	A	ACATCC	6	8470	8475	ACAGCC	11654	11659	1	5
8472	A	ACATCC	6	8470	8475	ACATTC	11283	11288	1	5
8472	A	ACATCC	6	8470	8475	ACACCC	11265	11270	1	5
8472	A	ACATCC	6	8470	8475	ACTTCC	4181	4186	1	5
8472	A	ACATCC	6	8470	8475	ACCTCC	4166	4171	1	5
8472	A	ACATCC	6	8470	8475	ACACCC	4010	4015	1	5
8472	A	CATCCC	6	8471	8476	CATCCA	14817	14822	1	5
8472	A	CATCCC	6	8471	8476	CATTCC	14485	14490	1	5
8472	A	CATCCC	6	8471	8476	CAACCC	14415	14420	1	5
8472	A	CATCCC	6	8471	8476	CACCCC	14338	14343	1	5
8472	A	CATCCC	6	8471	8476	CCTCCC	14262	14267	1	5
8472	A	CATCCC	6	8471	8476	CATCCT	14121	14126	1	5
8472	A	CATCCC	6	8471	8476	CTTCCC	14112	14117	1	5
8472	A	CATCCC	6	8471	8476	CAACCC	14069	14074	1	5
8472	A	CATCCC	6	8471	8476	CATCAC	14061	14066	1	5
8472	A	CATCCC	6	8471	8476	AATCCC	13944	13949	1	5
8472	A	CATCCC	6	8471	8476	AATCCC	13779	13784	1	5
8472	A	CATCCC	6	8471	8476	CTTCCC	13644	13649	1	5
8472	A	CATCCC	6	8471	8476	CATCCA	13374	13379	1	5
8472	A	CATCCC	6	8471	8476	CACCCC	13126	13131	1	5
8472	A	CATCCC	6	8471	8476	CATCCG	13116	13121	1	5
8472	A	CATCCC	6	8471	8476	CACCCC	13056	13061	1	5
8472	A	CATCCC	6	8471	8476	CAGCCC	13007	13012	1	5
8472	A	CATCCC	6	8471	8476	CACCCC	12966	12971	1	5
8472	A	CATCCC	6	8471	8476	CATCCT	12882	12887	1	5
8472	A	CATCCC	6	8471	8476	CTTCCC	12480	12485	1	5
8472	A	CATCCC	6	8471	8476	CATCCA	12458	12463	1	5
8472	A	CATCCC	6	8471	8476	CATACC	12428	12433	1	5
8472	A	CATCCC	6	8471	8476	CATGCC	12233	12238	1	5
8472	A	CATCCC	6	8471	8476	CAACCC	12106	12111	1	5
8472	A	CATCCC	6	8471	8476	CACCCC	14812	14817	1	5
8472	A	CATCCC	6	8471	8476	CATCCG	14980	14985	1	5
8472	A	ACATCC	6	8470	8475	ACATCG	3941	3946	1	5
8472	A	CATCCC	6	8471	8476	CCTCCC	15142	15147	1	5
8472	A	ACATCC	6	8470	8475	ACATCT	3499	3504	1	5
8472	A	ACATCC	6	8470	8475	ACCTCC	2838	2843	1	5
8472	A	ACATCC	6	8470	8475	ACATTC	2321	2326	1	5
8472	A	ACATCC	6	8470	8475	ACACCC	2258	2263	1	5
8472	A	ACATCC	6	8470	8475	ACACCC	2214	2219	1	5
8472	A	ACATCC	6	8470	8475	ACACCC	2161	2166	1	5
8472	A	ACATCC	6	8470	8475	ACACCC	1943	1948	1	5
8472	A	ACATCC	6	8470	8475	ACAACC	1710	1715	1	5
8472	A	ACATCC	6	8470	8475	ACATGC	693	698	1	5
8472	A	ACATCC	6	8470	8475	CCATCC	501	506	1	5
8472	A	ACATCC	6	8470	8475	ACATCA	276	281	1	5
8472	A	ACATCC	6	8470	8475	ACAGCC	257	262	1	5
8472	A	ACATCC	6	8470	8475	ACATAC	189	194	1	5
8472	A	ACATCC	6	8470	8475	TCATCC	146	151	1	5
8472	A	CATCCC	6	8471	8476	CATCCT	16404	16409	1	5
8472	A	CATCCC	6	8471	8476	CGTCCC	16360	16365	1	5
8472	A	CATCCC	6	8471	8476	CCTCCC	16187	16192	1	5
8472	A	CATCCC	6	8471	8476	CATCCT	15661	15666	1	5
8472	A	CATCCC	6	8471	8476	AATCCC	15655	15660	1	5
8472	A	CATCCC	6	8471	8476	CATCCT	15643	15648	1	5
8472	A	CATCCC	6	8471	8476	CATCCT	15637	15642	1	5
8472	A	CATCCC	6	8471	8476	CAACCC	15523	15528	1	5
8472	A	CATCCC	6	8471	8476	CATTCC	15386	15391	1	5
8472	A	CTACA	5	8468	8472	CTACA	7002	7006	0	5
8472	A	CATCC	5	8471	8475	CATGC	9036	9040	1	4
8472	A	CATCC	5	8471	8475	CATCT	9099	9103	1	4
8472	A	CATCC	5	8471	8475	CACCC	9057	9061	1	4
8472	A	CATCC	5	8471	8475	CAACC	9071	9075	1	4
8472	A	CATCC	5	8471	8475	CCTCC	9278	9282	1	4
8472	A	CATCC	5	8471	8475	TATCC	9126	9130	1	4
8472	A	CATCC	5	8471	8475	AATCC	9150	9154	1	4
8472	A	CATCC	5	8471	8475	CATTC	8976	8980	1	4
8472	A	CATCC	5	8471	8475	CATAC	9335	9339	1	4
8472	A	CATCC	5	8471	8475	CAACC	8980	8984	1	4
8472	A	CATCC	5	8471	8475	AATCC	8565	8569	1	4
8472	A	CATCC	5	8471	8475	CAGCC	8967	8971	1	4
8472	A	CATCC	5	8471	8475	CATCA	8964	8968	1	4
8472	A	CATCC	5	8471	8475	CATAC	8943	8947	1	4
8472	A	CATCC	5	8471	8475	CACCC	8811	8815	1	4
8472	A	CATCC	5	8471	8475	CAACC	8807	8811	1	4
8472	A	CATCC	5	8471	8475	TATCC	8744	8748	1	4
8472	A	CATCC	5	8471	8475	CACCC	8658	8662	1	4
8472	A	CATCC	5	8471	8475	CATCA	8637	8641	1	4
8472	A	CATCC	5	8471	8475	CATTC	8595	8599	1	4
8472	A	CATCC	5	8471	8475	CATTC	8549	8553	1	4
8472	A	CATCC	5	8471	8475	CAGCC	9518	9522	1	4
8472	A	CATCC	5	8471	8475	AATCC	9455	9459	1	4
8472	A	CATCC	5	8471	8475	CAGCC	11632	11636	1	4
8472	A	CATCC	5	8471	8475	CATCA	9622	9626	1	4
8472	A	CATCC	5	8471	8475	CACCC	11158	11162	1	4
8472	A	CATCC	5	8471	8475	CATTC	11698	11702	1	4
8472	A	CATCC	5	8471	8475	CATTC	11659	11663	1	4
8472	A	CATCC	5	8471	8475	CATAC	8410	8414	1	4
8472	A	CATCC	5	8471	8475	CATAC	11619	11623	1	4
8472	A	CATCC	5	8471	8475	CATCT	11581	11585	1	4
8472	A	CATCC	5	8471	8475	CTTCC	11539	11543	1	4
8472	A	CATCC	5	8471	8475	CATTC	11503	11507	1	4
8472	A	CATCC	5	8471	8475	CAGCC	11174	11178	1	4
8472	A	CATCC	5	8471	8475	CAACC	11170	11174	1	4
8472	A	CATCC	5	8471	8475	TATCC	11010	11014	1	4
8472	A	CATCC	5	8471	8475	CATCT	9779	9783	1	4
8472	A	CATCC	5	8471	8475	CCTCC	10951	10955	1	4
8472	A	CATCC	5	8471	8475	CCTCC	10929	10933	1	4
8472	A	CATCC	5	8471	8475	CAACC	10920	10924	1	4
8472	A	CATCC	5	8471	8475	CATAC	10655	10659	1	4
8472	A	CATCC	5	8471	8475	CATCA	10343	10347	1	4
8472	A	CATCC	5	8471	8475	CCTCC	10268	10272	1	4
8472	A	CATCC	5	8471	8475	CCTCC	10091	10095	1	4
8472	A	CATCC	5	8471	8475	CATCT	9971	9975	1	4
8472	A	CATCC	5	8471	8475	CTTCC	9812	9816	1	4
8472	A	CATCC	5	8471	8475	CACCC	8434	8438	1	4
8472	A	CATCC	5	8471	8475	CAACC	6542	6546	1	4
8472	A	CATCC	5	8471	8475	CGTCC	8212	8216	1	4
8472	A	CATCC	5	8471	8475	CATCG	8209	8213	1	4
8472	A	CATCC	5	8471	8475	CATCT	6244	6248	1	4
8472	A	CATCC	5	8471	8475	CATCA	6119	6123	1	4
8472	A	CATCC	5	8471	8475	CATGC	6084	6088	1	4
8472	A	CATCC	5	8471	8475	CAACC	6038	6042	1	4
8472	A	CATCC	5	8471	8475	CAGCC	6030	6034	1	4
8472	A	CATCC	5	8471	8475	CCTCC	6005	6009	1	4
8472	A	CATCC	5	8471	8475	CAGCC	5879	5883	1	4
8472	A	CATCC	5	8471	8475	CACCC	5704	5708	1	4
8472	A	CATCC	5	8471	8475	CAGCC	5629	5633	1	4
8472	A	CATCC	5	8471	8475	CATCA	5611	5615	1	4
8472	A	CATCC	5	8471	8475	CCTCC	5327	5331	1	4
8472	A	CATCC	5	8471	8475	CACCC	5324	5328	1	4
8472	A	CATCC	5	8471	8475	CATCA	5297	5301	1	4
8472	A	CATCC	5	8471	8475	CCTCC	5210	5214	1	4
8472	A	CATCC	5	8471	8475	CACCC	5207	5211	1	4
8472	A	CATCC	5	8471	8475	TATCC	5096	5100	1	4
8472	A	CATCC	5	8471	8475	CATTC	5072	5076	1	4
8472	A	CATCC	5	8471	8475	CATAC	5008	5012	1	4
8472	A	CATCC	5	8471	8475	TATCC	4948	4952	1	4
8472	A	CATCC	5	8471	8475	CATCA	4750	4754	1	4
8472	A	CATCC	5	8471	8475	TATCC	4688	4692	1	4
8472	A	CATCC	5	8471	8475	CACCC	6315	6319	1	4
8472	A	CATCC	5	8471	8475	CCTCC	6325	6329	1	4
8472	A	CATCC	5	8471	8475	CATCT	6341	6345	1	4
8472	A	CATCC	5	8471	8475	CATCG	7157	7161	1	4
8472	A	CATCC	5	8471	8475	CATTC	8032	8036	1	4
8472	A	CATCC	5	8471	8475	CATCA	7873	7877	1	4
8472	A	CATCC	5	8471	8475	CATCA	7795	7799	1	4
8472	A	CATCC	5	8471	8475	TATCC	7783	7787	1	4
8472	A	CATCC	5	8471	8475	CTTCC	7690	7694	1	4
8472	A	CATCC	5	8471	8475	CACCC	7402	7406	1	4
8472	A	CATCC	5	8471	8475	CATTC	7276	7280	1	4
8472	A	CATCC	5	8471	8475	CATCT	7264	7268	1	4
8472	A	CATCC	5	8471	8475	TATCC	7201	7205	1	4
8472	A	CATCC	5	8471	8475	CATTC	7082	7086	1	4
8472	A	CATCC	5	8471	8475	CATCA	6386	6390	1	4
8472	A	CATCC	5	8471	8475	CATCA	7067	7071	1	4
8472	A	CATCC	5	8471	8475	CATCT	6935	6939	1	4
8472	A	CATCC	5	8471	8475	CTTCC	6746	6750	1	4
8472	A	CATCC	5	8471	8475	TATCC	6641	6645	1	4
8472	A	CATCC	5	8471	8475	CACCC	6621	6625	1	4
8472	A	CATCC	5	8471	8475	CATTC	6587	6591	1	4
8472	A	CATCC	5	8471	8475	AATCC	11785	11789	1	4
8472	A	CATCC	5	8471	8475	CGTCC	6464	6468	1	4
8472	A	CATCC	5	8471	8475	GATCC	6460	6464	1	4
8472	A	CATCC	5	8471	8475	CATCA	11779	11783	1	4
8472	A	CATCC	5	8471	8475	CAGCC	13040	13044	1	4
8472	A	CATCC	5	8471	8475	CACCC	12016	12020	1	4
8472	A	CATCC	5	8471	8475	CACCC	16069	16073	1	4
8472	A	CATCC	5	8471	8475	GATCC	14869	14873	1	4
8472	A	CATCC	5	8471	8475	CATGC	14902	14906	1	4
8472	A	CATCC	5	8471	8475	CAACC	14925	14929	1	4
8472	A	CATCC	5	8471	8475	CATCA	14937	14941	1	4
8472	A	CATCC	5	8471	8475	CTTCC	15028	15032	1	4
8472	A	CATCC	5	8471	8475	TATCC	15097	15101	1	4
8472	A	CATCC	5	8471	8475	CCTCC	15100	15104	1	4
8472	A	CATCC	5	8471	8475	CATTC	15162	15166	1	4
8472	A	CATCC	5	8471	8475	TATCC	15195	15199	1	4
8472	A	CATCC	5	8471	8475	CATCT	15295	15299	1	4
8472	A	CATCC	5	8471	8475	CTTCC	15403	15407	1	4
8472	A	CATCC	5	8471	8475	CACCC	15407	15411	1	4
8472	A	CATCC	5	8471	8475	CTTCC	15448	15452	1	4
8472	A	CATCC	5	8471	8475	GATCC	15591	15595	1	4
8472	A	CATCC	5	8471	8475	CGTCC	15616	15620	1	4
8472	A	CATCC	5	8471	8475	TATCC	15633	15637	1	4
8472	A	CATCC	5	8471	8475	CATTC	15745	15749	1	4
8472	A	CATCC	5	8471	8475	CATCA	15790	15794	1	4
8472	A	CATCC	5	8471	8475	AATCC	15829	15833	1	4
8472	A	CATCC	5	8471	8475	AATCC	15835	15839	1	4
8472	A	CATCC	5	8471	8475	CACCC	15987	15991	1	4
8472	A	CATCC	5	8471	8475	CATCG	14800	14804	1	4
8472	A	CATCC	5	8471	8475	CATTC	14796	14800	1	4
8472	A	CATCC	5	8471	8475	CATCG	14717	14721	1	4
8472	A	CATCC	5	8471	8475	CACCC	13650	13654	1	4
8472	A	CATCC	5	8471	8475	AATCC	13152	13156	1	4
8472	A	CATCC	5	8471	8475	CATCA	13290	13294	1	4
8472	A	CATCC	5	8471	8475	CAACC	13293	13297	1	4
8472	A	CATCC	5	8471	8475	CATAC	13347	13351	1	4
8472	A	CATCC	5	8471	8475	CATCA	13371	13375	1	4
8472	A	CATCC	5	8471	8475	CAGCC	13464	13468	1	4
8472	A	CATCC	5	8471	8475	CATCG	13521	13525	1	4
8472	A	CATCC	5	8471	8475	CACCC	13623	13627	1	4
8472	A	CATCC	5	8471	8475	CAACC	13636	13640	1	4
8472	A	CATCC	5	8471	8475	CACCC	13680	13684	1	4
8472	A	CATCC	5	8471	8475	AATCC	14369	14373	1	4
8472	A	CATCC	5	8471	8475	CAGCC	13709	13713	1	4
8472	A	CATCC	5	8471	8475	CTTCC	13767	13771	1	4
8472	A	CATCC	5	8471	8475	CCTCC	13989	13993	1	4
8472	A	CATCC	5	8471	8475	CAACC	14201	14205	1	4
8472	A	CATCC	5	8471	8475	GATCC	14259	14263	1	4
8472	A	CATCC	5	8471	8475	CAACC	4660	4664	1	4
8472	A	CATCC	5	8471	8475	CTTCC	14306	14310	1	4
8472	A	CATCC	5	8471	8475	CATCA	14343	14347	1	4
8472	A	CATCC	5	8471	8475	CATAC	14346	14350	1	4
8472	A	CATCC	5	8471	8475	CACCC	16053	16057	1	4
8472	A	CATCC	5	8471	8475	CATCA	16073	16077	1	4
8472	A	CATCC	5	8471	8475	CATTC	12045	12049	1	4
8472	A	CATCC	5	8471	8475	CAGCC	16108	16112	1	4
8472	A	ACATC	5	8470	8474	ACAGC	2110	2114	1	4
8472	A	ACATC	5	8470	8474	ACATA	2239	2243	1	4
8472	A	CATCC	5	8471	8475	CTTCC	13122	13126	1	4
8472	A	CATCC	5	8471	8475	CCTCC	12984	12988	1	4
8472	A	CATCC	5	8471	8475	CCTCC	12981	12985	1	4
8472	A	CATCC	5	8471	8475	AATCC	12955	12959	1	4
8472	A	CATCC	5	8471	8475	TATCC	12903	12907	1	4
8472	A	CATCC	5	8471	8475	AATCC	12849	12853	1	4
8472	A	CATCC	5	8471	8475	CATTC	12840	12844	1	4
8472	A	CATCC	5	8471	8475	CAGCC	12836	12840	1	4
8472	A	CATCC	5	8471	8475	CATCA	12798	12802	1	4
8472	A	CATCC	5	8471	8475	CATCG	12759	12763	1	4
8472	A	CATCC	5	8471	8475	CATAC	12717	12721	1	4
8472	A	CATCC	5	8471	8475	CTTCC	12705	12709	1	4
8472	A	CATCC	5	8471	8475	CATCT	12702	12706	1	4
8472	A	CATCC	5	8471	8475	CATCA	12633	12637	1	4
8472	A	CATCC	5	8471	8475	CACCC	12360	12364	1	4
8472	A	CATCC	5	8471	8475	CATGC	12342	12346	1	4
8472	A	CATCC	5	8471	8475	TATCC	12285	12289	1	4
8472	A	CATCC	5	8471	8475	CCTCC	12094	12098	1	4
8472	A	CATCC	5	8471	8475	CATTC	12088	12092	1	4
8472	A	ACATC	5	8470	8474	ACAGC	1929	1933	1	4
8472	A	ACATC	5	8470	8474	ACATG	1565	1569	1	4
8472	A	ACATC	5	8470	8474	ACATT	1517	1521	1	4
8472	A	ACATC	5	8470	8474	TCATC	482	486	1	4
8472	A	CATCC	5	8471	8475	AATCC	16170	16174	1	4
8472	A	CATCC	5	8471	8475	CATGC	16193	16197	1	4
8472	A	CATCC	5	8471	8475	CACCC	16292	16296	1	4
8472	A	CATCC	5	8471	8475	CCTCC	16407	16411	1	4
8472	A	CATCC	5	8471	8475	TATCC	16491	16495	1	4
8472	A	ACATC	5	8470	8474	ACATA	230	234	1	4
8472	A	ACATC	5	8470	8474	ACAGC	326	330	1	4
8472	A	ACATC	5	8470	8474	ACACC	374	378	1	4
8472	A	ACATC	5	8470	8474	ACATT	446	450	1	4
8472	A	ACATC	5	8470	8474	ACACC	521	525	1	4
8472	A	ACATC	5	8470	8474	ACACC	1480	1484	1	4
8472	A	ACATC	5	8470	8474	GCATC	755	759	1	4
8472	A	ACATC	5	8470	8474	ACAGC	814	818	1	4
8472	A	ACATC	5	8470	8474	ACATA	1037	1041	1	4
8472	A	ACATC	5	8470	8474	ATATC	1039	1043	1	4
8472	A	ACATC	5	8470	8474	ACCTC	1104	1108	1	4
8472	A	ACATC	5	8470	8474	ACAGC	1152	1156	1	4
8472	A	ACATC	5	8470	8474	ACCTC	1232	1236	1	4
8472	A	ACATC	5	8470	8474	ACCTC	1240	1244	1	4
8472	A	ACATC	5	8470	8474	CCATC	1264	1268	1	4
8472	A	CATCC	5	8471	8475	AATCC	4673	4677	1	4
8472	A	ATCCC	5	8472	8476	AACCC	14586	14590	1	4
8472	A	CATCC	5	8471	8475	CATCA	4637	4641	1	4
8472	A	ATCCC	5	8472	8476	ATGCC	8366	8370	1	4
8472	A	ATCCC	5	8472	8476	ACCCC	10935	10939	1	4
8472	A	ATCCC	5	8472	8476	TTCCC	10915	10919	1	4
8472	A	ATCCC	5	8472	8476	ATCTC	10710	10714	1	4
8472	A	ATCCC	5	8472	8476	ATCCT	10550	10554	1	4
8472	A	ATCCC	5	8472	8476	ATGCC	10470	10474	1	4
8472	A	ATCCC	5	8472	8476	ATCCA	10157	10161	1	4
8472	A	ATCCC	5	8472	8476	GTCCC	9591	9595	1	4
8472	A	ATCCC	5	8472	8476	AGCCC	9524	9528	1	4
8472	A	ATCCC	5	8472	8476	ATCCT	9456	9460	1	4
8472	A	ATCCC	5	8472	8476	ATACC	9368	9372	1	4
8472	A	ATCCC	5	8472	8476	AACCC	9241	9245	1	4
8472	A	ATCCC	5	8472	8476	ATCAC	9218	9222	1	4
8472	A	ATCCC	5	8472	8476	ATCCA	9151	9155	1	4
8472	A	ATCCC	5	8472	8476	ATCCT	9127	9131	1	4
8472	A	ATCCC	5	8472	8476	AGCCC	8901	8905	1	4
8472	A	ATCCC	5	8472	8476	ATGCC	8894	8898	1	4
8472	A	ATCCC	5	8472	8476	ATCAC	8653	8657	1	4
8472	A	ATCCC	5	8472	8476	ATCTC	8633	8637	1	4
8472	A	ATCCC	5	8472	8476	TTCCC	8603	8607	1	4
8472	A	ATCCC	5	8472	8476	ATCCT	8566	8570	1	4
8472	A	ATCCC	5	8472	8476	AGCCC	8484	8488	1	4
8472	A	ATCCC	5	8472	8476	ACCCC	10946	10950	1	4
8472	A	ATCCC	5	8472	8476	ATCCA	11011	11015	1	4
8472	A	ATCCC	5	8472	8476	ATCAC	11026	11030	1	4
8472	A	ATCCC	5	8472	8476	ACCCC	12431	12435	1	4
8472	A	ATCCC	5	8472	8476	ATCAC	13183	13187	1	4
8472	A	ATCCC	5	8472	8476	ATCCA	13153	13157	1	4
8472	A	ATCCC	5	8472	8476	AGCCC	13144	13148	1	4
8472	A	ATCCC	5	8472	8476	ATCCA	12956	12960	1	4
8472	A	ATCCC	5	8472	8476	ATCCT	12904	12908	1	4
8472	A	ATCCC	5	8472	8476	ATCCT	12850	12854	1	4
8472	A	ATCCC	5	8472	8476	ATGCC	12824	12828	1	4
8472	A	ATCCC	5	8472	8476	ATTCC	12747	12751	1	4
8472	A	ATCCC	5	8472	8476	ATCTC	12523	12527	1	4
8472	A	ATCCC	5	8472	8476	ACCCC	12108	12112	1	4
8472	A	ATCCC	5	8472	8476	ATCTC	11057	11061	1	4
8472	A	ATCCC	5	8472	8476	ACCCC	11866	11870	1	4
8472	A	ATCCC	5	8472	8476	CTCCC	11813	11817	1	4
8472	A	ATCCC	5	8472	8476	ATCCT	11786	11790	1	4
8472	A	ATCCC	5	8472	8476	ATCGC	11708	11712	1	4
8472	A	ATCCC	5	8472	8476	ACCCC	11672	11676	1	4
8472	A	ATCCC	5	8472	8476	AACCC	11671	11675	1	4
8472	A	ATCCC	5	8472	8476	ACCCC	11511	11515	1	4
8472	A	ATCCC	5	8472	8476	AGCCC	11425	11429	1	4
8472	A	ATCCC	5	8472	8476	ATCTC	11069	11073	1	4
8472	A	ATCCC	5	8472	8476	ACCCC	8405	8409	1	4
8472	A	ATCCC	5	8472	8476	AGCCC	8291	8295	1	4
8472	A	ATCCC	5	8472	8476	ACCCC	13676	13680	1	4
8472	A	ATCCC	5	8472	8476	ACCCC	8280	8284	1	4
8472	A	ATCCC	5	8472	8476	ATCCT	6642	6646	1	4
8472	A	ATCCC	5	8472	8476	ATACC	6593	6597	1	4
8472	A	ATCCC	5	8472	8476	ACCCC	6583	6587	1	4
8472	A	ATCCC	5	8472	8476	ACCCC	6565	6569	1	4
8472	A	ATCCC	5	8472	8476	CTCCC	6498	6502	1	4
8472	A	ATCCC	5	8472	8476	ATCAC	6471	6475	1	4
8472	A	ATCCC	5	8472	8476	ATACC	6437	6441	1	4
8472	A	ATCCC	5	8472	8476	AACCC	6431	6435	1	4
8472	A	ATCCC	5	8472	8476	ACCCC	6419	6423	1	4
8472	A	ATCCC	5	8472	8476	AACCC	6418	6422	1	4
8472	A	ATCCC	5	8472	8476	CTCCC	6311	6315	1	4
8472	A	ATCCC	5	8472	8476	TTCCC	6184	6188	1	4
8472	A	ATCCC	5	8472	8476	TTCCC	6151	6155	1	4
8472	A	ATCCC	5	8472	8476	ATACC	6114	6118	1	4
8472	A	ATCCC	5	8472	8476	AACCC	5842	5846	1	4
8472	A	ATCCC	5	8472	8476	ATCAC	5813	5817	1	4
8472	A	ATCCC	5	8472	8476	AGCCC	5762	5766	1	4
8472	A	ATCCC	5	8472	8476	CTCCC	5733	5737	1	4
8472	A	ATCCC	5	8472	8476	AACCC	5675	5679	1	4
8472	A	ATCCC	5	8472	8476	ACCCC	5600	5604	1	4
8472	A	ATCCC	5	8472	8476	AACCC	5599	5603	1	4
8472	A	ATCCC	5	8472	8476	ATCTC	6663	6667	1	4
8472	A	ATCCC	5	8472	8476	CTCCC	6665	6669	1	4
8472	A	ATCCC	5	8472	8476	AGCCC	7025	7029	1	4
8472	A	ATCCC	5	8472	8476	ATCAC	7659	7663	1	4
8472	A	ATCCC	5	8472	8476	TTCCC	8226	8230	1	4
8472	A	ATCCC	5	8472	8476	ATTCC	8225	8229	1	4
8472	A	ATCCC	5	8472	8476	TTCCC	8109	8113	1	4
8472	A	ATCCC	5	8472	8476	ATTCC	8108	8112	1	4
8472	A	ATCCC	5	8472	8476	GTCCC	8078	8082	1	4
8472	A	ATCCC	5	8472	8476	AGCCC	8026	8030	1	4
8472	A	ATCCC	5	8472	8476	CTCCC	8015	8019	1	4
8472	A	ATCCC	5	8472	8476	ATCCT	7784	7788	1	4
8472	A	ATCCC	5	8472	8476	ATGCC	7704	7708	1	4
8472	A	ATCCC	5	8472	8476	ATCAC	7646	7650	1	4
8472	A	ATCCC	5	8472	8476	TTCCC	7093	7097	1	4
8472	A	ATCCC	5	8472	8476	ATCCT	7571	7575	1	4
8472	A	ATCCC	5	8472	8476	ACCCC	7490	7494	1	4
8472	A	ATCCC	5	8472	8476	ACCCC	7465	7469	1	4
8472	A	ATCCC	5	8472	8476	AACCC	7464	7468	1	4
8472	A	ATCCC	5	8472	8476	AACCC	7423	7427	1	4
8472	A	ATCCC	5	8472	8476	ATGCC	7394	7398	1	4
8472	A	ATCCC	5	8472	8476	ACCCC	7231	7235	1	4
8472	A	ATCCC	5	8472	8476	ATGCC	7209	7213	1	4
8472	A	ATCCC	5	8472	8476	ATCCG	7202	7206	1	4
8472	A	ATCCC	5	8472	8476	AACCC	13675	13679	1	4
8472	A	ATCCC	5	8472	8476	AACCC	13690	13694	1	4
8472	A	CATCC	5	8471	8475	CATCT	4505	4509	1	4
8472	A	ATCCC	5	8472	8476	AGCCC	16534	16538	1	4
8472	A	CATCC	5	8471	8475	CATGC	2437	2441	1	4
8472	A	CATCC	5	8471	8475	CAACC	2393	2397	1	4
8472	A	CATCC	5	8471	8475	CCTCC	2328	2332	1	4
8472	A	CATCC	5	8471	8475	CACCC	2280	2284	1	4
8472	A	CATCC	5	8471	8475	CAGCC	2183	2187	1	4
8472	A	CATCC	5	8471	8475	CACCC	1624	1628	1	4
8472	A	CATCC	5	8471	8475	CCTCC	1494	1498	1	4
8472	A	CATCC	5	8471	8475	CACCC	1491	1495	1	4
8472	A	CATCC	5	8471	8475	CATCT	1265	1269	1	4
8472	A	CATCC	5	8471	8475	CAGCC	1250	1254	1	4
8472	A	CATCC	5	8471	8475	CAACC	1230	1234	1	4
8472	A	CATCC	5	8471	8475	CAGCC	891	895	1	4
8472	A	CATCC	5	8471	8475	CATCA	756	760	1	4
8472	A	CATCC	5	8471	8475	CACCC	722	726	1	4
8472	A	CATCC	5	8471	8475	CAACC	549	553	1	4
8472	A	CATCC	5	8471	8475	CATCA	483	487	1	4
8472	A	CATCC	5	8471	8475	CATAC	469	473	1	4
8472	A	CATCC	5	8471	8475	CAGCC	378	382	1	4
8472	A	CATCC	5	8471	8475	CACCC	110	114	1	4
8472	A	CATCC	5	8471	8475	CATGC	44	48	1	4
8472	A	CATCC	5	8471	8475	CACCC	15	19	1	4
8472	A	CATCC	5	8471	8475	CAACC	2836	2840	1	4
8472	A	CATCC	5	8471	8475	GATCC	2896	2900	1	4
8472	A	CATCC	5	8471	8475	AATCC	2945	2949	1	4
8472	A	CATCC	5	8471	8475	CACCC	3738	3742	1	4
8472	A	CATCC	5	8471	8475	CATCT	4493	4497	1	4
8472	A	CATCC	5	8471	8475	AATCC	4361	4365	1	4
8472	A	CATCC	5	8471	8475	CACCC	4194	4198	1	4
8472	A	CATCC	5	8471	8475	CTTCC	4029	4033	1	4
8472	A	CATCC	5	8471	8475	CAACC	3885	3889	1	4
8472	A	CATCC	5	8471	8475	CATCA	3836	3840	1	4
8472	A	CATCC	5	8471	8475	CACCC	3795	3799	1	4
8472	A	CATCC	5	8471	8475	CATTC	3750	3754	1	4
8472	A	CATCC	5	8471	8475	CATCA	3747	3751	1	4
8472	A	CATCC	5	8471	8475	CATCA	3671	3675	1	4
8472	A	CATCC	5	8471	8475	CAGCC	3017	3021	1	4
8472	A	CATCC	5	8471	8475	AATCC	3651	3655	1	4
8472	A	CATCC	5	8471	8475	CCTCC	3609	3613	1	4
8472	A	CATCC	5	8471	8475	CAACC	3600	3604	1	4
8472	A	CATCC	5	8471	8475	CAACC	3594	3598	1	4
8472	A	CATCC	5	8471	8475	CACCC	3510	3514	1	4
8472	A	CATCC	5	8471	8475	CATTC	3342	3346	1	4
8472	A	CATCC	5	8471	8475	CAACC	3318	3322	1	4
8472	A	CATCC	5	8471	8475	CACCC	3212	3216	1	4
8472	A	CATCC	5	8471	8475	AATCC	3084	3088	1	4
8472	A	ATCCC	5	8472	8476	TTCCC	16544	16548	1	4
8472	A	ATCCC	5	8472	8476	ATCCG	16492	16496	1	4
8472	A	ATCCC	5	8472	8476	ACCCC	13691	13695	1	4
8472	A	ATCCC	5	8472	8476	ATACC	16275	16279	1	4
8472	A	ATCCC	5	8472	8476	ACCCC	14628	14632	1	4
8472	A	ATCCC	5	8472	8476	AACCC	14627	14631	1	4
8472	A	ATCCC	5	8472	8476	ACCCC	14619	14623	1	4
8472	A	ATCCC	5	8472	8476	AACCC	14618	14622	1	4
8472	A	ATCCC	5	8472	8476	ACCCC	14587	14591	1	4
8472	A	ATCCC	5	8472	8476	CTCCC	5382	5386	1	4
8472	A	ATCCC	5	8472	8476	AACCC	14517	14521	1	4
8472	A	ATCCC	5	8472	8476	TTCCC	14487	14491	1	4
8472	A	ATCCC	5	8472	8476	ATCCA	14469	14473	1	4
8472	A	ATCCC	5	8472	8476	ACCCC	14424	14428	1	4
8472	A	ATCCC	5	8472	8476	ACCCC	14388	14392	1	4
8472	A	ATCCC	5	8472	8476	AACCC	14387	14391	1	4
8472	A	ATCCC	5	8472	8476	ATCCT	14370	14374	1	4
8472	A	ATCCC	5	8472	8476	ATCCT	14260	14264	1	4
8472	A	ATCCC	5	8472	8476	AGCCC	14242	14246	1	4
8472	A	ATCCC	5	8472	8476	ATCTC	14165	14169	1	4
8472	A	ATCCC	5	8472	8476	TTCCC	14153	14157	1	4
8472	A	ATCCC	5	8472	8476	ATTCC	14152	14156	1	4
8472	A	ATCCC	5	8472	8476	ATCAC	14140	14144	1	4
8472	A	ATCCC	5	8472	8476	ATCTC	14047	14051	1	4
8472	A	ATCCC	5	8472	8476	TTCCC	13752	13756	1	4
8472	A	ATCCC	5	8472	8476	AACCC	14640	14644	1	4
8472	A	ATCCC	5	8472	8476	ACCCC	14750	14754	1	4
8472	A	ATCCC	5	8472	8476	AACCC	14768	14772	1	4
8472	A	ATCCC	5	8472	8476	AGCCC	15552	15556	1	4
8472	A	ATCCC	5	8472	8476	ATCAC	16230	16234	1	4
8472	A	ATCCC	5	8472	8476	ACCCC	16183	16187	1	4
8472	A	ATCCC	5	8472	8476	AACCC	16182	16186	1	4
8472	A	ATCCC	5	8472	8476	ATCCA	16171	16175	1	4
8472	A	ATCCC	5	8472	8476	AACCC	16165	16169	1	4
8472	A	ATCCC	5	8472	8476	ATACC	15842	15846	1	4
8472	A	ATCCC	5	8472	8476	ATCCT	15836	15840	1	4
8472	A	ATCCC	5	8472	8476	ATCCT	15830	15834	1	4
8472	A	ATCCC	5	8472	8476	ATCCA	15673	15677	1	4
8472	A	ATCCC	5	8472	8476	ATACC	15513	15517	1	4
8472	A	ATCCC	5	8472	8476	ACCCC	14769	14773	1	4
8472	A	ATCCC	5	8472	8476	ATCAC	15398	15402	1	4
8472	A	ATCCC	5	8472	8476	ATCAC	15377	15381	1	4
8472	A	ATCCC	5	8472	8476	ACCCC	15366	15370	1	4
8472	A	ATCCC	5	8472	8476	GTCCC	15261	15265	1	4
8472	A	ATCCC	5	8472	8476	ATCCG	15196	15200	1	4
8472	A	ATCCC	5	8472	8476	ATCCT	15098	15102	1	4
8472	A	ATCCC	5	8472	8476	ATCGC	14942	14946	1	4
8472	A	ATCCC	5	8472	8476	ATCAC	14879	14883	1	4
8472	A	ATCCC	5	8472	8476	ATCCT	14870	14874	1	4
8472	A	ACATC	5	8470	8474	ACATG	2313	2317	1	4
8472	A	ACATC	5	8470	8474	ATATC	2382	2386	1	4
8472	A	ACATC	5	8470	8474	AAATC	2480	2484	1	4
8472	A	CTACA	5	8468	8472	CAACA	3806	3810	1	4
8472	A	CTACA	5	8468	8472	CTTCA	3471	3475	1	4
8472	A	CTACA	5	8468	8472	CTACC	3503	3507	1	4
8472	A	CTACA	5	8468	8472	CTACT	3556	3560	1	4
8472	A	CTACA	5	8468	8472	CTACG	3684	3688	1	4
8472	A	CTACA	5	8468	8472	CTACT	3754	3758	1	4
8472	A	CTACA	5	8468	8472	CTCCA	3792	3796	1	4
8472	A	CTACA	5	8468	8472	CTCCA	3867	3871	1	4
8472	A	CTACA	5	8468	8472	CTAAA	1525	1529	1	4
8472	A	CTACA	5	8468	8472	CCACA	3869	3873	1	4
8472	A	CTACA	5	8468	8472	CTTCA	3936	3940	1	4
8472	A	CTACA	5	8468	8472	ATACA	3987	3991	1	4
8472	A	CTACA	5	8468	8472	CTACG	4149	4153	1	4
8472	A	CTACA	5	8468	8472	TTACA	4232	4236	1	4
8472	A	CTACA	5	8468	8472	CTCCA	4239	4243	1	4
8472	A	CTACA	5	8468	8472	CTACT	3439	3443	1	4
8472	A	CTACA	5	8468	8472	CTACG	3403	3407	1	4
8472	A	CTACA	5	8468	8472	ATACA	3397	3401	1	4
8472	A	CTACA	5	8468	8472	TTACA	3272	3276	1	4
8472	A	CTACA	5	8468	8472	CAACA	2967	2971	1	4
8472	A	CTACA	5	8468	8472	CTAGA	2954	2958	1	4
8472	A	CTACA	5	8468	8472	CTATA	2884	2888	1	4
8472	A	CTACA	5	8468	8472	CTACT	2881	2885	1	4
8472	A	CTACA	5	8468	8472	CTTCA	2862	2866	1	4
8472	A	CTACA	5	8468	8472	CTACC	2785	2789	1	4
8472	A	CTACA	5	8468	8472	CTCCA	2637	2641	1	4
8472	A	CTACA	5	8468	8472	CAACA	2212	2216	1	4
8472	A	CTACA	5	8468	8472	CGACA	1989	1993	1	4
8472	A	CTACA	5	8468	8472	CTAAA	1933	1937	1	4
8472	A	CTACA	5	8468	8472	CTAGA	1865	1869	1	4
8472	A	CTACA	5	8468	8472	CTACC	1703	1707	1	4
8472	A	CTACA	5	8468	8472	CTCCA	1693	1697	1	4
8472	A	CTACA	5	8468	8472	CTACT	4496	4500	1	4
8472	A	CTACA	5	8468	8472	CTACC	4501	4505	1	4
8472	A	CTACA	5	8468	8472	CCACA	4624	4628	1	4
8472	A	CTACA	5	8468	8472	CTGCA	5593	5597	1	4
8472	A	CTACA	5	8468	8472	CTATA	6591	6595	1	4
8472	A	CTACA	5	8468	8472	CAACA	6548	6552	1	4
8472	A	CTACA	5	8468	8472	CTACT	6528	6532	1	4
8472	A	CTACA	5	8468	8472	CTATA	6523	6527	1	4
8472	A	CTACA	5	8468	8472	CAACA	6400	6404	1	4
8472	A	CTACA	5	8468	8472	CTACT	6308	6312	1	4
8472	A	CTACA	5	8468	8472	CTACC	6287	6291	1	4
8472	A	CTACA	5	8468	8472	CTATA	6250	6254	1	4
8472	A	CTACA	5	8468	8472	CTATA	5955	5959	1	4
8472	A	CTACA	5	8468	8472	CCACA	5936	5940	1	4
8472	A	CTACA	5	8468	8472	CTTCA	5872	5876	1	4
8472	A	CTACA	5	8468	8472	TTACA	5859	5863	1	4
8472	A	CTACA	5	8468	8472	CTTCA	5720	5724	1	4
8472	A	CTACA	5	8468	8472	CTAGA	5657	5661	1	4
8472	A	CTACA	5	8468	8472	ATACA	5527	5531	1	4
8472	A	CTACA	5	8468	8472	CTTCA	4694	4698	1	4
8472	A	CTACA	5	8468	8472	CTACT	5472	5476	1	4
8472	A	CTACA	5	8468	8472	CTACT	5379	5383	1	4
8472	A	CTACA	5	8468	8472	CTCCA	5363	5367	1	4
8472	A	CTACA	5	8468	8472	CTACT	5360	5364	1	4
8472	A	CTACA	5	8468	8472	CTACT	5154	5158	1	4
8472	A	CTACA	5	8468	8472	CTCCA	5135	5139	1	4
8472	A	CTACA	5	8468	8472	CTACT	5121	5125	1	4
8472	A	CTACA	5	8468	8472	CTACC	5107	5111	1	4
8472	A	CTACA	5	8468	8472	CTACT	5104	5108	1	4
8472	A	CTACA	5	8468	8472	CTACC	5049	5053	1	4
8472	A	CTACA	5	8468	8472	CTACG	4992	4996	1	4
8472	A	CTACA	5	8468	8472	CTATA	4771	4775	1	4
8472	A	CTACA	5	8468	8472	CTACC	4735	4739	1	4
8472	A	CTACA	5	8468	8472	CAACA	4697	4701	1	4
8472	A	CTACA	5	8468	8472	CTAAA	1672	1676	1	4
8472	A	CTACA	5	8468	8472	CTTCA	1508	1512	1	4
8472	A	CTACA	5	8468	8472	TTACA	6781	6785	1	4
8472	A	TACAT	5	8469	8473	AACAT	13660	13664	1	4
8472	A	TACAT	5	8469	8473	TATAT	12655	12659	1	4
8472	A	TACAT	5	8469	8473	AACAT	12673	12677	1	4
8472	A	TACAT	5	8469	8473	TACAC	13215	13219	1	4
8472	A	TACAT	5	8469	8473	TACAA	13281	13285	1	4
8472	A	TACAT	5	8469	8473	AACAT	13534	13538	1	4
8472	A	TACAT	5	8469	8473	TACAC	13543	13547	1	4
8472	A	TACAT	5	8469	8473	CACAT	13890	13894	1	4
8472	A	CTACA	5	8468	8472	CTACG	1385	1389	1	4
8472	A	TACAT	5	8469	8473	TACCT	14021	14025	1	4
8472	A	TACAT	5	8469	8473	CACAT	14142	14146	1	4
8472	A	TACAT	5	8469	8473	TACAA	14173	14177	1	4
8472	A	TACAT	5	8469	8473	TATAT	14178	14182	1	4
8472	A	TACAT	5	8469	8473	TACAA	14237	14241	1	4
8472	A	TACAT	5	8469	8473	TAAAT	14294	14298	1	4
8472	A	TACAT	5	8469	8473	TTCAT	12496	12500	1	4
8472	A	TACAT	5	8469	8473	TAAAT	12139	12143	1	4
8472	A	TACAT	5	8469	8473	TTCAT	12071	12075	1	4
8472	A	TACAT	5	8469	8473	TACAG	11944	11948	1	4
8472	A	TACAT	5	8469	8473	TGCAT	11617	11621	1	4
8472	A	TACAT	5	8469	8473	CACAT	11525	11529	1	4
8472	A	TACAT	5	8469	8473	TACTT	11448	11452	1	4
8472	A	TACAT	5	8469	8473	TACAC	11354	11358	1	4
8472	A	TACAT	5	8469	8473	AACAT	11282	11286	1	4
8472	A	TACAT	5	8469	8473	TACAC	11255	11259	1	4
8472	A	TACAT	5	8469	8473	AACAT	11083	11087	1	4
8472	A	TACAT	5	8469	8473	CACAT	10820	10824	1	4
8472	A	TACAT	5	8469	8473	TATAT	10786	10790	1	4
8472	A	TACAT	5	8469	8473	CACAT	10718	10722	1	4
8472	A	TACAT	5	8469	8473	TTCAT	10590	10594	1	4
8472	A	TACAT	5	8469	8473	TAAAT	10486	10490	1	4
8472	A	TACAT	5	8469	8473	TAAAT	10444	10448	1	4
8472	A	TACAT	5	8469	8473	TAAAT	14498	14502	1	4
8472	A	TACAT	5	8469	8473	TAAAT	14594	14598	1	4
8472	A	TACAT	5	8469	8473	TAAAT	14964	14968	1	4
8472	A	CTACA	5	8468	8472	ATACA	488	492	1	4
8472	A	CTACA	5	8468	8472	CTACC	1372	1376	1	4
8472	A	CTACA	5	8468	8472	CTTCA	1268	1272	1	4
8472	A	CTACA	5	8468	8472	CTAGA	1194	1198	1	4
8472	A	CTACA	5	8468	8472	CCACA	1150	1154	1	4
8472	A	CTACA	5	8468	8472	CTACG	1143	1147	1	4
8472	A	CTACA	5	8468	8472	CAACA	1120	1124	1	4
8472	A	CTACA	5	8468	8472	CAACA	1108	1112	1	4
8472	A	CTACA	5	8468	8472	CTACG	1020	1024	1	4
8472	A	CTACA	5	8468	8472	CTCCA	999	1003	1	4
8472	A	CTACA	5	8468	8472	CTAAA	973	977	1	4
8472	A	CTACA	5	8468	8472	CTATA	858	862	1	4
8472	A	CTACA	5	8468	8472	CCACA	797	801	1	4
8472	A	CTACA	5	8468	8472	TTACA	689	693	1	4
8472	A	CTACA	5	8468	8472	ATACA	604	608	1	4
8472	A	CTACA	5	8468	8472	CTACT	473	477	1	4
8472	A	TACAT	5	8469	8473	TACAA	15184	15188	1	4
8472	A	CTACA	5	8468	8472	CCACA	324	328	1	4
8472	A	CTACA	5	8468	8472	CCACA	268	272	1	4
8472	A	CTACA	5	8468	8472	CTGCA	253	257	1	4
8472	A	CTACA	5	8468	8472	CTAAA	198	202	1	4
8472	A	CTACA	5	8468	8472	TTACA	179	183	1	4
8472	A	TACAT	5	8469	8473	TAAAT	16551	16555	1	4
8472	A	TACAT	5	8469	8473	TACAG	16342	16346	1	4
8472	A	TACAT	5	8469	8473	CACAT	16337	16341	1	4
8472	A	TACAT	5	8469	8473	TACAA	16199	16203	1	4
8472	A	TACAT	5	8469	8473	TACTT	16140	16144	1	4
8472	A	TACAT	5	8469	8473	TAAAT	16136	16140	1	4
8472	A	TACAT	5	8469	8473	TTCAT	16028	16032	1	4
8472	A	TACAT	5	8469	8473	GACAT	15466	15470	1	4
8472	A	TACAT	5	8469	8473	TACCT	15283	15287	1	4
8472	A	CTACA	5	8468	8472	CTACT	6683	6687	1	4
8472	A	CTACA	5	8468	8472	CTACC	6826	6830	1	4
8472	A	ACATC	5	8470	8474	ACCTC	2512	2516	1	4
8472	A	CTACA	5	8468	8472	CTTCA	13442	13446	1	4
8472	A	CTACA	5	8468	8472	CTCCA	13248	13252	1	4
8472	A	CTACA	5	8468	8472	CTTCA	13253	13257	1	4
8472	A	CTACA	5	8468	8472	TTACA	13280	13284	1	4
8472	A	CTACA	5	8468	8472	CTTCA	13338	13342	1	4
8472	A	CTACA	5	8468	8472	CCACA	13377	13381	1	4
8472	A	CTACA	5	8468	8472	CTACT	13420	13424	1	4
8472	A	CTACA	5	8468	8472	CTACT	13503	13507	1	4
8472	A	CTACA	5	8468	8472	CCACA	11994	11998	1	4
8472	A	CTACA	5	8468	8472	CTCCA	13506	13510	1	4
8472	A	CTACA	5	8468	8472	CTAAA	13687	13691	1	4
8472	A	CTACA	5	8468	8472	CAACA	13775	13779	1	4
8472	A	CTACA	5	8468	8472	CTCCA	13902	13906	1	4
8472	A	CTACA	5	8468	8472	CTACC	13920	13924	1	4
8472	A	CTACA	5	8468	8472	CTAGA	14008	14012	1	4
8472	A	CTACA	5	8468	8472	CTATA	13088	13092	1	4
8472	A	CTACA	5	8468	8472	CTCCA	13075	13079	1	4
8472	A	CTACA	5	8468	8472	CTACT	12973	12977	1	4
8472	A	CTACA	5	8468	8472	CTAAA	12946	12950	1	4
8472	A	CTACA	5	8468	8472	CAACA	12931	12935	1	4
8472	A	CTACA	5	8468	8472	CTCCA	12912	12916	1	4
8472	A	CTACA	5	8468	8472	ATACA	12855	12859	1	4
8472	A	CTACA	5	8468	8472	CTACT	12697	12701	1	4
8472	A	CTACA	5	8468	8472	CTTCA	12687	12691	1	4
8472	A	CTACA	5	8468	8472	CTAGA	12580	12584	1	4
8472	A	CTACA	5	8468	8472	CTTCA	12573	12577	1	4
8472	A	CTACA	5	8468	8472	CCACA	12542	12546	1	4
8472	A	CTACA	5	8468	8472	CAACA	12488	12492	1	4
8472	A	CTACA	5	8468	8472	CTATA	12353	12357	1	4
8472	A	CTACA	5	8468	8472	CTACT	12350	12354	1	4
8472	A	CTACA	5	8468	8472	CTCCA	12322	12326	1	4
8472	A	CTACA	5	8468	8472	CAACA	12178	12182	1	4
8472	A	CTACA	5	8468	8472	CTCCA	14049	14053	1	4
8472	A	CTACA	5	8468	8472	TTACA	14172	14176	1	4
8472	A	CTACA	5	8468	8472	ATACA	14181	14185	1	4
8472	A	CTACA	5	8468	8472	CTCCA	15329	15333	1	4
8472	A	CTACA	5	8468	8472	CTAAA	16478	16482	1	4
8472	A	CTACA	5	8468	8472	CTACT	16439	16443	1	4
8472	A	CTACA	5	8468	8472	TTACA	16341	16345	1	4
8472	A	CTACA	5	8468	8472	CTCCA	16248	16252	1	4
8472	A	CTACA	5	8468	8472	CTGCA	16242	16246	1	4
8472	A	CTACA	5	8468	8472	GTACA	16208	16212	1	4
8472	A	CTACA	5	8468	8472	CAACA	16076	16080	1	4
8472	A	CTACA	5	8468	8472	CTCCA	15975	15979	1	4
8472	A	CTACA	5	8468	8472	ATACA	15907	15911	1	4
8472	A	CTACA	5	8468	8472	CAACA	15825	15829	1	4
8472	A	CTACA	5	8468	8472	CTTCA	15820	15824	1	4
8472	A	CTACA	5	8468	8472	CTATA	15815	15819	1	4
8472	A	CTACA	5	8468	8472	CTACC	15778	15782	1	4
8472	A	CTACA	5	8468	8472	CAACA	15680	15684	1	4
8472	A	CTACA	5	8468	8472	CAACA	15324	15328	1	4
8472	A	CTACA	5	8468	8472	CTACT	14211	14215	1	4
8472	A	CTACA	5	8468	8472	CTACT	15247	15251	1	4
8472	A	CTACA	5	8468	8472	TTACA	15183	15187	1	4
8472	A	CTACA	5	8468	8472	CCACA	15174	15178	1	4
8472	A	CTACA	5	8468	8472	CAACA	15120	15124	1	4
8472	A	CTACA	5	8468	8472	CTATA	15114	15118	1	4
8472	A	CTACA	5	8468	8472	CTACT	15070	15074	1	4
8472	A	CTACA	5	8468	8472	CTACT	14908	14912	1	4
8472	A	CTACA	5	8468	8472	CCACA	14883	14887	1	4
8472	A	CTACA	5	8468	8472	CAACA	14650	14654	1	4
8472	A	CTACA	5	8468	8472	CTAAA	14637	14641	1	4
8472	A	CTACA	5	8468	8472	CTAAA	14583	14587	1	4
8472	A	CTACA	5	8468	8472	CCACA	14562	14566	1	4
8472	A	CTACA	5	8468	8472	CCACA	14328	14332	1	4
8472	A	CTACA	5	8468	8472	CTACT	14214	14218	1	4
8472	A	CTACA	5	8468	8472	CAACA	11997	12001	1	4
8472	A	CTACA	5	8468	8472	CTACT	11810	11814	1	4
8472	A	CTACA	5	8468	8472	CCACA	6877	6881	1	4
8472	A	CTACA	5	8468	8472	CTAAA	8714	8718	1	4
8472	A	CTACA	5	8468	8472	TTACA	8356	8360	1	4
8472	A	CTACA	5	8468	8472	CTACC	8382	8386	1	4
8472	A	CTACA	5	8468	8472	CTAAA	8441	8445	1	4
8472	A	CTACA	5	8468	8472	CTACC	8461	8465	1	4
8472	A	CTACA	5	8468	8472	CAACA	8640	8644	1	4
8472	A	CTACA	5	8468	8472	CAACA	8709	8713	1	4
8472	A	CTACA	5	8468	8472	CCACA	8765	8769	1	4
8472	A	CTACA	5	8468	8472	CTTCA	11801	11805	1	4
8472	A	CTACA	5	8468	8472	TTACA	8801	8805	1	4
8472	A	CTACA	5	8468	8472	CTATA	8822	8826	1	4
8472	A	CTACA	5	8468	8472	CCACA	8914	8918	1	4
8472	A	CTACA	5	8468	8472	CTGCA	9020	9024	1	4
8472	A	CTACA	5	8468	8472	CTTCA	9102	9106	1	4
8472	A	CTACA	5	8468	8472	CTACT	9118	9122	1	4
8472	A	CTACA	5	8468	8472	CTAGA	8287	8291	1	4
8472	A	CTACA	5	8468	8472	CTACC	8278	8282	1	4
8472	A	CTACA	5	8468	8472	CCACA	8194	8198	1	4
8472	A	CTACA	5	8468	8472	CTACG	8161	8165	1	4
8472	A	CTACA	5	8468	8472	CTAAA	8120	8124	1	4
8472	A	CTACA	5	8468	8472	CTTCA	7936	7940	1	4
8472	A	CTACA	5	8468	8472	CTACG	7921	7925	1	4
8472	A	CTACA	5	8468	8472	GTACA	7912	7916	1	4
8472	A	CTACA	5	8468	8472	CAACA	7725	7729	1	4
8472	A	CTACA	5	8468	8472	CTAGA	7441	7445	1	4
8472	A	CTACA	5	8468	8472	CCACA	7409	7413	1	4
8472	A	CTACA	5	8468	8472	CTACC	7229	7233	1	4
8472	A	CTACA	5	8468	8472	CAACA	7185	7189	1	4
8472	A	CTACA	5	8468	8472	CGACA	7007	7011	1	4
8472	A	CTACA	5	8468	8472	CTAGA	6990	6994	1	4
8472	A	CTACA	5	8468	8472	CTGCA	6910	6914	1	4
8472	A	CTACA	5	8468	8472	CTCCA	6882	6886	1	4
8472	A	CTACA	5	8468	8472	CGACA	9195	9199	1	4
8472	A	CTACA	5	8468	8472	CAACA	9198	9202	1	4
8472	A	CTACA	5	8468	8472	CCACA	9416	9420	1	4
8472	A	CTACA	5	8468	8472	CAACA	10894	10898	1	4
8472	A	CTACA	5	8468	8472	CTACG	11758	11762	1	4
8472	A	CTACA	5	8468	8472	CTTCA	11683	11687	1	4
8472	A	CTACA	5	8468	8472	CTTCA	11625	11629	1	4
8472	A	CTACA	5	8468	8472	CGACA	11591	11595	1	4
8472	A	CTACA	5	8468	8472	CTCCA	11393	11397	1	4
8472	A	CTACA	5	8468	8472	CTACT	11291	11295	1	4
8472	A	CTACA	5	8468	8472	CTACT	11288	11292	1	4
8472	A	CTACA	5	8468	8472	CTAAA	11279	11283	1	4
8472	A	CTACA	5	8468	8472	CAACA	11263	11267	1	4
8472	A	CTACA	5	8468	8472	TTACA	11254	11258	1	4
8472	A	CTACA	5	8468	8472	CCACA	11130	11134	1	4
8472	A	CTACA	5	8468	8472	CCACA	11094	11098	1	4
8472	A	CTACA	5	8468	8472	CTATA	11049	11053	1	4
8472	A	CTACA	5	8468	8472	CAACA	10897	10901	1	4
8472	A	CTACA	5	8468	8472	CTACT	10874	10878	1	4
8472	A	CTACA	5	8468	8472	CTCCA	9515	9519	1	4
8472	A	CTACA	5	8468	8472	CAACA	10834	10838	1	4
8472	A	CTACA	5	8468	8472	CTAAA	10763	10767	1	4
8472	A	CTACA	5	8468	8472	CTCCA	10755	10759	1	4
8472	A	CTACA	5	8468	8472	CTCCA	10712	10716	1	4
8472	A	CTACA	5	8468	8472	CTACT	10600	10604	1	4
8472	A	CTACA	5	8468	8472	CTAGA	10257	10261	1	4
8472	A	CTACA	5	8468	8472	CCACA	10131	10135	1	4
8472	A	CTACA	5	8468	8472	CTACC	10128	10132	1	4
8472	A	CTACA	5	8468	8472	CTACT	10104	10108	1	4
8472	A	CTACA	5	8468	8472	CAACA	10085	10089	1	4
8472	A	CTACA	5	8468	8472	CTTCA	9822	9826	1	4
8472	A	CTACA	5	8468	8472	CCACA	9805	9809	1	4
8472	A	CTACA	5	8468	8472	CTACG	9782	9786	1	4
8472	A	CTACA	5	8468	8472	TTACA	9700	9704	1	4
8472	A	TACAT	5	8469	8473	TATAT	10408	10412	1	4
8472	A	TACAT	5	8469	8473	TACCT	10238	10242	1	4
8472	A	TACAT	5	8469	8473	TAAAT	10003	10007	1	4
8472	A	ACATC	5	8470	8474	ATATC	8631	8635	1	4
8472	A	ACATC	5	8470	8474	AAATC	8178	8182	1	4
8472	A	ACATC	5	8470	8474	CCATC	8208	8212	1	4
8472	A	ACATC	5	8470	8474	AAATC	8235	8239	1	4
8472	A	ACATC	5	8470	8474	ACACC	8348	8352	1	4
8472	A	ACATC	5	8470	8474	ACCTC	8350	8354	1	4
8472	A	ACATC	5	8470	8474	AAATC	8535	8539	1	4
8472	A	ACATC	5	8470	8474	TCATC	8636	8640	1	4
8472	A	ACATC	5	8470	8474	ACACC	6599	6603	1	4
8472	A	ACATC	5	8470	8474	ACCTC	8683	8687	1	4
8472	A	ACATC	5	8470	8474	ACAAC	8708	8712	1	4
8472	A	ACATC	5	8470	8474	ACAAC	8767	8771	1	4
8472	A	ACATC	5	8470	8474	ACTTC	8906	8910	1	4
8472	A	ACATC	5	8470	8474	CCATC	8963	8967	1	4
8472	A	ACATC	5	8470	8474	ACATT	9014	9018	1	4
8472	A	ACATC	5	8470	8474	ACGTC	8116	8120	1	4
8472	A	ACATC	5	8470	8474	ACATT	8084	8088	1	4
8472	A	ACATC	5	8470	8474	ACGTC	8058	8062	1	4
8472	A	ACATC	5	8470	8474	AAATC	7877	7881	1	4
8472	A	ACATC	5	8470	8474	CCATC	7872	7876	1	4
8472	A	ACATC	5	8470	8474	TCATC	7809	7813	1	4
8472	A	ACATC	5	8470	8474	CCATC	7794	7798	1	4
8472	A	ACATC	5	8470	8474	ACAAC	7724	7728	1	4
8472	A	ACATC	5	8470	8474	AAATC	7437	7441	1	4
8472	A	ACATC	5	8470	8474	ACAGC	7290	7294	1	4
8472	A	ACATC	5	8470	8474	TCATC	7263	7267	1	4
8472	A	ACATC	5	8470	8474	ACATG	7248	7252	1	4
8472	A	ACATC	5	8470	8474	ACAAC	7184	7188	1	4
8472	A	ACATC	5	8470	8474	CCATC	7066	7070	1	4
8472	A	ACATC	5	8470	8474	TCATC	6984	6988	1	4
8472	A	ACATC	5	8470	8474	TCATC	6835	6839	1	4
8472	A	ACATC	5	8470	8474	ACACC	6770	6774	1	4
8472	A	ACATC	5	8470	8474	ATATC	9067	9071	1	4
8472	A	ACATC	5	8470	8474	TCATC	9098	9102	1	4
8472	A	ACATC	5	8470	8474	AAATC	9134	9138	1	4
8472	A	ACATC	5	8470	8474	ACTTC	10514	10518	1	4
8472	A	ACATC	5	8470	8474	ACATA	11526	11530	1	4
8472	A	ACATC	5	8470	8474	CCATC	11430	11434	1	4
8472	A	ACATC	5	8470	8474	ACAAC	11334	11338	1	4
8472	A	ACATC	5	8470	8474	ACAAC	11262	11266	1	4
8472	A	ACATC	5	8470	8474	TCATC	11241	11245	1	4
8472	A	ACATC	5	8470	8474	TCATC	11154	11158	1	4
8472	A	ACATC	5	8470	8474	AAATC	11067	11071	1	4
8472	A	ACATC	5	8470	8474	ACAAC	10896	10900	1	4
8472	A	ACATC	5	8470	8474	AAATC	10890	10894	1	4
8472	A	ACATC	5	8470	8474	GCATC	10863	10867	1	4
8472	A	ACATC	5	8470	8474	ACATA	10821	10825	1	4
8472	A	ACATC	5	8470	8474	ACATA	10719	10723	1	4
8472	A	ACATC	5	8470	8474	ACCTC	10543	10547	1	4
8472	A	ACATC	5	8470	8474	ACACC	10541	10545	1	4
8472	A	ACATC	5	8470	8474	CCATC	10507	10511	1	4
8472	A	ACATC	5	8470	8474	ACTTC	9171	9175	1	4
8472	A	ACATC	5	8470	8474	TCATC	10342	10346	1	4
8472	A	ACATC	5	8470	8474	ACAAC	10299	10303	1	4
8472	A	ACATC	5	8470	8474	ACAAC	10133	10137	1	4
8472	A	ACATC	5	8470	8474	ACTTC	10063	10067	1	4
8472	A	ACATC	5	8470	8474	ACAAC	10039	10043	1	4
8472	A	ACATC	5	8470	8474	ACGTC	9826	9830	1	4
8472	A	ACATC	5	8470	8474	ACTTC	9821	9825	1	4
8472	A	ACATC	5	8470	8474	ACATT	9792	9796	1	4
8472	A	ACATC	5	8470	8474	GCATC	9778	9782	1	4
8472	A	ACATC	5	8470	8474	GCATC	9621	9625	1	4
8472	A	ACATC	5	8470	8474	GCATC	9565	9569	1	4
8472	A	ACATC	5	8470	8474	ACACC	9420	9424	1	4
8472	A	ACATC	5	8470	8474	ACATA	9202	9206	1	4
8472	A	ACATC	5	8470	8474	ACAAC	9197	9201	1	4
8472	A	ACATC	5	8470	8474	ATATC	6735	6739	1	4
8472	A	ACATC	5	8470	8474	ACACC	6550	6554	1	4
8472	A	TACAT	5	8469	8473	TAGAT	9940	9944	1	4
8472	A	ACATC	5	8470	8474	ACATT	3995	3999	1	4
8472	A	ACATC	5	8470	8474	ACATT	3763	3767	1	4
8472	A	ACATC	5	8470	8474	ACCTC	3788	3792	1	4
8472	A	ACATC	5	8470	8474	ACAAC	3805	3809	1	4
8472	A	ACATC	5	8470	8474	ACACC	3816	3820	1	4
8472	A	ACATC	5	8470	8474	ACCTC	3818	3822	1	4
8472	A	ACATC	5	8470	8474	CCATC	3835	3839	1	4
8472	A	ACATC	5	8470	8474	ACAAC	4039	4043	1	4
8472	A	ACATC	5	8470	8474	ACCTC	6544	6548	1	4
8472	A	ACATC	5	8470	8474	ACATA	4042	4046	1	4
8472	A	ACATC	5	8470	8474	ACAAC	4072	4076	1	4
8472	A	ACATC	5	8470	8474	ACATA	4075	4079	1	4
8472	A	ACATC	5	8470	8474	ACAGC	4129	4133	1	4
8472	A	ACATC	5	8470	8474	TCATC	4492	4496	1	4
8472	A	ACATC	5	8470	8474	CCATC	4504	4508	1	4
8472	A	ACATC	5	8470	8474	CCATC	3746	3750	1	4
8472	A	ACATC	5	8470	8474	GCATC	3670	3674	1	4
8472	A	ACATC	5	8470	8474	ACCTC	3628	3632	1	4
8472	A	ACATC	5	8470	8474	ACCTC	3596	3600	1	4
8472	A	ACATC	5	8470	8474	CCATC	3545	3549	1	4
8472	A	ACATC	5	8470	8474	CCATC	3506	3510	1	4
8472	A	ACATC	5	8470	8474	ACAAC	3302	3306	1	4
8472	A	ACATC	5	8470	8474	TCATC	3183	3187	1	4
8472	A	ACATC	5	8470	8474	ATATC	3180	3184	1	4
8472	A	ACATC	5	8470	8474	ACCTC	2984	2988	1	4
8472	A	ACATC	5	8470	8474	ATATC	2963	2967	1	4
8472	A	ACATC	5	8470	8474	ACAGC	2938	2942	1	4
8472	A	ACATC	5	8470	8474	ACTTC	2861	2865	1	4
8472	A	ACATC	5	8470	8474	ACCTC	2820	2824	1	4
8472	A	ACATC	5	8470	8474	ACAGC	2709	2713	1	4
8472	A	ACATC	5	8470	8474	ACATG	2556	2560	1	4
8472	A	ACATC	5	8470	8474	GCATC	2519	2523	1	4
8472	A	ACATC	5	8470	8474	TCATC	4522	4526	1	4
8472	A	ACATC	5	8470	8474	ACAGC	4527	4531	1	4
8472	A	ACATC	5	8470	8474	CCATC	4636	4640	1	4
8472	A	ACATC	5	8470	8474	AAATC	5625	5629	1	4
8472	A	ACATC	5	8470	8474	GCATC	6517	6521	1	4
8472	A	ACATC	5	8470	8474	ACAGC	6474	6478	1	4
8472	A	ACATC	5	8470	8474	ACAAC	6399	6403	1	4
8472	A	ACATC	5	8470	8474	CCATC	6385	6389	1	4
8472	A	ACATC	5	8470	8474	CCATC	6340	6344	1	4
8472	A	ACATC	5	8470	8474	GCATC	6243	6247	1	4
8472	A	ACATC	5	8470	8474	ACATA	6199	6203	1	4
8472	A	ACATC	5	8470	8474	ACAAC	6196	6200	1	4
8472	A	ACATC	5	8470	8474	CCATC	6118	6122	1	4
8472	A	ACATC	5	8470	8474	ACAGC	5994	5998	1	4
8472	A	ACATC	5	8470	8474	ACATT	5944	5948	1	4
8472	A	ACATC	5	8470	8474	ACCTC	5816	5820	1	4
8472	A	ACATC	5	8470	8474	AAATC	5811	5815	1	4
8472	A	ACATC	5	8470	8474	ACAGC	5695	5699	1	4
8472	A	ACATC	5	8470	8474	ACAGC	5582	5586	1	4
8472	A	ACATC	5	8470	8474	TCATC	4749	4753	1	4
8472	A	ACATC	5	8470	8474	TCATC	5455	5459	1	4
8472	A	ACATC	5	8470	8474	ACAAC	5395	5399	1	4
8472	A	ACATC	5	8470	8474	ATATC	5388	5392	1	4
8472	A	ACATC	5	8470	8474	ACCTC	5335	5339	1	4
8472	A	ACATC	5	8470	8474	CCATC	5320	5324	1	4
8472	A	ACATC	5	8470	8474	TCATC	5296	5300	1	4
8472	A	ACATC	5	8470	8474	ACATG	5181	5185	1	4
8472	A	ACATC	5	8470	8474	ACATA	5065	5069	1	4
8472	A	ACATC	5	8470	8474	ACATA	5026	5030	1	4
8472	A	ACATC	5	8470	8474	AAATC	4999	5003	1	4
8472	A	ACATC	5	8470	8474	AAATC	4900	4904	1	4
8472	A	ACATC	5	8470	8474	CCATC	4882	4886	1	4
8472	A	ACATC	5	8470	8474	ACATG	4863	4867	1	4
8472	A	ACATC	5	8470	8474	ACTTC	4804	4808	1	4
8472	A	ACATC	5	8470	8474	ACATA	11637	11641	1	4
8472	A	ACATC	5	8470	8474	GCATC	11778	11782	1	4
8472	A	ACATC	5	8470	8474	ACTTC	11800	11804	1	4
8472	A	TACAT	5	8469	8473	AACAT	3994	3998	1	4
8472	A	TACAT	5	8469	8473	TACTT	2661	2665	1	4
8472	A	TACAT	5	8469	8473	TACCT	2759	2763	1	4
8472	A	TACAT	5	8469	8473	TCCAT	2960	2964	1	4
8472	A	TACAT	5	8469	8473	TAAAT	3174	3178	1	4
8472	A	TACAT	5	8469	8473	TACAG	3273	3277	1	4
8472	A	TACAT	5	8469	8473	TACAC	3988	3992	1	4
8472	A	TACAT	5	8469	8473	TACTT	4205	4209	1	4
8472	A	ACATC	5	8470	8474	ACTTC	11836	11840	1	4
8472	A	TACAT	5	8469	8473	TATAT	4209	4213	1	4
8472	A	TACAT	5	8469	8473	TACAA	4233	4237	1	4
8472	A	TACAT	5	8469	8473	TACTT	4286	4290	1	4
8472	A	TACAT	5	8469	8473	TAAAT	4299	4303	1	4
8472	A	TACAT	5	8469	8473	TACCT	4553	4557	1	4
8472	A	TACAT	5	8469	8473	AACAT	4575	4579	1	4
8472	A	TACAT	5	8469	8473	TAAAT	2614	2618	1	4
8472	A	TACAT	5	8469	8473	CACAT	2555	2559	1	4
8472	A	TACAT	5	8469	8473	AACAT	2320	2324	1	4
8472	A	TACAT	5	8469	8473	AACAT	2312	2316	1	4
8472	A	TACAT	5	8469	8473	AACAT	2238	2242	1	4
8472	A	TACAT	5	8469	8473	TAAAT	2083	2087	1	4
8472	A	TACAT	5	8469	8473	TAAAT	2049	2053	1	4
8472	A	TACAT	5	8469	8473	TAGAT	1774	1778	1	4
8472	A	TACAT	5	8469	8473	TACAC	1633	1637	1	4
8472	A	TACAT	5	8469	8473	AACAT	1564	1568	1	4
8472	A	TACAT	5	8469	8473	TATAT	1543	1547	1	4
8472	A	TACAT	5	8469	8473	GACAT	1516	1520	1	4
8472	A	TACAT	5	8469	8473	TACAC	1477	1481	1	4
8472	A	TACAT	5	8469	8473	TAGAT	1077	1081	1	4
8472	A	TACAT	5	8469	8473	AACAT	1036	1040	1	4
8472	A	TACAT	5	8469	8473	CACAT	692	696	1	4
8472	A	TACAT	5	8469	8473	TACAC	690	694	1	4
8472	A	TACAT	5	8469	8473	CACAT	4862	4866	1	4
8472	A	TACAT	5	8469	8473	AACAT	5064	5068	1	4
8472	A	TACAT	5	8469	8473	TATAT	5091	5095	1	4
8472	A	TACAT	5	8469	8473	CACAT	7412	7416	1	4
8472	A	TACAT	5	8469	8473	TACAA	9701	9705	1	4
8472	A	TACAT	5	8469	8473	CACAT	9401	9405	1	4
8472	A	TACAT	5	8469	8473	CACAT	9220	9224	1	4
8472	A	TACAT	5	8469	8473	CACAT	9201	9205	1	4
8472	A	TACAT	5	8469	8473	AACAT	9013	9017	1	4
8472	A	TACAT	5	8469	8473	TACAC	8705	8709	1	4
8472	A	TACAT	5	8469	8473	TTCAT	8551	8555	1	4
8472	A	TACAT	5	8469	8473	TACAC	8419	8423	1	4
8472	A	TACAT	5	8469	8473	TACAG	8357	8361	1	4
8472	A	TACAT	5	8469	8473	TTCAT	8201	8205	1	4
8472	A	TACAT	5	8469	8473	TTCAT	7653	7657	1	4
8472	A	TACAT	5	8469	8473	CACAT	7590	7594	1	4
8472	A	TACAT	5	8469	8473	TAAAT	7556	7560	1	4
8472	A	TACAT	5	8469	8473	TTCAT	7537	7541	1	4
8472	A	TACAT	5	8469	8473	TTCAT	7311	7315	1	4
8472	A	TACAT	5	8469	8473	AACAT	5180	5184	1	4
8472	A	TACAT	5	8469	8473	TTCAT	7278	7282	1	4
8472	A	TACAT	5	8469	8473	TGCAT	7238	7242	1	4
8472	A	TACAT	5	8469	8473	TACAG	6782	6786	1	4
8472	A	TACAT	5	8469	8473	TATAT	6776	6780	1	4
8472	A	TACAT	5	8469	8473	TATAT	6633	6637	1	4
8472	A	TACAT	5	8469	8473	TGCAT	6086	6090	1	4
8472	A	TACAT	5	8469	8473	GACAT	5943	5947	1	4
8472	A	TACAT	5	8469	8473	TACAG	5860	5864	1	4
8472	A	TACAT	5	8469	8473	TAGAT	5854	5858	1	4
8472	A	TACAT	5	8469	8473	TACTT	5567	5571	1	4
8472	A	TACAT	5	8469	8473	TACAG	5528	5532	1	4
8472	A	TACAT	5	8469	8473	TAAAT	5524	5528	1	4
8472	A	TACAT	5	8469	8473	TACAA	5426	5430	1	4
8472	A	TACAT	5	8469	8473	AACAT	5422	5426	1	4
8472	A	TACAT	5	8469	8473	TACAC	605	609	1	4
8472	A	TACAT	5	8469	8473	CACAT	445	449	1	4
8472	A	TACAT	5	8469	8473	GACAT	229	233	1	4
8472	A	ACATC	5	8470	8474	ACAGC	12832	12836	1	4
8472	A	ACATC	5	8470	8474	ACATT	13661	13665	1	4
8472	A	ACATC	5	8470	8474	ACCTC	13638	13642	1	4
8472	A	ACATC	5	8470	8474	TCATC	13574	13578	1	4
8472	A	ACATC	5	8470	8474	ATATC	13537	13541	1	4
8472	A	ACATC	5	8470	8474	ACATA	13535	13539	1	4
8472	A	ACATC	5	8470	8474	TCATC	13520	13524	1	4
8472	A	ACATC	5	8470	8474	ACTTC	13441	13445	1	4
8472	A	ACATC	5	8470	8474	ACACC	13302	13306	1	4
8472	A	ACATC	5	8470	8474	GCATC	13289	13293	1	4
8472	A	ACATC	5	8470	8474	ACTTC	13252	13256	1	4
8472	A	ACATC	5	8470	8474	AAATC	13235	13239	1	4
8472	A	ACATC	5	8470	8474	AAATC	13003	13007	1	4
8472	A	ACATC	5	8470	8474	ACAAC	12930	12934	1	4
8472	A	ACATC	5	8470	8474	ATATC	12872	12876	1	4
8472	A	ACATC	5	8470	8474	TCATC	12797	12801	1	4
8472	A	ACATC	5	8470	8474	ACATT	13748	13752	1	4
8472	A	ACATC	5	8470	8474	TCATC	12701	12705	1	4
8472	A	ACATC	5	8470	8474	ATATC	12693	12697	1	4
8472	A	ACATC	5	8470	8474	ACATT	12674	12678	1	4
8472	A	ACATC	5	8470	8474	ACAAC	12487	12491	1	4
8472	A	ACATC	5	8470	8474	ACAGC	12280	12284	1	4
8472	A	ACATC	5	8470	8474	ACATG	12252	12256	1	4
8472	A	ACATC	5	8470	8474	ACAAC	12249	12253	1	4
8472	A	ACATC	5	8470	8474	ACAAC	12177	12181	1	4
8472	A	ACATC	5	8470	8474	ACATA	12033	12037	1	4
8472	A	ACATC	5	8470	8474	ACAAC	12030	12034	1	4
8472	A	ACATC	5	8470	8474	ACATT	12024	12028	1	4
8472	A	ACATC	5	8470	8474	ACAAC	11996	12000	1	4
8472	A	ACATC	5	8470	8474	ATATC	11928	11932	1	4
8472	A	ACATC	5	8470	8474	ACCTC	11856	11860	1	4
8472	A	ACATC	5	8470	8474	ACAAC	13745	13749	1	4
8472	A	ACATC	5	8470	8474	ACAAC	13774	13778	1	4
8472	A	TACAT	5	8469	8473	TACTT	192	196	1	4
8472	A	ACATC	5	8470	8474	AAATC	14877	14881	1	4
8472	A	TACAT	5	8469	8473	AACAT	188	192	1	4
8472	A	TACAT	5	8469	8473	TACAG	180	184	1	4
8472	A	TACAT	5	8469	8473	TGCAT	46	50	1	4
8472	A	ACATC	5	8470	8474	AAATC	16415	16419	1	4
8472	A	ACATC	5	8470	8474	ACATT	16338	16342	1	4
8472	A	ACATC	5	8470	8474	CCATC	16072	16076	1	4
8472	A	ACATC	5	8470	8474	AAATC	15953	15957	1	4
8472	A	ACATC	5	8470	8474	ACAAC	15824	15828	1	4
8472	A	ACATC	5	8470	8474	CCATC	15789	15793	1	4
8472	A	ACATC	5	8470	8474	ACAAC	15679	15683	1	4
8472	A	ACATC	5	8470	8474	ACATT	15467	15471	1	4
8472	A	ACATC	5	8470	8474	AAATC	15396	15400	1	4
8472	A	ACATC	5	8470	8474	ACTTC	15291	15295	1	4
8472	A	ACATC	5	8470	8474	ATATC	15158	15162	1	4
8472	A	ACATC	5	8470	8474	ACTTC	14841	14845	1	4
8472	A	ACATC	5	8470	8474	ACTTC	13827	13831	1	4
8472	A	ACATC	5	8470	8474	ACACC	14741	14745	1	4
8472	A	ACATC	5	8470	8474	CCATC	14716	14720	1	4
8472	A	ACATC	5	8470	8474	ACACC	14564	14568	1	4
8472	A	ACATC	5	8470	8474	CCATC	14454	14458	1	4
8472	A	ACATC	5	8470	8474	ACCTC	14411	14415	1	4
8472	A	ACATC	5	8470	8474	CCATC	14342	14346	1	4
8472	A	ACATC	5	8470	8474	ACATA	14143	14147	1	4
8472	A	ACATC	5	8470	8474	ACCTC	14065	14069	1	4
8472	A	ACATC	5	8470	8474	TCATC	14060	14064	1	4
8472	A	ACATC	5	8470	8474	AAATC	14045	14049	1	4
8472	A	ACATC	5	8470	8474	ACAGC	14037	14041	1	4
8472	A	ACATC	5	8470	8474	GCATC	13928	13932	1	4
8472	A	ACATC	5	8470	8474	ACATT	13891	13895	1	4
8472	A	ACATC	5	8470	8474	ACCTC	13844	13848	1	4
8472	A	ATCCC	5	8472	8476	AACCC	5431	5435	1	4
8472	A	ATCCC	5	8472	8476	ATCAC	5373	5377	1	4
8472	A	ATCCC	5	8472	8476	ATTCC	5199	5203	1	4
8472	A	ATCCC	5	8472	8476	ACCCC	1900	1904	1	4
8472	A	ATCCC	5	8472	8476	AACCC	3564	3568	1	4
8472	A	ATCCC	5	8472	8476	AGCCC	3482	3486	1	4
8472	A	ATCCC	5	8472	8476	ATCGC	3349	3353	1	4
8472	A	ATCCC	5	8472	8476	ATCGC	3252	3256	1	4
8472	A	ATCCC	5	8472	8476	AGCCC	3243	3247	1	4
8472	A	ATCCC	5	8472	8476	ATACC	3201	3205	1	4
8472	A	ATCCC	5	8472	8476	ATCCA	3085	3089	1	4
8472	A	ATCCC	5	8472	8476	ATCCT	2946	2950	1	4
8472	A	ATCCC	5	8472	8476	ATCCA	2897	2901	1	4
8472	A	ATCCC	5	8472	8476	AACCC	2832	2836	1	4
8472	A	ATCCC	5	8472	8476	AACCC	2768	2772	1	4
8472	A	ATCCC	5	8472	8476	ACCCC	2487	2491	1	4
8472	A	ATCCC	5	8472	8476	AACCC	1835	1839	1	4
8472	A	ATCCC	5	8472	8476	ATCAC	732	736	1	4
8472	A	ATCCC	5	8472	8476	AACCC	1687	1691	1	4
8472	A	ATCCC	5	8472	8476	AGCCC	1680	1684	1	4
8472	A	ATCCC	5	8472	8476	AACCC	1529	1533	1	4
8472	A	ATCCC	5	8472	8476	ACCCC	1374	1378	1	4
8472	A	ATCCC	5	8472	8476	AGCCC	1338	1342	1	4
8472	A	ATCCC	5	8472	8476	ACCCC	1222	1226	1	4
8472	A	ATCCC	5	8472	8476	AACCC	1221	1225	1	4
8472	A	ATCCC	5	8472	8476	ACCCC	1082	1086	1	4
8472	A	ATCCC	5	8472	8476	ATACC	1080	1084	1	4
8472	A	ATCCC	5	8472	8476	ATCAC	952	956	1	4
8472	A	ATCCC	5	8472	8476	AACCC	913	917	1	4
8472	A	ATCCC	5	8472	8476	ACCCC	866	870	1	4
8472	A	ATCCC	5	8472	8476	ACCCC	3565	3569	1	4
8472	A	ATCCC	5	8472	8476	ACCCC	3584	3588	1	4
8472	A	ATCCC	5	8472	8476	ATCCT	3652	3656	1	4
8472	A	ATCCC	5	8472	8476	AGCCC	3714	3718	1	4
8472	A	ATCCC	5	8472	8476	ATCCT	5097	5101	1	4
8472	A	ATCCC	5	8472	8476	AACCC	4985	4989	1	4
8472	A	ATCCC	5	8472	8476	ATACC	4895	4899	1	4
8472	A	ATCCC	5	8472	8476	AGCCC	4877	4881	1	4
8472	A	ATCCC	5	8472	8476	GTCCC	4812	4816	1	4
8472	A	ATCCC	5	8472	8476	AGCCC	4793	4797	1	4
8472	A	ATCCC	5	8472	8476	ATCCT	4689	4693	1	4
8472	A	ATCCC	5	8472	8476	ATTCC	4590	4594	1	4
8472	A	ATCCC	5	8472	8476	ATACC	4453	4457	1	4
8472	A	ATCCC	5	8472	8476	ACCCC	4435	4439	1	4
8472	A	ATCCC	5	8472	8476	ATCAC	4385	4389	1	4
8472	A	ATCCC	5	8472	8476	ATCCA	4362	4366	1	4
8472	A	ATCCC	5	8472	8476	AACCC	4347	4351	1	4
8472	A	ATCCC	5	8472	8476	ACCCC	4317	4321	1	4
8472	A	ATCCC	5	8472	8476	AACCC	4316	4320	1	4
8472	A	ATCCC	5	8472	8476	TTCCC	4247	4251	1	4
8472	A	ATCCC	5	8472	8476	ATCTC	4237	4241	1	4
8472	A	ATCCC	5	8472	8476	ATTCC	4143	4147	1	4
8472	A	ATCCC	5	8472	8476	ACCCC	4136	4140	1	4
8472	A	ATCCC	5	8472	8476	CTCCC	4056	4060	1	4
8472	A	ATCCC	5	8472	8476	ACCCC	3892	3896	1	4
8472	A	ATCCC	5	8472	8476	AACCC	3891	3895	1	4
8472	A	ATCCC	5	8472	8476	ATCTC	3865	3869	1	4
8472	A	ATCCC	5	8472	8476	ATCAC	3802	3806	1	4
8472	A	ATCCC	5	8472	8476	ATCTC	3724	3728	1	4
8472	A	ATCCC	5	8472	8476	AACCC	865	869	1	4
8472	A	ATCCC	5	8472	8476	ACCCC	556	560	1	4
8472	A	ATCCC	5	8472	8476	AACCC	555	559	1	4
8472	A	ATCCC	5	8472	8476	ACCCC	540	544	1	4
8472	A	ATCCC	5	8472	8476	ACCCC	533	537	1	4
8472	A	ATCCC	5	8472	8476	AACCC	532	536	1	4
8472	A	ATCCC	5	8472	8476	ATCTC	479	483	1	4
8472	A	ATCCC	5	8472	8476	CTCCC	465	469	1	4
8472	A	ATCCC	5	8472	8476	TTCCC	454	458	1	4
8472	A	ATCCC	5	8472	8476	ACCCC	352	356	1	4
8472	A	ATCCC	5	8472	8476	AACCC	351	355	1	4
8472	A	ATCCC	5	8472	8476	ACCCC	302	306	1	4
8472	A	ATCCC	5	8472	8476	AACCC	301	305	1	4
8472	A	ATCCC	5	8472	8476	ATCGC	160	164	1	4
8472	A	ATCCC	5	8472	8476	ATCAC	13	17	1	4
8472	A	ATCCC	5	8472	8476	ATCAC	2	6	1	4
8472	A	CTACA	5	8468	8472	CTTCA	16511	16515	1	4
