pos	nuc	motif.seq	motif.length	motif.start	motif.end	repeat.seq	repeat.start	repeat.end	repeat.hamming.distance	effective.length
8251	C	TAGGCCCCGTATTTACCCTA	20	8247	8266	TAGGCCTCCTATTTATTCTA	3605	3624	4	16
8251	C	GGCCCCGTATTTACCC	16	8249	8264	GACCCCTTATTTACCG	12192	12207	3	13
8251	C	AGGCCCCGTATTTACC	16	8248	8263	CGACCCCTTATTTACC	12191	12206	3	13
8251	C	ATAGGCCCCGTATTTA	16	8246	8261	CTAGGCCTCCTATTTA	3604	3619	3	13
8251	C	AATAGGCCCCGTATTT	16	8245	8260	AATAGGAGCTGTATTT	7049	7064	3	13
8251	C	GGCCCCGTATTTACC	15	8249	8263	GACCCCTTATTTACC	12192	12206	2	13
8251	C	CCCCGTATTTACCCT	15	8251	8265	CCCCTTATTTACCGA	12194	12208	3	12
8251	C	AGGCCCCGTATTTAC	15	8248	8262	ATGCCCCTCATTTAC	10470	10484	3	12
8251	C	ATAGGCCCCGTA	12	8246	8257	ATAGCCCTCGTA	11639	11650	2	10
8251	C	AATAGGCCCCGT	12	8245	8256	AATAGCCCCCTT	4790	4801	2	10
8251	C	GAAATAGGCCCC	12	8243	8254	GGAATAGCCCCC	4788	4799	2	10
8251	C	CCCCGTATTT	10	8251	8260	CCCCTTATTT	4319	4328	1	9
8251	C	CCCCGTATTTA	11	8251	8261	CCCCATATCTA	5384	5394	2	9
8251	C	CCCCGTATTTA	11	8251	8261	CCCCTTATTTC	4319	4329	2	9
8251	C	TGAAATAGGCC	11	8242	8252	TGAAATTGACC	2674	2684	2	9
8251	C	CCCCGTATTTA	11	8251	8261	CCCTGTCTTTA	5845	5855	2	9
8251	C	GCCCCGTATTT	11	8250	8260	CCCCCTTATTT	4318	4328	2	9
8251	C	AGGCCCCGTAT	11	8248	8258	AGAACCCGTAT	7421	7431	2	9
8251	C	TAGGCCCCGTA	11	8247	8257	TAGGCCCCAAA	12298	12308	2	9
8251	C	AAATAGGCCCC	11	8244	8254	AAATAGGGACC	2615	2625	2	9
8251	C	AAATAGGCCCC	11	8244	8254	AACTAGCCCCC	4873	4883	2	9
8251	C	AAATAGGCCCC	11	8244	8254	AAATAGCCCAC	13140	13150	2	9
8251	C	AAATAGGCCCC	11	8244	8254	AAATAGCCCAC	16530	16540	2	9
8251	C	TGAAATAGGCC	11	8242	8252	TCAAATGGGCC	15876	15886	2	9
8251	C	GAAATAGGCCC	11	8243	8253	GAAATAAGGCC	3139	3149	2	9
8251	C	AAATAGGCCC	10	8244	8253	AAATAGTACC	10004	10013	2	8
8251	C	ATAGGCCCC	9	8246	8254	TTAGGCCCC	12297	12305	1	8
8251	C	TAGGCCCC	8	8247	8254	TAGGCCCC	3425	3432	0	8
8251	C	AGGCCCCGT	9	8248	8256	AGGCCCCTT	3957	3965	1	8
8251	C	TAGGCCCCG	9	8247	8255	TAGGCCCCT	3425	3433	1	8
8251	C	ATAGGCCCC	9	8246	8254	AAAGGCCCC	3409	3417	1	8
8251	C	ATAGGCCCC	9	8246	8254	GTAGGCCCC	3424	3432	1	8
8251	C	AAATAGGCC	9	8244	8252	AAAAAGGCC	9433	9441	1	8
8251	C	AAATAGGCC	9	8244	8252	AAATGGGCC	5256	5264	1	8
8251	C	AAATAGGCC	9	8244	8252	AAAGAGGCC	5832	5840	1	8
8251	C	AAATAGGCCC	10	8244	8253	AAATAACCCC	13671	13680	2	8
8251	C	AAATAGGCC	9	8244	8252	AAATAGCCC	12935	12943	1	8
8251	C	GAAATAGGC	9	8243	8251	GAAATGGGC	1355	1363	1	8
8251	C	CCCCGTATTT	10	8251	8260	CCCCGTAAAT	3169	3178	2	8
8251	C	AAATAGGCCC	10	8244	8253	AAATCAGCCC	13003	13012	2	8
8251	C	GAAATAGGCC	10	8243	8252	GAAATGGGCT	1355	1364	2	8
8251	C	AAATAGGCCC	10	8244	8253	AAAGACGCCC	15425	15434	2	8
8251	C	AAATAGGCCC	10	8244	8253	AAATGGGCCT	15878	15887	2	8
8251	C	GGCCCCGTAT	10	8249	8258	GGACCTGTAT	2621	2630	2	8
8251	C	GAAATAGGCC	10	8243	8252	GAAATATGTC	4264	4273	2	8
8251	C	GAAATAGGCC	10	8243	8252	CAAATGGGCC	5255	5264	2	8
8251	C	GAAATAGGCC	10	8243	8252	AAAAGAGGCC	5831	5840	2	8
8251	C	GAAATAGGCC	10	8243	8252	CAAAAAGGCC	9432	9441	2	8
8251	C	GAAATAGGCC	10	8243	8252	GAAATTGCCC	10260	10269	2	8
8251	C	GAAATAGGCC	10	8243	8252	CAAATAGCCC	12934	12943	2	8
8251	C	GAAATAGGCC	10	8243	8252	AAAATAGCCC	13139	13148	2	8
8251	C	GAAATAGGCC	10	8243	8252	TAAATAGCCC	16529	16538	2	8
8251	C	TGAAATAGGC	10	8242	8251	AGAAATGGGC	1354	1363	2	8
8251	C	TGAAATAGGC	10	8242	8251	TTAAATAGGG	2613	2622	2	8
8251	C	TGAAATAGGC	10	8242	8251	TGAAACAAGC	5169	5178	2	8
8251	C	GCCCCGTATT	10	8250	8259	GCCCGGTAAT	3244	3253	2	8
8251	C	AGGCCCCGTA	10	8248	8257	AGGCCCCTTC	3957	3966	2	8
8251	C	AAATAGGCCC	10	8244	8253	AAAAATGCCC	8890	8899	2	8
8251	C	AGGCCCCGTA	10	8248	8257	AGCCTCCGTA	6323	6332	2	8
8251	C	AATAGGCCCC	10	8245	8254	AATACGCCGC	3947	3956	2	8
8251	C	AATAGGCCCC	10	8245	8254	AATTGGCCAC	7882	7891	2	8
8251	C	AATAGGCCCC	10	8245	8254	AGTAGGCTCC	11221	11230	2	8
8251	C	AATAGGCCCC	10	8245	8254	AATACGCCTC	11488	11497	2	8
8251	C	AATAGGCCCC	10	8245	8254	CTTAGGCCCC	12296	12305	2	8
8251	C	AATAGGCCCC	10	8245	8254	ACTAGGCCTC	12975	12984	2	8
8251	C	AATAGGCCCC	10	8245	8254	AGAAGGCCCC	13047	13056	2	8
8251	C	AATAGGCCCC	10	8245	8254	AATAGGATCC	14254	14263	2	8
8251	C	AATAGGCCCC	10	8245	8254	AATAATCCCC	15652	15661	2	8
8251	C	AAATAGGCCC	10	8244	8253	AAATTTGCCC	2050	2059	2	8
8251	C	AAATAGGCCC	10	8244	8253	AAAGAGCCCC	3478	3487	2	8
8251	C	AAATAGGCCC	10	8244	8253	AACTACGCCC	3682	3691	2	8
8251	C	AAATAGGCCC	10	8244	8253	AAATAAACCC	4609	4618	2	8
8251	C	AAATAGGCCC	10	8244	8253	AAATGGGCCA	5256	5265	2	8
8251	C	AAATAGGCCC	10	8244	8253	AAAGAGGCCT	5832	5841	2	8
8251	C	AATAGGCCCC	10	8245	8254	TGTAGGCCCC	3423	3432	2	8
8251	C	AATAGGCCCC	10	8245	8254	CAAAGGCCCC	3408	3417	2	8
8251	C	AATAGGCCCC	10	8245	8254	AACAGGGCCC	1458	1467	2	8
8251	C	TAGGCCCCGT	10	8247	8256	TAGGCCTCCT	12977	12986	2	8
8251	C	AGGCCCCGTA	10	8248	8257	AGGCCACCTA	9024	9033	2	8
8251	C	AGGCCCCGTA	10	8248	8257	AGCCCCCGCA	14242	14251	2	8
8251	C	TAGGCCCCGT	10	8247	8256	TAGGCCCCTA	3425	3434	2	8
8251	C	TAGGCCCCGT	10	8247	8256	CAGGCCCCTT	3956	3965	2	8
8251	C	TAGGCCCCGT	10	8247	8256	TAGCCCCCAT	4876	4885	2	8
8251	C	TAGGCCCCGT	10	8247	8256	TAGGCTCCCT	11223	11232	2	8
8251	C	ATAGGCCCCG	10	8246	8255	ATAAACCCCG	1218	1227	2	8
8251	C	ATAGGCCCCG	10	8246	8255	AAAGCCCCCG	14240	14249	2	8
8251	C	ATAGGCCCCG	10	8246	8255	AGAGGCACCG	2533	2542	2	8
8251	C	ATAGGCCCCG	10	8246	8255	AAAGGCCCCA	3409	3418	2	8
8251	C	ATAGGCCCCG	10	8246	8255	GTAGGCCCCT	3424	3433	2	8
8251	C	AAATAGGCCC	10	8244	8253	AAATAGCCCT	12935	12944	2	8
8251	C	ATAGGCCCCG	10	8246	8255	ATATCCCCCG	10188	10197	2	8
8251	C	ATAGGCCCCG	10	8246	8255	TTAGGCCCCA	12297	12306	2	8
8251	C	ATAGGCCCCG	10	8246	8255	AGAAGCCCCG	5759	5768	2	8
8251	C	AAATAGGCCC	10	8244	8253	AAAAAGGCCT	9433	9442	2	8
8251	C	AATAGGCC	8	8245	8252	AATAGCCC	8985	8992	1	7
8251	C	AAATAGGC	8	8244	8251	AAAAAGGC	14075	14082	1	7
8251	C	AAATAGGC	8	8244	8251	AAATAAGC	4415	4422	1	7
8251	C	AAATAGGC	8	8244	8251	AAATAGAC	1013	1020	1	7
8251	C	AAATAGGC	8	8244	8251	AAATAGGT	647	654	1	7
8251	C	AATAGGCC	8	8245	8252	ACTAGGCC	9338	9345	1	7
8251	C	AATAGGCC	8	8245	8252	AGTAGGCC	4559	4566	1	7
8251	C	CCCCGTAT	8	8251	8258	CCCCGCAT	6186	6193	1	7
8251	C	AATAGGCC	8	8245	8252	AGTAGGCC	2169	2176	1	7
8251	C	AAATAGGC	8	8244	8251	AAATAGGA	13409	13416	1	7
8251	C	ATAGGCCC	8	8246	8253	ATACGCCC	12810	12817	1	7
8251	C	AGGCCCCG	8	8248	8255	AGGCCCCA	13050	13057	1	7
8251	C	AGGCCCCG	8	8248	8255	ATGCCCCG	7209	7216	1	7
8251	C	GCCCCGTA	8	8250	8257	CCCCCGTA	3168	3175	1	7
8251	C	CCCCGTAT	8	8251	8258	CCCCGCAT	13755	13762	1	7
8251	C	CCCCGTAT	8	8251	8258	CCCCTTAT	8932	8939	1	7
8251	C	CCCCGTAT	8	8251	8258	CCCCTTAT	8844	8851	1	7
8251	C	AAATAGGC	8	8244	8251	AACTAGGC	11469	11476	1	7
8251	C	AAATAGGC	8	8244	8251	AAATAGGA	14595	14602	1	7
8251	C	AAATAGGC	8	8244	8251	AAAAAGGC	5748	5755	1	7
8251	C	GGCCCCG	7	8249	8255	GCCCCCG	5231	5237	1	6
8251	C	AGGCCCC	7	8248	8254	AGACCCC	1898	1904	1	6
8251	C	GGCCCCG	7	8249	8255	GGCCCCC	9553	9559	1	6
8251	C	GGCCCCG	7	8249	8255	GACCCCG	6564	6570	1	6
8251	C	GGCCCCG	7	8249	8255	GCCCCCG	6168	6174	1	6
8251	C	GGCCCCG	7	8249	8255	GGCCGCG	2567	2573	1	6
8251	C	GGCCCCG	7	8249	8255	CGCCCCG	3525	3531	1	6
8251	C	AGGCCCC	7	8248	8254	ACGCCCC	6444	6450	1	6
8251	C	GGCCCCG	7	8249	8255	GGCCCTG	1463	1469	1	6
8251	C	GCCCCGT	7	8250	8256	GCCCCGA	7211	7217	1	6
8251	C	GCCCCGT	7	8250	8256	GCCCCGG	5763	5769	1	6
8251	C	GCCCCGT	7	8250	8256	GCCCCGA	3526	3532	1	6
8251	C	GCCCCGT	7	8250	8256	GCCCAGT	2546	2552	1	6
8251	C	AGGCCCC	7	8248	8254	AGGCACC	4829	4835	1	6
8251	C	AGGCCCC	7	8248	8254	ATGCCCC	7394	7400	1	6
8251	C	AGGCCCC	7	8248	8254	AGACCCC	6581	6587	1	6
8251	C	AGGCCCC	7	8248	8254	AAGCCCC	8025	8031	1	6
8251	C	AGGCCCC	7	8248	8254	AGCCCCC	8026	8032	1	6
8251	C	AGGCCCC	7	8248	8254	ATGCCCC	8366	8372	1	6
8251	C	AGGCCCC	7	8248	8254	TGGCCCC	9552	9558	1	6
8251	C	AGGCCCC	7	8248	8254	AAGCCCC	11424	11430	1	6
8251	C	AGGCCCC	7	8248	8254	AGCCCCC	11425	11431	1	6
8251	C	AGGCCCC	7	8248	8254	ATGCCCC	12234	12240	1	6
8251	C	TAGGCCC	7	8247	8253	TAGCCCC	1679	1685	1	6
8251	C	TAGGCCC	7	8247	8253	TAGGCCT	2171	2177	1	6
8251	C	TAGGCCC	7	8247	8253	TAGGCCT	4561	4567	1	6
8251	C	TAGGCCC	7	8247	8253	TAAGCCC	5647	5653	1	6
8251	C	TAGGCCC	7	8247	8253	TAGGCAC	5989	5995	1	6
8251	C	AGGCCCC	7	8248	8254	AGGCCAC	9410	9416	1	6
8251	C	CCCCGTA	7	8251	8257	CCCCTTA	16546	16552	1	6
8251	C	AATAGGC	7	8245	8251	TATAGGC	1743	1749	1	6
8251	C	AATAGGC	7	8245	8251	CATAGGC	15130	15136	1	6
8251	C	AATAGGC	7	8245	8251	AATACGC	14755	14761	1	6
8251	C	AATAGGC	7	8245	8251	AATAGCC	14449	14455	1	6
8251	C	AATAGGC	7	8245	8251	AATCGGC	13284	13290	1	6
8251	C	AATAGGC	7	8245	8251	AACAGGC	9560	9566	1	6
8251	C	AATAGGC	7	8245	8251	TATAGGC	8868	8874	1	6
8251	C	AATAGGC	7	8245	8251	ATTAGGC	8086	8092	1	6
8251	C	AATAGGC	7	8245	8251	TATAGGC	7561	7567	1	6
8251	C	AATAGGC	7	8245	8251	AATAGAC	6791	6797	1	6
8251	C	AATAGGC	7	8245	8251	AATTGGC	6740	6746	1	6
8251	C	AATAGGC	7	8245	8251	AATAGCC	5289	5295	1	6
8251	C	AATAGGC	7	8245	8251	AATAGGA	4304	4310	1	6
8251	C	AATAGGC	7	8245	8251	AATAGGG	2971	2977	1	6
8251	C	AATAGGC	7	8245	8251	AAGAGGC	2693	2699	1	6
8251	C	ATAGGCC	7	8246	8252	ATAGGCT	15131	15137	1	6
8251	C	TAGGCCC	7	8247	8253	TAGGCTC	7270	7276	1	6
8251	C	ATAGGCC	7	8246	8252	CTAGGCC	13954	13960	1	6
8251	C	ATAGGCC	7	8246	8252	ATAGGCT	8869	8875	1	6
8251	C	ATAGGCC	7	8246	8252	CTAGGCC	8569	8575	1	6
8251	C	ATAGGCC	7	8246	8252	ATAGGCT	7562	7568	1	6
8251	C	ATAGGCC	7	8246	8252	ATAAGCC	2335	2341	1	6
8251	C	ATAGGCC	7	8246	8252	ATAGGCG	1744	1750	1	6
8251	C	ATAGGCC	7	8246	8252	ATAGCCC	1390	1396	1	6
8251	C	TAGGCCC	7	8247	8253	TAGGCCT	13955	13961	1	6
8251	C	TAGGCCC	7	8247	8253	TAGGCGC	13175	13181	1	6
8251	C	TAGGCCC	7	8247	8253	TAGGCTC	11271	11277	1	6
8251	C	TAGGCCC	7	8247	8253	TAGCCCC	9523	9529	1	6
8251	C	TAGGCCC	7	8247	8253	TAGGCCT	9340	9346	1	6
8251	C	TAGGCCC	7	8247	8253	TAGGCCT	8570	8576	1	6
8251	C	TAGGCCC	7	8247	8253	TATGCCC	7703	7709	1	6
8251	C	GCCCCGT	7	8250	8256	TCCCCGT	704	710	1	6
8251	C	CCCCGTA	7	8251	8257	CCCCATA	637	643	1	6
8251	C	CCCCGTA	7	8251	8257	CCCCTTA	15526	15532	1	6
8251	C	CCCCGTA	7	8251	8257	CCCCCTA	15367	15373	1	6
8251	C	CCCCGTA	7	8251	8257	CCCCGAA	1902	1908	1	6
8251	C	CCCCGTA	7	8251	8257	CCCCCTA	14770	14776	1	6
8251	C	CCCCGTA	7	8251	8257	CCCCATA	14589	14595	1	6
8251	C	CCCCGTA	7	8251	8257	CCCCCTA	14489	14495	1	6
8251	C	CCCCGTA	7	8251	8257	CCCCCTA	13128	13134	1	6
8251	C	CCCCGTA	7	8251	8257	CCCTGTA	12606	12612	1	6
8251	C	CCCCGTA	7	8251	8257	CCCCCTA	10936	10942	1	6
8251	C	CCCCGTA	7	8251	8257	CCCCATA	8940	8946	1	6
8251	C	CCCCGTA	7	8251	8257	CCCCATA	8407	8413	1	6
8251	C	CCCCGTA	7	8251	8257	CACCGTA	6947	6953	1	6
8251	C	CCCCGTA	7	8251	8257	TCCCGTA	4460	4466	1	6
8251	C	CCCCGTA	7	8251	8257	CCCCGAA	4436	4442	1	6
8251	C	CCCCGTA	7	8251	8257	CCCCATA	3573	3579	1	6
8251	C	CCCCGTA	7	8251	8257	CCCTGTA	3119	3125	1	6
8251	C	CCCCGTA	7	8251	8257	CCCCTTA	10162	10168	1	6
8251	C	CCCCGTA	7	8251	8257	CCACGTA	1311	1317	1	6
8251	C	ATAGGC	6	8246	8251	ATAGGC	1744	1749	0	6
8251	C	CCCCGT	6	8251	8256	CCCCGT	705	710	0	6
8251	C	CCCCGTA	7	8251	8257	CCCCGTT	705	711	1	6
8251	C	GCCCCG	6	8250	8255	GCCCCG	3526	3531	0	6
8251	C	GGCCCC	6	8249	8254	GGCCCC	9553	9558	0	6
8251	C	TAGGCC	6	8247	8252	TAGGCC	13955	13960	0	6
8251	C	TAGGCC	6	8247	8252	TAGGCC	8570	8575	0	6
8251	C	ATAGGC	6	8246	8251	ATAGGC	7562	7567	0	6
8251	C	ATAGGC	6	8246	8251	ATAGGC	8869	8874	0	6
8251	C	ATAGGC	6	8246	8251	ATAGGC	15131	15136	0	6
8251	C	CCCCGTA	7	8251	8257	CCCCATA	534	540	1	6
8251	C	CCCCGTA	7	8251	8257	CCCCGAA	541	547	1	6
8251	C	AGGCC	5	8248	8252	AGGCC	5225	5229	0	5
8251	C	GCCCC	5	8250	8254	GCCCC	8557	8561	0	5
8251	C	GGCCC	5	8249	8253	GGCCC	16456	16460	0	5
8251	C	GGCCC	5	8249	8253	GGCCC	9266	9270	0	5
8251	C	GGCCC	5	8249	8253	GGCCC	8391	8395	0	5
8251	C	GGCCC	5	8249	8253	GGCCC	4481	4485	0	5
8251	C	GGCCC	5	8249	8253	GGCCC	4428	4432	0	5
8251	C	GCCCC	5	8250	8254	GCCCC	13980	13984	0	5
8251	C	CCCCG	5	8251	8255	CCCCG	2488	2492	0	5
8251	C	CCCCG	5	8251	8255	CCCCG	14156	14160	0	5
8251	C	CCCCG	5	8251	8255	CCCCG	12109	12113	0	5
8251	C	CCCCG	5	8251	8255	CCCCG	9571	9575	0	5
8251	C	CCCCG	5	8251	8255	CCCCG	7232	7236	0	5
8251	C	CCCCG	5	8251	8255	CCCCG	4138	4142	0	5
8251	C	CCCCG	5	8251	8255	CCCCG	495	499	0	5
8251	C	CCCCG	5	8251	8255	CCCCG	312	316	0	5
8251	C	AGGCC	5	8248	8252	AGGCC	15046	15050	0	5
8251	C	AGGCC	5	8248	8252	AGGCC	6259	6263	0	5
8251	C	CCCCGT	6	8251	8256	CCCCGC	10193	10198	1	5
8251	C	AGGCC	5	8248	8252	AGGCC	15151	15155	0	5
8251	C	TAGGC	5	8247	8251	TAGGC	3389	3393	0	5
8251	C	AGGCCC	6	8248	8253	AAGCCC	11412	11417	1	5
8251	C	AGGCCC	6	8248	8253	AGACCC	12666	12671	1	5
8251	C	AGGCCC	6	8248	8253	AGACCC	12924	12929	1	5
8251	C	AGGCCC	6	8248	8253	ACGCCC	14224	14229	1	5
8251	C	AGGCCC	6	8248	8253	AGGCCT	15046	15051	1	5
8251	C	AGGCCC	6	8248	8253	AGGCCA	15151	15156	1	5
8251	C	AGGCCC	6	8248	8253	AGTCCC	15260	15265	1	5
8251	C	AGGCCC	6	8248	8253	AAGCCC	15551	15556	1	5
8251	C	TAGGCC	6	8247	8252	TAGGAC	226	231	1	5
8251	C	TAGGCC	6	8247	8252	TAGCCC	1095	1100	1	5
8251	C	TAGGCC	6	8247	8252	TAGGTC	1325	1330	1	5
8251	C	TAGGCC	6	8247	8252	TAGCCC	1337	1342	1	5
8251	C	TAGGCC	6	8247	8252	TAGTCC	2096	2101	1	5
8251	C	TAGGCC	6	8247	8252	TAGGCT	3389	3394	1	5
8251	C	TAGGCC	6	8247	8252	TAGCCC	3713	3718	1	5
8251	C	TAGGCC	6	8247	8252	TTGGCC	3847	3852	1	5
8251	C	TAGGCC	6	8247	8252	TAGGAC	4330	4335	1	5
8251	C	TAGGCC	6	8247	8252	TAAGCC	4921	4926	1	5
8251	C	TAGGCC	6	8247	8252	GAGGCC	5224	5229	1	5
8251	C	TAGGCC	6	8247	8252	TACGCC	5350	5355	1	5
8251	C	TAGGCC	6	8247	8252	TAGACC	5658	5663	1	5
8251	C	TAGGCC	6	8247	8252	TAAGCC	6001	6006	1	5
8251	C	TAGGCC	6	8247	8252	TGGGCC	6025	6030	1	5
8251	C	TAGGCC	6	8247	8252	GAGGCC	6258	6263	1	5
8251	C	TAGGCC	6	8247	8252	TAGACC	6331	6336	1	5
8251	C	AGGCCC	6	8248	8253	AGGCAC	11194	11199	1	5
8251	C	AGGCCC	6	8248	8253	AGTCCC	9590	9595	1	5
8251	C	AGGCCC	6	8248	8253	AGGCAC	8919	8924	1	5
8251	C	AGGCCC	6	8248	8253	AGACCC	2723	2728	1	5
8251	C	GGCCCC	6	8249	8254	GACCCC	14749	14754	1	5
8251	C	GGCCCC	6	8249	8254	GGCGCC	14858	14863	1	5
8251	C	GGCCCC	6	8249	8254	GGCGCC	15002	15007	1	5
8251	C	GGCCCC	6	8249	8254	GGCCAC	15172	15177	1	5
8251	C	GGCCCC	6	8249	8254	GTCCCC	16361	16366	1	5
8251	C	GGCCCC	6	8249	8254	GACCCC	16373	16378	1	5
8251	C	GGCCCC	6	8249	8254	GGTCCC	16390	16395	1	5
8251	C	GGCCCC	6	8249	8254	GGGCCC	16455	16460	1	5
8251	C	GGCCCC	6	8249	8254	GGCCCA	16456	16461	1	5
8251	C	AGGCCC	6	8248	8253	AGACCC	1061	1066	1	5
8251	C	AGGCCC	6	8248	8253	AGGACC	1168	1173	1	5
8251	C	AGGCCC	6	8248	8253	AGGTCC	2775	2780	1	5
8251	C	AGGCCC	6	8248	8253	AAGCCC	8483	8488	1	5
8251	C	AGGCCC	6	8248	8253	AGGCCT	3145	3150	1	5
8251	C	AGGCCC	6	8248	8253	AGACCC	4091	4096	1	5
8251	C	AGGCCC	6	8248	8253	TGGCCC	4480	4485	1	5
8251	C	AGGCCC	6	8248	8253	AGGCAC	4514	4519	1	5
8251	C	AGGCCC	6	8248	8253	AGTCCC	4811	4816	1	5
8251	C	AGGCCC	6	8248	8253	AGGCCT	5225	5230	1	5
8251	C	AGGCCC	6	8248	8253	AAGCCC	5547	5552	1	5
8251	C	AGGCCC	6	8248	8253	AGGCCG	6259	6264	1	5
8251	C	AGGCCC	6	8248	8253	ACGCCC	7662	7667	1	5
8251	C	AGGCCC	6	8248	8253	ATGCCC	8204	8209	1	5
8251	C	AGGCCC	6	8248	8253	TGGCCC	8390	8395	1	5
8251	C	TAGGCC	6	8247	8252	TAGCCC	7024	7029	1	5
8251	C	TAGGCC	6	8247	8252	TAGACC	7117	7122	1	5
8251	C	TAGGCC	6	8247	8252	TACGCC	7128	7133	1	5
8251	C	ATAGGC	6	8246	8251	ATAGTC	9652	9657	1	5
8251	C	ATAGGC	6	8246	8251	CTAGGC	3388	3393	1	5
8251	C	ATAGGC	6	8246	8251	ATCGGC	3694	3699	1	5
8251	C	ATAGGC	6	8246	8251	ATAGCC	3979	3984	1	5
8251	C	ATAGGC	6	8246	8251	ATAGGA	5028	5033	1	5
8251	C	ATAGGC	6	8246	8251	ATAGCC	5313	5318	1	5
8251	C	ATAGGC	6	8246	8251	CTAGGC	5988	5993	1	5
8251	C	ATAGGC	6	8246	8251	ATAAGC	6201	6206	1	5
8251	C	ATAGGC	6	8246	8251	ATAGGT	6714	6719	1	5
8251	C	ATAGGC	6	8246	8251	ATAGGA	7071	7076	1	5
8251	C	ATAGGC	6	8246	8251	ATCGGC	7158	7163	1	5
8251	C	ATAGGC	6	8246	8251	GTAGGC	7269	7274	1	5
8251	C	ATAGGC	6	8246	8251	ACAGGC	9807	9812	1	5
8251	C	ATAGGC	6	8246	8251	AGAGGC	1984	1989	1	5
8251	C	ATAGGC	6	8246	8251	ATTGGC	9834	9839	1	5
8251	C	ATAGGC	6	8246	8251	CTAGGC	11270	11275	1	5
8251	C	ATAGGC	6	8246	8251	ATAGCC	11528	11533	1	5
8251	C	ATAGGC	6	8246	8251	AGAGGC	12182	12187	1	5
8251	C	ATAGGC	6	8246	8251	ATCGGC	12760	12765	1	5
8251	C	ATAGGC	6	8246	8251	ATCGGC	12865	12870	1	5
8251	C	ATAGGC	6	8246	8251	TTAGGC	13174	13179	1	5
8251	C	ATAGGC	6	8246	8251	ATTGGC	13459	13464	1	5
8251	C	ATAGGC	6	8246	8251	ATCGGC	15089	15094	1	5
8251	C	ATAGGC	6	8246	8251	CTAGGC	15494	15499	1	5
8251	C	ATAGGC	6	8246	8251	ATAGGG	16385	16390	1	5
8251	C	ATAGGC	6	8246	8251	ACAGGC	2432	2437	1	5
8251	C	ATAGGC	6	8246	8251	ATAGGT	1978	1983	1	5
8251	C	TAGGCC	6	8247	8252	TCGGCC	7195	7200	1	5
8251	C	TAGGCC	6	8247	8252	TGGGCC	10687	10692	1	5
8251	C	TAGGCC	6	8247	8252	TAGGTC	7605	7610	1	5
8251	C	TAGGCC	6	8247	8252	TAGTCC	7695	7700	1	5
8251	C	TAGGCC	6	8247	8252	TAGTCC	7803	7808	1	5
8251	C	TAGGCC	6	8247	8252	TAGGCT	8088	8093	1	5
8251	C	TAGGCC	6	8247	8252	TAGCCC	8900	8905	1	5
8251	C	TAGGCC	6	8247	8252	TACGCC	8999	9004	1	5
8251	C	TAGGCC	6	8247	8252	CAGGCC	9023	9028	1	5
8251	C	TAGGCC	6	8247	8252	TAAGCC	9179	9184	1	5
8251	C	TAGGCC	6	8247	8252	AAGGCC	9409	9414	1	5
8251	C	TAGGCC	6	8247	8252	TAGCCC	10351	10356	1	5
8251	C	TAGGCC	6	8247	8252	TATGCC	10561	10566	1	5
8251	C	TAGGCC	6	8247	8252	TAGCCC	10693	10698	1	5
8251	C	ATAGGC	6	8246	8251	ACAGGC	181	186	1	5
8251	C	TAGGCC	6	8247	8252	TAGGCG	11472	11477	1	5
8251	C	TAGGCC	6	8247	8252	TAGACC	12506	12511	1	5
8251	C	TAGGCC	6	8247	8252	TAGGTC	13016	13021	1	5
8251	C	TAGGCC	6	8247	8252	TAGGAC	13265	13270	1	5
8251	C	TAGGCC	6	8247	8252	TAGGAC	13823	13828	1	5
8251	C	TAGGCC	6	8247	8252	TAGACC	13841	13846	1	5
8251	C	TAGGCC	6	8247	8252	TAGACC	13994	13999	1	5
8251	C	TAGGCC	6	8247	8252	GAGGCC	15045	15050	1	5
8251	C	TAGGCC	6	8247	8252	GAGGCC	15150	15155	1	5
8251	C	TAGGCC	6	8247	8252	TAGGCG	15495	15500	1	5
8251	C	TAGGCC	6	8247	8252	TAAGCC	15705	15710	1	5
8251	C	GGCCCC	6	8249	8254	GACCCC	14423	14428	1	5
8251	C	GGCCCC	6	8249	8254	GACCCC	14279	14284	1	5
8251	C	GGCCCC	6	8249	8254	TGCCCC	13979	13984	1	5
8251	C	CCCCGT	6	8251	8256	CCCCCT	11512	11517	1	5
8251	C	CCCCGT	6	8251	8256	CCCCAT	6584	6589	1	5
8251	C	CCCCGT	6	8251	8256	CCCCGA	7232	7237	1	5
8251	C	CCCCGT	6	8251	8256	CCCCAT	7491	7496	1	5
8251	C	CCCCGT	6	8251	8256	CCCCAT	7956	7961	1	5
8251	C	CCCCGT	6	8251	8256	CCCCAT	8029	8034	1	5
8251	C	CCCCGT	6	8251	8256	CCCCCT	8272	8277	1	5
8251	C	CCCCGT	6	8251	8256	CCCCCT	8281	8286	1	5
8251	C	CCCCGT	6	8251	8256	CCCCCT	8605	8610	1	5
8251	C	CCCCGT	6	8251	8256	CCCCGC	9571	9576	1	5
8251	C	CCCCGT	6	8251	8256	CCGCGT	10199	10204	1	5
8251	C	CCCCGT	6	8251	8256	CCCCCT	10948	10953	1	5
8251	C	CCCCGT	6	8251	8256	CCCCTT	11536	11541	1	5
8251	C	CCCCGT	6	8251	8256	CCCAGT	6500	6505	1	5
8251	C	CCCCGT	6	8251	8256	CCCCCT	11673	11678	1	5
8251	C	CCCCGT	6	8251	8256	CCACGT	11910	11915	1	5
8251	C	CCCCGT	6	8251	8256	CCCCAT	12085	12090	1	5
8251	C	CCCCGT	6	8251	8256	CCCCGA	12109	12114	1	5
8251	C	CCCCGT	6	8251	8256	CCCCAT	12238	12243	1	5
8251	C	CCCCGT	6	8251	8256	CCCCAT	12387	12392	1	5
8251	C	CCCCGT	6	8251	8256	CCTCGT	12402	12407	1	5
8251	C	CCCCGT	6	8251	8256	CCCCAT	12433	12438	1	5
8251	C	CCCCGT	6	8251	8256	CCCAGT	13059	13064	1	5
8251	C	CCCCGT	6	8251	8256	CCCCAT	13692	13697	1	5
8251	C	CCCCGT	6	8251	8256	CCCCCT	13763	13768	1	5
8251	C	CCCCGT	6	8251	8256	CCCCGC	6566	6571	1	5
8251	C	CCCCGT	6	8251	8256	CCCCCT	6420	6425	1	5
8251	C	CCCCGT	6	8251	8256	CCCCCT	13782	13787	1	5
8251	C	CCCCGT	6	8251	8256	CCCCCT	3567	3572	1	5
8251	C	TAGGC	5	8247	8251	TAGGC	15495	15499	0	5
8251	C	CCCCGT	6	8251	8256	CCCCCT	305	310	1	5
8251	C	CCCCGT	6	8251	8256	CCCCGC	312	317	1	5
8251	C	CCCCGT	6	8251	8256	CCCCGC	495	500	1	5
8251	C	CCCCGT	6	8251	8256	CCCCCT	956	961	1	5
8251	C	CCCCGT	6	8251	8256	CCCCGA	1223	1228	1	5
8251	C	CCCCGT	6	8251	8256	GCCCGT	1485	1490	1	5
8251	C	CCCCGT	6	8251	8256	ACCCGT	1945	1950	1	5
8251	C	CCCCGT	6	8251	8256	CCCCTT	2076	2081	1	5
8251	C	CCCCGT	6	8251	8256	CCCCGC	2488	2493	1	5
8251	C	CCCCGT	6	8251	8256	GCCCGT	2686	2691	1	5
8251	C	CCCCGT	6	8251	8256	CCCCCT	3585	3590	1	5
8251	C	CCCCGT	6	8251	8256	CCCCGA	6170	6175	1	5
8251	C	CCCCGT	6	8251	8256	CCCCTT	3894	3899	1	5
8251	C	CCCCGT	6	8251	8256	CCCTGT	4109	4114	1	5
8251	C	CCCCGT	6	8251	8256	CCCCGA	4138	4143	1	5
8251	C	CCCCGT	6	8251	8256	CCCCCT	4249	4254	1	5
8251	C	CCCCGT	6	8251	8256	CTCCGT	4372	4377	1	5
8251	C	CCCCGT	6	8251	8256	CCCCAT	4391	4396	1	5
8251	C	CCCCGT	6	8251	8256	ACCCGT	4487	4492	1	5
8251	C	CCCCGT	6	8251	8256	CCTCGT	4617	4622	1	5
8251	C	CCCCGT	6	8251	8256	CCCCGC	5233	5238	1	5
8251	C	CCCCGT	6	8251	8256	CCCCAT	5437	5442	1	5
8251	C	CCCCGT	6	8251	8256	CCCCTT	5488	5493	1	5
8251	C	CCCCGT	6	8251	8256	CCCCTT	13764	13769	1	5
8251	C	CCCCGT	6	8251	8256	CCCCGA	14156	14161	1	5
8251	C	GGCCCC	6	8249	8254	GACCCC	10934	10939	1	5
8251	C	GGCCCC	6	8249	8254	GGCTCC	3778	3783	1	5
8251	C	GCCCCG	6	8250	8255	ACCCCG	9570	9575	1	5
8251	C	GCCCCG	6	8250	8255	GCCTCG	11847	11852	1	5
8251	C	GCCCCG	6	8250	8255	ACCCCG	12108	12113	1	5
8251	C	GCCCCG	6	8250	8255	GCCCCC	12236	12241	1	5
8251	C	GCCCCG	6	8250	8255	GCTCCG	13361	13366	1	5
8251	C	GCCCCG	6	8250	8255	CCCCCG	13754	13759	1	5
8251	C	GCCCCG	6	8250	8255	GCCCCT	13980	13985	1	5
8251	C	GCCCCG	6	8250	8255	CCCCCG	14155	14160	1	5
8251	C	GCCCCG	6	8250	8255	GCTCCG	16450	16455	1	5
8251	C	GGCCCC	6	8249	8254	GGCCAC	322	327	1	5
8251	C	GGCCCC	6	8249	8254	GGCTCC	2635	2640	1	5
8251	C	GGCCCC	6	8249	8254	GGGCCC	4427	4432	1	5
8251	C	GCCCCG	6	8250	8255	GCCCTG	8989	8994	1	5
8251	C	GGCCCC	6	8249	8254	GGCCCA	4428	4433	1	5
8251	C	GGCCCC	6	8249	8254	GGCCCA	4481	4486	1	5
8251	C	GGCCCC	6	8249	8254	TGCCCC	5230	5235	1	5
8251	C	GGCCCC	6	8249	8254	TGCCCC	6167	6172	1	5
8251	C	GGCCCC	6	8249	8254	GGCCTC	7497	7502	1	5
8251	C	GGCCCC	6	8249	8254	GTCCCC	8078	8083	1	5
8251	C	GGCCCC	6	8249	8254	GGCCCA	8391	8396	1	5
8251	C	GGCCCC	6	8249	8254	TGCCCC	8556	8561	1	5
8251	C	GGCCCC	6	8249	8254	GACCCC	9253	9258	1	5
8251	C	GGCCCC	6	8249	8254	GGGCCC	9265	9270	1	5
8251	C	GGCCCC	6	8249	8254	GGCCCT	9266	9271	1	5
8251	C	GCCCCG	6	8250	8255	GCCCCT	9525	9530	1	5
8251	C	GCCCCG	6	8250	8255	GCCCCC	8557	8562	1	5
8251	C	CCCCGT	6	8251	8256	CCCCAT	14340	14345	1	5
8251	C	GCCCCG	6	8250	8255	CCCCCG	494	499	1	5
8251	C	CCCCGT	6	8251	8256	CCCCAT	14426	14431	1	5
8251	C	CCCCGT	6	8251	8256	CCCCAT	14629	14634	1	5
8251	C	CCCCGT	6	8251	8256	CCCCAT	14814	14819	1	5
8251	C	CCCCGT	6	8251	8256	TCCCGT	15144	15149	1	5
8251	C	CCCCGT	6	8251	8256	CCCCAT	15658	15663	1	5
8251	C	CCCCGT	6	8251	8256	CCCCCT	16184	16189	1	5
8251	C	CCCCGT	6	8251	8256	CCCCAT	16190	16195	1	5
8251	C	CCCCGT	6	8251	8256	CCCCAT	16363	16368	1	5
8251	C	CCCCGT	6	8251	8256	CCCCCT	16376	16381	1	5
8251	C	CCCCGT	6	8251	8256	CTCCGT	16408	16413	1	5
8251	C	GCCCCG	6	8250	8255	CCCCCG	311	316	1	5
8251	C	GCCCCG	6	8250	8255	ACCCCG	540	545	1	5
8251	C	GCCCCG	6	8250	8255	GCCCCA	8368	8373	1	5
8251	C	GCCCCG	6	8250	8255	GCCCCA	1681	1686	1	5
8251	C	GCCCCG	6	8250	8255	CCCCCG	1901	1906	1	5
8251	C	GCCCCG	6	8250	8255	ACCCCG	2487	2492	1	5
8251	C	GCCCCG	6	8250	8255	GCCCCT	3483	3488	1	5
8251	C	GCCCCG	6	8250	8255	GCCCTG	3688	3693	1	5
8251	C	GCCCCG	6	8250	8255	CCCCCG	4137	4142	1	5
8251	C	GCCCCG	6	8250	8255	ACCCCG	4435	4440	1	5
8251	C	GCCCCG	6	8250	8255	TCCCCG	6185	6190	1	5
8251	C	GCCCCG	6	8250	8255	GCCCCT	6446	6451	1	5
8251	C	GCCCCG	6	8250	8255	ACCCCG	7231	7236	1	5
8251	C	GCCCCG	6	8250	8255	GCCCCC	7396	7401	1	5
8251	C	CCCCGT	6	8251	8256	CCCCAT	11428	11433	1	5
8251	C	CCCCGT	6	8251	8256	CCCCCT	3893	3898	1	5
8251	C	GCCCC	5	8250	8254	TCCCC	9581	9585	1	4
8251	C	GCCCC	5	8250	8254	GTCCC	10203	10207	1	4
8251	C	GCCCC	5	8250	8254	GACCC	10182	10186	1	4
8251	C	GCCCC	5	8250	8254	ACCCC	10161	10165	1	4
8251	C	GCCCC	5	8250	8254	GCCGC	9918	9922	1	4
8251	C	GCCCC	5	8250	8254	GCCGC	9915	9919	1	4
8251	C	GCCCC	5	8250	8254	GCCAC	9804	9808	1	4
8251	C	GCCCC	5	8250	8254	GCCTC	9738	9742	1	4
8251	C	GCCCC	5	8250	8254	GCTCC	9329	9333	1	4
8251	C	GCCCC	5	8250	8254	ACCCC	9531	9535	1	4
8251	C	GCCCC	5	8250	8254	GCCCT	9276	9280	1	4
8251	C	GCCCC	5	8250	8254	ACCCC	10277	10281	1	4
8251	C	GCCCC	5	8250	8254	GCCCA	9247	9251	1	4
8251	C	GCCCC	5	8250	8254	GACCC	9209	9213	1	4
8251	C	GCCCC	5	8250	8254	GCCTC	9182	9186	1	4
8251	C	GCCCC	5	8250	8254	GCCAC	9055	9059	1	4
8251	C	GCCCC	5	8250	8254	GCGCC	9053	9057	1	4
8251	C	GCCCC	5	8250	8254	GCCCT	10266	10270	1	4
8251	C	GCCCC	5	8250	8254	GCCCT	10353	10357	1	4
8251	C	GCCCC	5	8250	8254	GCCCT	10290	10294	1	4
8251	C	GCCCC	5	8250	8254	TCCCC	11139	11143	1	4
8251	C	GCCCC	5	8250	8254	GCCAC	11634	11638	1	4
8251	C	GCCCC	5	8250	8254	GCTCC	11577	11581	1	4
8251	C	GCCCC	5	8250	8254	ACCCC	11535	11539	1	4
8251	C	GCCCC	5	8250	8254	ACCCC	11511	11515	1	4
8251	C	GCCCC	5	8250	8254	GCCGC	11453	11457	1	4
8251	C	GCCCC	5	8250	8254	GCCCA	11414	11418	1	4
8251	C	GCCCC	5	8250	8254	GCCCA	11306	11310	1	4
8251	C	GCCCC	5	8250	8254	TCCCC	11233	11237	1	4
8251	C	GCCCC	5	8250	8254	GCCAC	11093	11097	1	4
8251	C	GCCCC	5	8250	8254	GCCAC	10310	10314	1	4
8251	C	GCCCC	5	8250	8254	GCCAC	11004	11008	1	4
8251	C	GCCCC	5	8250	8254	ACCCC	10978	10982	1	4
8251	C	GCCCC	5	8250	8254	ACCCC	10946	10950	1	4
8251	C	GCCCC	5	8250	8254	TCCCC	10916	10920	1	4
8251	C	GCCCC	5	8250	8254	GTCCC	10775	10779	1	4
8251	C	GCCCC	5	8250	8254	GCCCT	10695	10699	1	4
8251	C	GCCCC	5	8250	8254	GCCGC	10668	10672	1	4
8251	C	GCCCC	5	8250	8254	TCCCC	8939	8943	1	4
8251	C	GCCCC	5	8250	8254	GCACC	9039	9043	1	4
8251	C	GCCCC	5	8250	8254	TCCCC	8843	8847	1	4
8251	C	GCCCC	5	8250	8254	ACCCC	8931	8935	1	4
8251	C	GCCCC	5	8250	8254	ACCCC	7465	7469	1	4
8251	C	GCCCC	5	8250	8254	GCCCA	7026	7030	1	4
8251	C	GCCCC	5	8250	8254	GCCCT	6924	6928	1	4
8251	C	GCCCC	5	8250	8254	GCCAC	6876	6880	1	4
8251	C	GCCCC	5	8250	8254	TCCCC	6844	6848	1	4
8251	C	GCCCC	5	8250	8254	ACCCC	6419	6423	1	4
8251	C	GCCCC	5	8250	8254	TCCCC	6152	6156	1	4
8251	C	GCCCC	5	8250	8254	GCCCA	6081	6085	1	4
8251	C	GCCCC	5	8250	8254	GCCTC	6004	6008	1	4
8251	C	GCCCC	5	8250	8254	ACCCC	5894	5898	1	4
8251	C	GCCCC	5	8250	8254	ACCCC	5843	5847	1	4
8251	C	GCCCC	5	8250	8254	GCCGC	5738	5742	1	4
8251	C	GCCCC	5	8250	8254	GCACC	5703	5707	1	4
8251	C	GCCCC	5	8250	8254	GCCCT	5650	5654	1	4
8251	C	GCCCC	5	8250	8254	GCCAC	5631	5635	1	4
8251	C	GCCCC	5	8250	8254	ACCCC	5600	5604	1	4
8251	C	GCCCC	5	8250	8254	GCCCT	5549	5553	1	4
8251	C	GCCCC	5	8250	8254	TCCCC	5487	5491	1	4
8251	C	GCCCC	5	8250	8254	TCCCC	7094	7098	1	4
8251	C	GCCCC	5	8250	8254	ACCCC	7490	7494	1	4
8251	C	GCCCC	5	8250	8254	GCCCA	8902	8906	1	4
8251	C	GCCCC	5	8250	8254	TCCCC	7625	7629	1	4
8251	C	GCCCC	5	8250	8254	GCCCT	8896	8900	1	4
8251	C	GCCCC	5	8250	8254	GCCTC	8790	8794	1	4
8251	C	GCCCC	5	8250	8254	GCCAC	8764	8768	1	4
8251	C	GCCCC	5	8250	8254	TCCCC	8618	8622	1	4
8251	C	GCCCC	5	8250	8254	TCCCC	8604	8608	1	4
8251	C	GCCCC	5	8250	8254	GCCCA	8485	8489	1	4
8251	C	GCCCC	5	8250	8254	ACCCC	8405	8409	1	4
8251	C	GCCCC	5	8250	8254	GCCCA	8292	8296	1	4
8251	C	GCCCC	5	8250	8254	ACCCC	8280	8284	1	4
8251	C	GCCCC	5	8250	8254	ACCCC	8271	8275	1	4
8251	C	GCCCC	5	8250	8254	GCACC	8269	8273	1	4
8251	C	GCCCC	5	8250	8254	TCCCC	8227	8231	1	4
8251	C	GCCCC	5	8250	8254	GCCCA	8206	8210	1	4
8251	C	GCCCC	5	8250	8254	TCCCC	7954	7958	1	4
8251	C	GCCCC	5	8250	8254	GCCCT	7814	7818	1	4
8251	C	GCCCC	5	8250	8254	GCCCT	7706	7710	1	4
8251	C	GCCCC	5	8250	8254	GCCCT	7664	7668	1	4
8251	C	GCCCC	5	8250	8254	GCCGC	8581	8585	1	4
8251	C	GCCCC	5	8250	8254	GCCCA	11711	11715	1	4
8251	C	CCCCG	5	8251	8255	CCCAG	15502	15506	1	4
8251	C	CCCCG	5	8251	8255	CCCCC	14425	14429	1	4
8251	C	CCCCG	5	8251	8255	CCCCC	14531	14535	1	4
8251	C	CCCCG	5	8251	8255	CCCCA	14532	14536	1	4
8251	C	CCCCG	5	8251	8255	ACCCG	14556	14560	1	4
8251	C	CCCCG	5	8251	8255	CACCG	14565	14569	1	4
8251	C	CCCCG	5	8251	8255	CCCCC	14588	14592	1	4
8251	C	CCCCG	5	8251	8255	CCCCA	14620	14624	1	4
8251	C	CCCCG	5	8251	8255	CCACG	14694	14698	1	4
8251	C	CCCCG	5	8251	8255	CCCCA	14751	14755	1	4
8251	C	CCCCG	5	8251	8255	CCCCA	14809	14813	1	4
8251	C	CCCCG	5	8251	8255	CTCCG	14827	14831	1	4
8251	C	CCCCG	5	8251	8255	CCTCG	15433	15437	1	4
8251	C	CCCCG	5	8251	8255	CCCCT	15537	15541	1	4
8251	C	CCCCG	5	8251	8255	CCCCT	14418	14422	1	4
8251	C	CCCCG	5	8251	8255	CCCCA	15542	15546	1	4
8251	C	CCCCG	5	8251	8255	GCCCG	15553	15557	1	4
8251	C	CCCCG	5	8251	8255	CTCCG	15587	15591	1	4
8251	C	CCCCG	5	8251	8255	CCCCT	16259	16263	1	4
8251	C	CCCCG	5	8251	8255	CCCCC	16375	16379	1	4
8251	C	CCCCG	5	8251	8255	TCCCG	16424	16428	1	4
8251	C	CCCCG	5	8251	8255	CCTCG	16446	16450	1	4
8251	C	GCCCC	5	8250	8254	GCACC	109	113	1	4
8251	C	GCCCC	5	8250	8254	GCCTC	143	147	1	4
8251	C	GCCCC	5	8250	8254	GCACC	163	167	1	4
8251	C	GCCCC	5	8250	8254	GCCAC	260	264	1	4
8251	C	GCCCC	5	8250	8254	ACCCC	302	306	1	4
8251	C	CCCCG	5	8251	8255	CCCTG	14419	14423	1	4
8251	C	CCCCG	5	8251	8255	CCCCA	14389	14393	1	4
8251	C	GCCCC	5	8250	8254	GCCCT	5460	5464	1	4
8251	C	CCCCG	5	8251	8255	CCCTG	13027	13031	1	4
8251	C	CCCCG	5	8251	8255	CCCCA	11869	11873	1	4
8251	C	CCCCG	5	8251	8255	CCCCC	12084	12088	1	4
8251	C	CCCCG	5	8251	8255	CCCTG	12368	12372	1	4
8251	C	CCCCG	5	8251	8255	CCCCC	12385	12389	1	4
8251	C	CCCCG	5	8251	8255	CCCCC	12386	12390	1	4
8251	C	CCCCG	5	8251	8255	CCCCC	12432	12436	1	4
8251	C	CCCCG	5	8251	8255	CCCCA	12483	12487	1	4
8251	C	CCCCG	5	8251	8255	CCCAG	12557	12561	1	4
8251	C	CCCCG	5	8251	8255	GCCCG	12814	12818	1	4
8251	C	CCCCG	5	8251	8255	CCTCG	12885	12889	1	4
8251	C	CCCCG	5	8251	8255	CCCCA	12968	12972	1	4
8251	C	CCCCG	5	8251	8255	CCCCT	13026	13030	1	4
8251	C	CCCCG	5	8251	8255	CCCCT	13035	13039	1	4
8251	C	CCCCG	5	8251	8255	CCCCT	14281	14285	1	4
8251	C	CCCCG	5	8251	8255	CCCCA	13058	13062	1	4
8251	C	CCCCG	5	8251	8255	CCACG	13329	13333	1	4
8251	C	CCCCG	5	8251	8255	CCCTG	13586	13590	1	4
8251	C	CCCCG	5	8251	8255	CCTCG	13639	13643	1	4
8251	C	CCCCG	5	8251	8255	CCCCA	13647	13651	1	4
8251	C	CCCCG	5	8251	8255	CCCCA	13677	13681	1	4
8251	C	CCCCG	5	8251	8255	CCTCG	13806	13810	1	4
8251	C	CCCCG	5	8251	8255	CCCCA	13880	13884	1	4
8251	C	CCCCG	5	8251	8255	CACCG	13936	13940	1	4
8251	C	CCCCG	5	8251	8255	CCCCT	13947	13951	1	4
8251	C	CCCCG	5	8251	8255	TCCCG	14264	14268	1	4
8251	C	CCCCG	5	8251	8255	CCCTG	14275	14279	1	4
8251	C	GCCCC	5	8250	8254	TCCCC	310	314	1	4
8251	C	GCCCC	5	8250	8254	ACCCC	352	356	1	4
8251	C	GCCCC	5	8250	8254	ACCCC	432	436	1	4
8251	C	GCCCC	5	8250	8254	GCCAC	4378	4382	1	4
8251	C	GCCCC	5	8250	8254	ACCCC	3565	3569	1	4
8251	C	GCCCC	5	8250	8254	TCCCC	3572	3576	1	4
8251	C	GCCCC	5	8250	8254	ACCCC	3584	3588	1	4
8251	C	GCCCC	5	8250	8254	GCCAC	3625	3629	1	4
8251	C	GCCCC	5	8250	8254	GCCCA	3715	3719	1	4
8251	C	GCCCC	5	8250	8254	GACCC	3842	3846	1	4
8251	C	GCCCC	5	8250	8254	ACCCC	3892	3896	1	4
8251	C	GCCCC	5	8250	8254	GCCCT	3967	3971	1	4
8251	C	GCCCC	5	8250	8254	TCCCC	4057	4061	1	4
8251	C	GCCCC	5	8250	8254	ACCCC	4136	4140	1	4
8251	C	GCCCC	5	8250	8254	TCCCC	4248	4252	1	4
8251	C	GCCCC	5	8250	8254	ACCCC	4317	4321	1	4
8251	C	GCCCC	5	8250	8254	ACCCC	4390	4394	1	4
8251	C	GCCCC	5	8250	8254	TCCCC	455	459	1	4
8251	C	GCCCC	5	8250	8254	TCCCC	4475	4479	1	4
8251	C	GCCCC	5	8250	8254	ACCCC	4833	4837	1	4
8251	C	GCCCC	5	8250	8254	GCACC	5140	5144	1	4
8251	C	GCCCC	5	8250	8254	GACCC	5147	5151	1	4
8251	C	GCCCC	5	8250	8254	GCACC	5164	5168	1	4
8251	C	GCCCC	5	8250	8254	GCCCA	5252	5256	1	4
8251	C	GCCCC	5	8250	8254	GCCTC	5293	5297	1	4
8251	C	GCCCC	5	8250	8254	TCCCC	5302	5306	1	4
8251	C	GCCCC	5	8250	8254	GCCAC	5316	5320	1	4
8251	C	GCCCC	5	8250	8254	TCCCC	5383	5387	1	4
8251	C	GCCCC	5	8250	8254	ACCCC	5436	5440	1	4
8251	C	GCCCC	5	8250	8254	TCCCC	5446	5450	1	4
8251	C	GCCCC	5	8250	8254	GCCAC	3496	3500	1	4
8251	C	GCCCC	5	8250	8254	TCCCC	3167	3171	1	4
8251	C	GCCCC	5	8250	8254	GCGCC	3161	3165	1	4
8251	C	GCCCC	5	8250	8254	GCCGC	3019	3023	1	4
8251	C	GCCCC	5	8250	8254	ACCCC	493	497	1	4
8251	C	GCCCC	5	8250	8254	GCCCA	499	503	1	4
8251	C	GCCCC	5	8250	8254	ACCCC	533	537	1	4
8251	C	GCCCC	5	8250	8254	ACCCC	556	560	1	4
8251	C	GCCCC	5	8250	8254	ACCCC	567	571	1	4
8251	C	GCCCC	5	8250	8254	ACCCC	636	640	1	4
8251	C	GCCCC	5	8250	8254	GCCAC	796	800	1	4
8251	C	GCCCC	5	8250	8254	ACCCC	801	805	1	4
8251	C	GCCCC	5	8250	8254	ACCCC	866	870	1	4
8251	C	GCCCC	5	8250	8254	GCCAC	893	897	1	4
8251	C	GCCCC	5	8250	8254	ACCCC	955	959	1	4
8251	C	GCCCC	5	8250	8254	TCCCC	961	965	1	4
8251	C	GCCCC	5	8250	8254	ACCCC	1082	1086	1	4
8251	C	GCCCC	5	8250	8254	GCCCT	1097	1101	1	4
8251	C	GCCCC	5	8250	8254	GCCAC	1149	1153	1	4
8251	C	GCCCC	5	8250	8254	GCCCA	1339	1343	1	4
8251	C	GCCCC	5	8250	8254	ACCCC	1374	1378	1	4
8251	C	GCCCC	5	8250	8254	GCCCT	1393	1397	1	4
8251	C	GCCCC	5	8250	8254	ACCCC	1530	1534	1	4
8251	C	GCCCC	5	8250	8254	GCACC	1623	1627	1	4
8251	C	GCCCC	5	8250	8254	ACCCC	1836	1840	1	4
8251	C	GCCCC	5	8250	8254	GCCCA	2056	2060	1	4
8251	C	GCCCC	5	8250	8254	TCCCC	2075	2079	1	4
8251	C	GCCCC	5	8250	8254	GCCAC	2185	2189	1	4
8251	C	GCCCC	5	8250	8254	GCCCA	2377	2381	1	4
8251	C	GCCCC	5	8250	8254	ACCCC	11672	11676	1	4
8251	C	GCCCC	5	8250	8254	ACCCC	11866	11870	1	4
8251	C	CCCCG	5	8251	8255	CCCCC	11867	11871	1	4
8251	C	GCCCC	5	8250	8254	GCCCT	11969	11973	1	4
8251	C	AGGCC	5	8248	8252	AGACC	15220	15224	1	4
8251	C	AGGCC	5	8248	8252	ACGCC	14994	14998	1	4
8251	C	AGGCC	5	8248	8252	ACGCC	14919	14923	1	4
8251	C	AGGCC	5	8248	8252	AGGAC	14887	14891	1	4
8251	C	AGGCC	5	8248	8252	AGGCT	14605	14609	1	4
8251	C	AGGCC	5	8248	8252	ATGCC	14430	14434	1	4
8251	C	AGGCC	5	8248	8252	AGACC	14409	14413	1	4
8251	C	AGGCC	5	8248	8252	AGGCA	14079	14083	1	4
8251	C	AGGCC	5	8248	8252	AAGCC	13716	13720	1	4
8251	C	AGGCC	5	8248	8252	ACGCC	13701	13705	1	4
8251	C	AGGCC	5	8248	8252	AGGTC	13632	13636	1	4
8251	C	AGGCC	5	8248	8252	ACGCC	13550	13554	1	4
8251	C	AGGCC	5	8248	8252	AGACC	13512	13516	1	4
8251	C	AGGCC	5	8248	8252	AGGAC	13416	13420	1	4
8251	C	AGGCC	5	8248	8252	AAGCC	13343	13347	1	4
8251	C	AGGCC	5	8248	8252	ACGCC	13331	13335	1	4
8251	C	AGGCC	5	8248	8252	AGGCA	12999	13003	1	4
8251	C	AGGCC	5	8248	8252	AGGCT	15244	15248	1	4
8251	C	AGGCC	5	8248	8252	AGACC	15487	15491	1	4
8251	C	AGGCC	5	8248	8252	AGGCG	15613	15617	1	4
8251	C	TAGGC	5	8247	8251	TAGAC	620	624	1	4
8251	C	TAGGC	5	8247	8251	TAAGC	1298	1302	1	4
8251	C	TAGGC	5	8247	8251	AAGGC	1286	1290	1	4
8251	C	TAGGC	5	8247	8251	TATGC	1089	1093	1	4
8251	C	TAGGC	5	8247	8251	TAAGC	854	858	1	4
8251	C	TAGGC	5	8247	8251	TAGCC	794	798	1	4
8251	C	TAGGC	5	8247	8251	TAGCC	789	793	1	4
8251	C	TAGGC	5	8247	8251	TAGCC	662	666	1	4
8251	C	TAGGC	5	8247	8251	TATGC	414	418	1	4
8251	C	AGGCC	5	8248	8252	AGACC	15736	15740	1	4
8251	C	TAGGC	5	8247	8251	TTGGC	407	411	1	4
8251	C	TAGGC	5	8247	8251	TATGC	72	76	1	4
8251	C	AGGCC	5	8248	8252	AAGCC	16524	16528	1	4
8251	C	AGGCC	5	8248	8252	AAGCC	16317	16321	1	4
8251	C	AGGCC	5	8248	8252	AAGCC	16253	16257	1	4
8251	C	AGGCC	5	8248	8252	AGGAC	15948	15952	1	4
8251	C	AGGCC	5	8248	8252	AGGAC	15763	15767	1	4
8251	C	AGGCC	5	8248	8252	AAGCC	12960	12964	1	4
8251	C	AGGCC	5	8248	8252	ATGCC	12824	12828	1	4
8251	C	AGGCC	5	8248	8252	AGGGC	12770	12774	1	4
8251	C	AGGCC	5	8248	8252	AAGCC	7324	7328	1	4
8251	C	AGGCC	5	8248	8252	TGGCC	8837	8841	1	4
8251	C	AGGCC	5	8248	8252	AGGAC	8718	8722	1	4
8251	C	AGGCC	5	8248	8252	AGGCG	7975	7979	1	4
8251	C	AGGCC	5	8248	8252	AGGTC	7851	7855	1	4
8251	C	AGGCC	5	8248	8252	TGGCC	7496	7500	1	4
8251	C	AGGCC	5	8248	8252	AAGCC	7484	7488	1	4
8251	C	AGGCC	5	8248	8252	AGTCC	7346	7350	1	4
8251	C	AGGCC	5	8248	8252	AGGCT	7106	7110	1	4
8251	C	AGGCC	5	8248	8252	AAGCC	9155	9159	1	4
8251	C	AGGCC	5	8248	8252	AGGCT	7076	7080	1	4
8251	C	AGGCC	5	8248	8252	TGGCC	6956	6960	1	4
8251	C	AGGCC	5	8248	8252	AGGCT	6650	6654	1	4
8251	C	AGGCC	5	8248	8252	AGACC	6536	6540	1	4
8251	C	AGGCC	5	8248	8252	AGTCC	6503	6507	1	4
8251	C	AGGCC	5	8248	8252	AGTCC	6479	6483	1	4
8251	C	AGGCC	5	8248	8252	AGGCT	6131	6135	1	4
8251	C	AGGCC	5	8248	8252	TGGCC	8993	8997	1	4
8251	C	AGGCC	5	8248	8252	ATGCC	9223	9227	1	4
8251	C	AGGCC	5	8248	8252	AGGCT	12184	12188	1	4
8251	C	AGGCC	5	8248	8252	ACGCC	11002	11006	1	4
8251	C	AGGCC	5	8248	8252	AGGAC	11947	11951	1	4
8251	C	AGGCC	5	8248	8252	AAGCC	11845	11849	1	4
8251	C	AGGCC	5	8248	8252	AGGAC	11797	11801	1	4
8251	C	AGGCC	5	8248	8252	AGACC	11599	11603	1	4
8251	C	AGGCC	5	8248	8252	AGGCA	11560	11564	1	4
8251	C	AGGCC	5	8248	8252	ACGCC	11182	11186	1	4
8251	C	AGGCC	5	8248	8252	AGGCA	11167	11171	1	4
8251	C	AGGCC	5	8248	8252	AAGCC	10996	11000	1	4
8251	C	AGGCC	5	8248	8252	CGGCC	9293	9297	1	4
8251	C	AGGCC	5	8248	8252	TGGCC	10724	10728	1	4
8251	C	AGGCC	5	8248	8252	TGGCC	10363	10367	1	4
8251	C	AGGCC	5	8248	8252	AAGCC	9913	9917	1	4
8251	C	AGGCC	5	8248	8252	AGGCT	9809	9813	1	4
8251	C	AGGCC	5	8248	8252	AAGCC	9736	9740	1	4
8251	C	AGGCC	5	8248	8252	AGGCA	9563	9567	1	4
8251	C	AGGCC	5	8248	8252	AGGGC	9545	9549	1	4
8251	C	TAGGC	5	8247	8251	TACGC	1535	1539	1	4
8251	C	TAGGC	5	8247	8251	TAGGA	1639	1643	1	4
8251	C	TAGGC	5	8247	8251	TAGCC	1717	1721	1	4
8251	C	TAGGC	5	8247	8251	TAGTC	10660	10664	1	4
8251	C	TAGGC	5	8247	8251	TAGTC	11961	11965	1	4
8251	C	TAGGC	5	8247	8251	GAGGC	11559	11563	1	4
8251	C	TAGGC	5	8247	8251	CAGGC	11193	11197	1	4
8251	C	TAGGC	5	8247	8251	GAGGC	11166	11170	1	4
8251	C	TAGGC	5	8247	8251	TTGGC	11147	11151	1	4
8251	C	TAGGC	5	8247	8251	TAGAC	10729	10733	1	4
8251	C	TAGGC	5	8247	8251	TAGTC	10702	10706	1	4
8251	C	TAGGC	5	8247	8251	TAGCC	10633	10637	1	4
8251	C	TAGGC	5	8247	8251	TAGAC	12581	12585	1	4
8251	C	TAGGC	5	8247	8251	TAGGA	10519	10523	1	4
8251	C	TAGGC	5	8247	8251	TAGAC	10390	10394	1	4
8251	C	TAGGC	5	8247	8251	TAGCC	10096	10100	1	4
8251	C	TAGGC	5	8247	8251	TTGGC	9904	9908	1	4
8251	C	TAGGC	5	8247	8251	TAGCC	9802	9806	1	4
8251	C	TAGGC	5	8247	8251	TAGGA	9541	9545	1	4
8251	C	TAGGC	5	8247	8251	TAGCC	9298	9302	1	4
8251	C	TAGGC	5	8247	8251	TAAGC	12569	12573	1	4
8251	C	TAGGC	5	8247	8251	TAGGA	12776	12780	1	4
8251	C	TAGGC	5	8247	8251	TAGCC	8831	8835	1	4
8251	C	TAGGC	5	8247	8251	TAGAC	15255	15259	1	4
8251	C	TAGGC	5	8247	8251	TAAGC	15774	15778	1	4
8251	C	TAGGC	5	8247	8251	TAGCC	15729	15733	1	4
8251	C	TAGGC	5	8247	8251	GAGGC	15612	15616	1	4
8251	C	TAGGC	5	8247	8251	TAGGA	15609	15613	1	4
8251	C	TAGGC	5	8247	8251	TAGCC	15519	15523	1	4
8251	C	TAGGC	5	8247	8251	TCGGC	15435	15439	1	4
8251	C	TAGGC	5	8247	8251	TAGGA	15372	15376	1	4
8251	C	TAGGC	5	8247	8251	GAGGC	15243	15247	1	4
8251	C	TAGGC	5	8247	8251	CAGGC	12998	13002	1	4
8251	C	TAGGC	5	8247	8251	TAGCC	14898	14902	1	4
8251	C	TAGGC	5	8247	8251	TTGGC	14856	14860	1	4
8251	C	TAGGC	5	8247	8251	TCGGC	14844	14848	1	4
8251	C	TAGGC	5	8247	8251	AAGGC	14604	14608	1	4
8251	C	TAGGC	5	8247	8251	TATGC	13886	13890	1	4
8251	C	TAGGC	5	8247	8251	TAGCC	13241	13245	1	4
8251	C	TAGGC	5	8247	8251	TATGC	13169	13173	1	4
8251	C	TAGGC	5	8247	8251	AAGGC	8918	8922	1	4
8251	C	TAGGC	5	8247	8251	CAGGC	7974	7978	1	4
8251	C	TAGGC	5	8247	8251	TAGGA	2126	2130	1	4
8251	C	TAGGC	5	8247	8251	CAGGC	3932	3936	1	4
8251	C	TAGGC	5	8247	8251	TACGC	4993	4997	1	4
8251	C	TAGGC	5	8247	8251	CAGGC	4960	4964	1	4
8251	C	TAGGC	5	8247	8251	AAGGC	4828	4832	1	4
8251	C	TAGGC	5	8247	8251	TAGGA	4786	4790	1	4
8251	C	TAGGC	5	8247	8251	TAAGC	4534	4538	1	4
8251	C	TAGGC	5	8247	8251	CAGGC	4513	4517	1	4
8251	C	TAGGC	5	8247	8251	TAGGA	4034	4038	1	4
8251	C	TAGGC	5	8247	8251	TAGTC	3926	3930	1	4
8251	C	TAGGC	5	8247	8251	TAGGT	5519	5523	1	4
8251	C	TAGGC	5	8247	8251	TAGCC	3743	3747	1	4
8251	C	TAGGC	5	8247	8251	TAGCC	3638	3642	1	4
8251	C	TAGGC	5	8247	8251	TAGCC	3633	3637	1	4
8251	C	TAGGC	5	8247	8251	TAGCC	3623	3627	1	4
8251	C	TAGGC	5	8247	8251	TACGC	3404	3408	1	4
8251	C	TAGGC	5	8247	8251	TAGGG	2930	2934	1	4
8251	C	TAGGC	5	8247	8251	TCGGC	2475	2479	1	4
8251	C	TAGGC	5	8247	8251	TAGGA	5221	5225	1	4
8251	C	TAGGC	5	8247	8251	TAAGC	5642	5646	1	4
8251	C	TAGGC	5	8247	8251	TACGC	7827	7831	1	4
8251	C	TAGGC	5	8247	8251	TAGGA	6787	6791	1	4
8251	C	TAGGC	5	8247	8251	TAGAC	7442	7446	1	4
8251	C	TAGGC	5	8247	8251	CAGGC	7105	7109	1	4
8251	C	TAGGC	5	8247	8251	GAGGC	7075	7079	1	4
8251	C	TAGGC	5	8247	8251	TAGAC	6991	6995	1	4
8251	C	TAGGC	5	8247	8251	TAGGT	6952	6956	1	4
8251	C	TAGGC	5	8247	8251	TAGGA	6928	6932	1	4
8251	C	TAGGC	5	8247	8251	TAGAC	6799	6803	1	4
8251	C	TAGGC	5	8247	8251	TAGGG	6751	6755	1	4
8251	C	TAGGC	5	8247	8251	TAAGC	5700	5704	1	4
8251	C	TAGGC	5	8247	8251	CAGGC	6649	6653	1	4
8251	C	TAGGC	5	8247	8251	TAGGG	6379	6383	1	4
8251	C	TAGGC	5	8247	8251	TTGGC	6136	6140	1	4
8251	C	TAGGC	5	8247	8251	GAGGC	6130	6134	1	4
8251	C	TAGGC	5	8247	8251	TAGGT	6046	6050	1	4
8251	C	TAGGC	5	8247	8251	CAGGC	6034	6038	1	4
8251	C	TAGGC	5	8247	8251	TCGGC	5968	5972	1	4
8251	C	AGGCC	5	8248	8252	AGGCA	6035	6039	1	4
8251	C	AGGCC	5	8248	8252	AGTCC	5984	5988	1	4
8251	C	AGGCC	5	8248	8252	AGTCC	5863	5867	1	4
8251	C	GCCCC	5	8250	8254	GCCCT	15317	15321	1	4
8251	C	GCCCC	5	8250	8254	GTCCC	15596	15600	1	4
8251	C	GCCCC	5	8250	8254	TCCCC	15541	15545	1	4
8251	C	GCCCC	5	8250	8254	ACCCC	15536	15540	1	4
8251	C	GCCCC	5	8250	8254	ACCCC	15525	15529	1	4
8251	C	GCCCC	5	8250	8254	GACCC	15500	15504	1	4
8251	C	GCCCC	5	8250	8254	GCCCT	15431	15435	1	4
8251	C	GCCCC	5	8250	8254	ACCCC	15366	15370	1	4
8251	C	GCCCC	5	8250	8254	GCCCT	15301	15305	1	4
8251	C	GCCCC	5	8250	8254	GCCCA	15699	15703	1	4
8251	C	GCCCC	5	8250	8254	GCCTC	15024	15028	1	4
8251	C	GCCCC	5	8250	8254	GCCTC	15005	15009	1	4
8251	C	GCCCC	5	8250	8254	GCCCA	14945	14949	1	4
8251	C	GCCCC	5	8250	8254	GCCTC	14921	14925	1	4
8251	C	GCCCC	5	8250	8254	ACCCC	14813	14817	1	4
8251	C	GCCCC	5	8250	8254	TCCCC	14808	14812	1	4
8251	C	GCCCC	5	8250	8254	ACCCC	14769	14773	1	4
8251	C	GCCCC	5	8250	8254	GCCCT	15623	15627	1	4
8251	C	GCCCC	5	8250	8254	GCCGC	15731	15735	1	4
8251	C	GCCCC	5	8250	8254	ACCCC	14619	14623	1	4
8251	C	GGCCC	5	8249	8253	GGTCC	657	661	1	4
8251	C	GGCCC	5	8249	8253	AGCCC	3243	3247	1	4
8251	C	GGCCC	5	8249	8253	TGCCC	2685	2689	1	4
8251	C	GGCCC	5	8249	8253	TGCCC	2545	2549	1	4
8251	C	GGCCC	5	8249	8253	AGCCC	2376	2380	1	4
8251	C	GGCCC	5	8249	8253	GGACC	2268	2272	1	4
8251	C	GGCCC	5	8249	8253	GGCGC	1767	1771	1	4
8251	C	GGCCC	5	8249	8253	CGCCC	1484	1488	1	4
8251	C	GGCCC	5	8249	8253	GGCTC	626	630	1	4
8251	C	GCCCC	5	8250	8254	GCACC	15986	15990	1	4
8251	C	GGCCC	5	8249	8253	CGCCC	498	502	1	4
8251	C	GCCCC	5	8250	8254	TCCCC	16545	16549	1	4
8251	C	GCCCC	5	8250	8254	ACCCC	16258	16262	1	4
8251	C	GCCCC	5	8250	8254	GCCAC	16255	16259	1	4
8251	C	GCCCC	5	8250	8254	TCCCC	16189	16193	1	4
8251	C	GCCCC	5	8250	8254	ACCCC	16183	16187	1	4
8251	C	GCCCC	5	8250	8254	GCCAC	16110	16114	1	4
8251	C	GCCCC	5	8250	8254	ACCCC	14628	14632	1	4
8251	C	GCCCC	5	8250	8254	ACCCC	14587	14591	1	4
8251	C	GGCCC	5	8249	8253	GGCGC	3697	3701	1	4
8251	C	GCCCC	5	8250	8254	ACCCC	13025	13029	1	4
8251	C	GCCCC	5	8250	8254	GCCCT	13558	13562	1	4
8251	C	GCCCC	5	8250	8254	GCCCT	13210	13214	1	4
8251	C	GCCCC	5	8250	8254	GCGCC	13208	13212	1	4
8251	C	GCCCC	5	8250	8254	ACCCC	13127	13131	1	4
8251	C	GCCCC	5	8250	8254	GCCCT	13069	13073	1	4
8251	C	GCCCC	5	8250	8254	ACCCC	13057	13061	1	4
8251	C	GCCCC	5	8250	8254	TCCCC	13034	13038	1	4
8251	C	GCCCC	5	8250	8254	GCCCA	13009	13013	1	4
8251	C	GCCCC	5	8250	8254	TCCCC	13646	13650	1	4
8251	C	GCCCC	5	8250	8254	ACCCC	12967	12971	1	4
8251	C	GCCCC	5	8250	8254	GCCTC	12962	12966	1	4
8251	C	GCCCC	5	8250	8254	GCCAC	12541	12545	1	4
8251	C	GCCCC	5	8250	8254	TCCCC	12482	12486	1	4
8251	C	GCCCC	5	8250	8254	ACCCC	12431	12435	1	4
8251	C	GCCCC	5	8250	8254	TCCCC	12384	12388	1	4
8251	C	GCCCC	5	8250	8254	TCCCC	12083	12087	1	4
8251	C	GCCCC	5	8250	8254	GCGCC	13595	13599	1	4
8251	C	GCCCC	5	8250	8254	ACCCC	13691	13695	1	4
8251	C	GCCCC	5	8250	8254	TCCCC	14530	14534	1	4
8251	C	GCCCC	5	8250	8254	GCCCA	14226	14230	1	4
8251	C	GCCCC	5	8250	8254	TCCCC	14488	14492	1	4
8251	C	GCCCC	5	8250	8254	GCCTC	14432	14436	1	4
8251	C	GCCCC	5	8250	8254	ACCCC	14417	14421	1	4
8251	C	GCCCC	5	8250	8254	ACCCC	14388	14392	1	4
8251	C	GCCCC	5	8250	8254	GCACC	14364	14368	1	4
8251	C	GCCCC	5	8250	8254	ACCCC	14339	14343	1	4
8251	C	GCCCC	5	8250	8254	GCACC	14249	14253	1	4
8251	C	GCCCC	5	8250	8254	TCCCC	14154	14158	1	4
8251	C	GCCCC	5	8250	8254	TCCCC	13753	13757	1	4
8251	C	GCCCC	5	8250	8254	GCACC	14040	14044	1	4
8251	C	GCCCC	5	8250	8254	TCCCC	13946	13950	1	4
8251	C	GCCCC	5	8250	8254	TCCCC	13879	13883	1	4
8251	C	GCCCC	5	8250	8254	GCCCT	13837	13841	1	4
8251	C	GCCCC	5	8250	8254	GCCCT	13804	13808	1	4
8251	C	GCCCC	5	8250	8254	TCCCC	13781	13785	1	4
8251	C	GCCCC	5	8250	8254	TCCCC	13762	13766	1	4
8251	C	GGCCC	5	8249	8253	GGCCA	3315	3319	1	4
8251	C	GGCCC	5	8249	8253	GGCCA	3849	3853	1	4
8251	C	AGGCC	5	8248	8252	AGGCG	5752	5756	1	4
8251	C	GGCCC	5	8249	8253	CGCCC	15698	15702	1	4
8251	C	AGGCC	5	8248	8252	AGGAC	1829	1833	1	4
8251	C	AGGCC	5	8248	8252	AGGAC	1514	1518	1	4
8251	C	AGGCC	5	8248	8252	AGGCT	1287	1291	1	4
8251	C	AGGCC	5	8248	8252	AAGCC	928	932	1	4
8251	C	AGGCC	5	8248	8252	TGGCC	321	325	1	4
8251	C	AGGCC	5	8248	8252	AGGCG	183	187	1	4
8251	C	AGGCC	5	8248	8252	AGGTC	7	11	1	4
8251	C	GGCCC	5	8249	8253	TGCCC	15622	15626	1	4
8251	C	AGGCC	5	8248	8252	AGGCA	2434	2438	1	4
8251	C	GGCCC	5	8249	8253	AGCCC	15316	15320	1	4
8251	C	GGCCC	5	8249	8253	TGCCC	15300	15304	1	4
8251	C	GGCCC	5	8249	8253	GGGCC	15171	15175	1	4
8251	C	GGCCC	5	8249	8253	CGCCC	14944	14948	1	4
8251	C	GGCCC	5	8249	8253	GGCTC	14846	14850	1	4
8251	C	GGCCC	5	8249	8253	AGCCC	13836	13840	1	4
8251	C	GGCCC	5	8249	8253	AGCCC	13803	13807	1	4
8251	C	AGGCC	5	8248	8252	AGGCG	1986	1990	1	4
8251	C	AGGCC	5	8248	8252	CGGCC	2566	2570	1	4
8251	C	GGCCC	5	8249	8253	GGTCC	13367	13371	1	4
8251	C	AGGCC	5	8248	8252	AGACC	3881	3885	1	4
8251	C	AGGCC	5	8248	8252	AGGAC	5589	5593	1	4
8251	C	AGGCC	5	8248	8252	AGACC	5531	5535	1	4
8251	C	AGGCC	5	8248	8252	AGGCA	4961	4965	1	4
8251	C	AGGCC	5	8248	8252	CGGCC	4847	4851	1	4
8251	C	AGGCC	5	8248	8252	AGGTC	4406	4410	1	4
8251	C	AGGCC	5	8248	8252	AGGCT	3933	3937	1	4
8251	C	AGGCC	5	8248	8252	AGTCC	3917	3921	1	4
8251	C	AGGCC	5	8248	8252	ACGCC	3458	3462	1	4
8251	C	AGGCC	5	8248	8252	AGGCG	2696	2700	1	4
8251	C	AGGCC	5	8248	8252	TGGCC	3314	3318	1	4
8251	C	AGGCC	5	8248	8252	AGGAC	3130	3134	1	4
8251	C	AGGCC	5	8248	8252	AGGTC	3089	3093	1	4
8251	C	AGGCC	5	8248	8252	AGACC	3074	3078	1	4
8251	C	AGGCC	5	8248	8252	AGTCC	3053	3057	1	4
8251	C	AGGCC	5	8248	8252	AGGAC	3000	3004	1	4
8251	C	AGGCC	5	8248	8252	AGTCC	2958	2962	1	4
8251	C	GGCCC	5	8249	8253	AGCCC	13557	13561	1	4
8251	C	GGCCC	5	8249	8253	CGCCC	13209	13213	1	4
8251	C	GGCCC	5	8249	8253	CGCCC	3966	3970	1	4
8251	C	GGCCC	5	8249	8253	AGCCC	6923	6927	1	4
8251	C	GGCCC	5	8249	8253	GGCCA	8838	8842	1	4
8251	C	GGCCC	5	8249	8253	AGCCC	8291	8295	1	4
8251	C	GGCCC	5	8249	8253	CGCCC	7813	7817	1	4
8251	C	GGCCC	5	8249	8253	TGCCC	7788	7792	1	4
8251	C	GGCCC	5	8249	8253	GGCAC	7588	7592	1	4
8251	C	GGCCC	5	8249	8253	GGCCT	7197	7201	1	4
8251	C	GGCCC	5	8249	8253	GGCCT	6957	6961	1	4
8251	C	GGCCC	5	8249	8253	GGCCA	6383	6387	1	4
8251	C	GGCCC	5	8249	8253	GGCCG	8994	8998	1	4
8251	C	GGCCC	5	8249	8253	GGGCC	6382	6386	1	4
8251	C	GGCCC	5	8249	8253	AGCCC	6080	6084	1	4
8251	C	GGCCC	5	8249	8253	GGCCA	6027	6031	1	4
8251	C	GGCCC	5	8249	8253	GGCGC	5970	5974	1	4
8251	C	GGCCC	5	8249	8253	CGCCC	5459	5463	1	4
8251	C	GGCCC	5	8249	8253	TGCCC	5251	5255	1	4
8251	C	GGCCC	5	8249	8253	GGCCT	4848	4852	1	4
8251	C	GGCCC	5	8249	8253	GGCAC	8857	8861	1	4
8251	C	GGCCC	5	8249	8253	AGCCC	9246	9250	1	4
8251	C	GGCCC	5	8249	8253	AGCCC	13068	13072	1	4
8251	C	GGCCC	5	8249	8253	GGCCT	10689	10693	1	4
8251	C	GGCCC	5	8249	8253	GGTCC	12629	12633	1	4
8251	C	GGCCC	5	8249	8253	GGCTC	12008	12012	1	4
8251	C	GGCCC	5	8249	8253	AGCCC	11968	11972	1	4
8251	C	GGCCC	5	8249	8253	CGCCC	11710	11714	1	4
8251	C	GGCCC	5	8249	8253	GGCGC	11690	11694	1	4
8251	C	GGCCC	5	8249	8253	TGCCC	11305	11309	1	4
8251	C	GGCCC	5	8249	8253	GGCCT	10725	10729	1	4
8251	C	GGCCC	5	8249	8253	GGCCT	10364	10368	1	4
8251	C	GGCCC	5	8249	8253	AGCCC	9275	9279	1	4
8251	C	GGCCC	5	8249	8253	AGCCC	10289	10293	1	4
8251	C	GGCCC	5	8249	8253	CGCCC	10196	10200	1	4
8251	C	GGCCC	5	8249	8253	GGCTC	9837	9841	1	4
8251	C	GGCCC	5	8249	8253	GGCTC	9786	9790	1	4
8251	C	GGCCC	5	8249	8253	GGCAC	9547	9551	1	4
8251	C	GGCCC	5	8249	8253	GGCGC	9379	9383	1	4
8251	C	GGCCC	5	8249	8253	GGCCT	9294	9298	1	4
8251	C	CCCCG	5	8251	8255	CCCCC	11868	11872	1	4
8251	C	CCCCG	5	8251	8255	CCCCC	5895	5899	1	4
8251	C	CCCCG	5	8251	8255	CCTCG	11857	11861	1	4
8251	C	CCCCG	5	8251	8255	CCACG	11713	11717	1	4
8251	C	CCCCG	5	8251	8255	CCGCG	897	901	1	4
8251	C	CCCCG	5	8251	8255	CCCCA	1083	1087	1	4
8251	C	CCCCG	5	8251	8255	CCCTG	1278	1282	1	4
8251	C	CCCCG	5	8251	8255	CCCCA	1375	1379	1	4
8251	C	CCCCG	5	8251	8255	CCCAG	1376	1380	1	4
8251	C	CCCCG	5	8251	8255	CACCG	1481	1485	1	4
8251	C	CCCCG	5	8251	8255	CCCCT	1531	1535	1	4
8251	C	CCCCG	5	8251	8255	CCCCT	1837	1841	1	4
8251	C	CCCCG	5	8251	8255	CTCCG	2329	2333	1	4
8251	C	CCCCG	5	8251	8255	CCACG	2639	2643	1	4
8251	C	CCCCG	5	8251	8255	CCTCG	2821	2825	1	4
8251	C	CCCCG	5	8251	8255	CTCCG	2840	2844	1	4
8251	C	CCCCG	5	8251	8255	CCTCG	2985	2989	1	4
8251	C	CCCCG	5	8251	8255	TCCCG	3006	3010	1	4
8251	C	CCCCG	5	8251	8255	ACCCG	3492	3496	1	4
8251	C	CCCCG	5	8251	8255	CACCG	3522	3526	1	4
8251	C	CCCCG	5	8251	8255	CCCCC	3566	3570	1	4
8251	C	CCCCG	5	8251	8255	CCCTG	3587	3591	1	4
8251	C	CCCCG	5	8251	8255	CCCCT	4058	4062	1	4
8251	C	CCCCG	5	8251	8255	CCCTG	4059	4063	1	4
8251	C	CCCCG	5	8251	8255	CCCTG	4354	4358	1	4
8251	C	CCCCG	5	8251	8255	CCCCT	4476	4480	1	4
8251	C	CCCCG	5	8251	8255	CCCTG	4477	4481	1	4
8251	C	CCCCG	5	8251	8255	CTCCG	4709	4713	1	4
8251	C	CCCCG	5	8251	8255	CCCAG	4814	4818	1	4
8251	C	CCCCG	5	8251	8255	CCCCT	4834	4838	1	4
8251	C	CCCCG	5	8251	8255	CCCAG	4987	4991	1	4
8251	C	CCCCG	5	8251	8255	CCACG	5143	5147	1	4
8251	C	CCCCG	5	8251	8255	CCCCA	5303	5307	1	4
8251	C	CCCCG	5	8251	8255	CCCCA	5447	5451	1	4
8251	C	CCCCG	5	8251	8255	CCCCA	962	966	1	4
8251	C	CCCCG	5	8251	8255	CACCG	895	899	1	4
8251	C	CCCCG	5	8251	8255	CCCAG	868	872	1	4
8251	C	CCCCG	5	8251	8255	CCCCC	303	307	1	4
8251	C	CCCCG	5	8251	8255	CCCCC	304	308	1	4
8251	C	CCCCG	5	8251	8255	CCCCA	353	357	1	4
8251	C	CCCCG	5	8251	8255	CCCCC	433	437	1	4
8251	C	CCCCG	5	8251	8255	CCCCC	434	438	1	4
8251	C	CCCCG	5	8251	8255	CCCCA	435	439	1	4
8251	C	CCCCG	5	8251	8255	CCCCT	456	460	1	4
8251	C	CCCCG	5	8251	8255	CCCAG	509	513	1	4
8251	C	CCCCG	5	8251	8255	CACCG	522	526	1	4
8251	C	CCCCG	5	8251	8255	CCCCA	557	561	1	4
8251	C	CCCCG	5	8251	8255	CCCCC	568	572	1	4
8251	C	CCCCG	5	8251	8255	CCCCC	569	573	1	4
8251	C	CCCCG	5	8251	8255	CCCCA	570	574	1	4
8251	C	CCCCG	5	8251	8255	CCACG	736	740	1	4
8251	C	CCCCG	5	8251	8255	CCCCC	802	806	1	4
8251	C	CCCCG	5	8251	8255	CCCCA	803	807	1	4
8251	C	CCCCG	5	8251	8255	CCACG	805	809	1	4
8251	C	CCCCG	5	8251	8255	CCCCA	867	871	1	4
8251	C	CCCCG	5	8251	8255	CCACG	5467	5471	1	4
8251	C	CCCCG	5	8251	8255	CCCCA	5601	5605	1	4
8251	C	CCCCG	5	8251	8255	TCCCG	5734	5738	1	4
8251	C	CCCCG	5	8251	8255	CGCCG	5737	5741	1	4
8251	C	CCCCG	5	8251	8255	CCCCC	8406	8410	1	4
8251	C	CCCCG	5	8251	8255	CCCTG	8513	8517	1	4
8251	C	CCCCG	5	8251	8255	CCCCA	8559	8563	1	4
8251	C	CCCCG	5	8251	8255	ACCCG	8577	8581	1	4
8251	C	CCCCG	5	8251	8255	CGCCG	8580	8584	1	4
8251	C	CCCCG	5	8251	8255	CCCCA	8619	8623	1	4
8251	C	CCCCG	5	8251	8255	CCTCG	8778	8782	1	4
8251	C	CCCCG	5	8251	8255	CCCAG	9243	9247	1	4
8251	C	CCCCG	5	8251	8255	CCCCT	9255	9259	1	4
8251	C	CCCCG	5	8251	8255	CTCCG	9290	9294	1	4
8251	C	CCCCG	5	8251	8255	CCCCC	9532	9536	1	4
8251	C	CCCCG	5	8251	8255	CCCCC	9533	9537	1	4
8251	C	CCCCG	5	8251	8255	CCCCA	9534	9538	1	4
8251	C	CCCCG	5	8251	8255	CCCCA	9556	9560	1	4
8251	C	CCCCG	5	8251	8255	CCCCT	9582	9586	1	4
8251	C	CCCCG	5	8251	8255	CCACG	9815	9819	1	4
8251	C	CCCCG	5	8251	8255	CGCCG	9917	9921	1	4
8251	C	CCCCG	5	8251	8255	GCCCG	10197	10201	1	4
8251	C	CCCCG	5	8251	8255	CCCCT	10278	10282	1	4
8251	C	CCCCG	5	8251	8255	CCCCA	10917	10921	1	4
8251	C	CCCCG	5	8251	8255	CTCCG	10930	10934	1	4
8251	C	CCCCG	5	8251	8255	CCCCC	10947	10951	1	4
8251	C	CCCCG	5	8251	8255	CCCCT	10979	10983	1	4
8251	C	CCCCG	5	8251	8255	CCCCA	11140	11144	1	4
8251	C	CCCCG	5	8251	8255	ACCCG	11159	11163	1	4
8251	C	CCCCG	5	8251	8255	CCCCT	11234	11238	1	4
8251	C	CCCCG	5	8251	8255	CCCTG	11514	11518	1	4
8251	C	CCCCG	5	8251	8255	CCCTG	11675	11679	1	4
8251	C	CCCCG	5	8251	8255	CACCG	11686	11690	1	4
8251	C	CCCCG	5	8251	8255	CCCCT	8228	8232	1	4
8251	C	CCCCG	5	8251	8255	CACCG	8137	8141	1	4
8251	C	CCCCG	5	8251	8255	CCCGG	8111	8115	1	4
8251	C	CCCCG	5	8251	8255	CCCCA	6845	6849	1	4
8251	C	CCCCG	5	8251	8255	CGCCG	5740	5744	1	4
8251	C	CCCCG	5	8251	8255	CCTCG	5817	5821	1	4
8251	C	CCCCG	5	8251	8255	CCCCT	5844	5848	1	4
8251	C	CCCCG	5	8251	8255	CCCCA	5896	5900	1	4
8251	C	CCCCG	5	8251	8255	CGCCG	5909	5913	1	4
8251	C	CCCCG	5	8251	8255	CCCCT	6153	6157	1	4
8251	C	CCCCG	5	8251	8255	CCCTG	6317	6321	1	4
8251	C	CCCCG	5	8251	8255	CCCTG	6422	6426	1	4
8251	C	CCCCG	5	8251	8255	CGCCG	6569	6573	1	4
8251	C	CCCCG	5	8251	8255	CCCTG	6623	6627	1	4
8251	C	CCCCG	5	8251	8255	CTCCG	6686	6690	1	4
8251	C	CCCCG	5	8251	8255	CTCCG	6821	6825	1	4
8251	C	CCCCG	5	8251	8255	CACCG	6848	6852	1	4
8251	C	CCCCG	5	8251	8255	TCCCG	8110	8114	1	4
8251	C	CCCCG	5	8251	8255	CCACG	6884	6888	1	4
8251	C	CCCCG	5	8251	8255	CCCCT	7095	7099	1	4
8251	C	CCCCG	5	8251	8255	CCCCC	7398	7402	1	4
8251	C	CCCCG	5	8251	8255	CCCCA	7399	7403	1	4
8251	C	CCCCG	5	8251	8255	CCCCC	7466	7470	1	4
8251	C	CCCCG	5	8251	8255	CCCCC	7467	7471	1	4
8251	C	CCCCG	5	8251	8255	CCCCA	7468	7472	1	4
8251	C	CCCCG	5	8251	8255	CCCCT	7626	7630	1	4
8251	C	CCCCG	5	8251	8255	GCCCG	7789	7793	1	4
8251	C	CCCCG	5	8251	8255	CACCG	7915	7919	1	4
8251	C	CCCCG	5	8251	8255	CCCCC	7955	7959	1	4
8251	C	CCCCG	5	8251	8255	TCCCG	8016	8020	1	4
8251	C	CCCCG	5	8251	8255	CCCCA	8080	8084	1	4
8251	C	TAGGC	5	8247	8251	TAGGA	16271	16275	1	4
