pos	nuc	motif.seq	motif.length	motif.start	motif.end	repeat.seq	repeat.start	repeat.end	repeat.hamming.distance	effective.length
8472	G	TACCACCTACGTCCCT	16	8462	8477	TACCAACTATCTCCCT	15843	15858	3	13
8472	G	CTACGTCCCTCACCA	15	8468	8482	CAACCTCCCTCACCA	13445	13459	2	13
8472	G	ACGTCCCTCACCAAAG	16	8470	8485	ACCTCCCTCACCATTG	13447	13462	3	13
8472	G	CTACGTCCCTCACCAA	16	8468	8483	CAACCTCCCTCACCAT	13445	13460	3	13
8472	G	CCTACGTCCCTCACCA	16	8467	8482	TCAACCTCCCTCACCA	13444	13459	3	13
8472	G	CAAACTACCACCTACG	16	8457	8472	CAAACAACCCCCTAGG	15360	15375	3	13
8472	G	CACCTACGTCCCTCA	15	8465	8479	CACCTACACCCCTTA	8924	8938	3	12
8472	G	ACTACCACCTACGTC	15	8460	8474	ACTTCTACCTACGCC	5341	5355	3	12
8472	G	CTACGTCCCTCACCA	15	8468	8482	CTACCTCCCTGACAA	13580	13594	3	12
8472	G	TACGTCCCTCACCAA	15	8469	8483	TCCGTCCCTAACAAA	15593	15607	3	12
8472	G	GTCCCTCACCAAA	13	8472	8484	CTCCCTCACTAAA	4906	4918	2	11
8472	G	CCACCTACGTCC	12	8464	8475	GCACCTACGTTC	163	174	2	10
8472	G	TACCACCTACGT	12	8462	8473	TACCACCCTCGT	12396	12407	2	10
8472	G	TACCACCTACGT	12	8462	8473	TACCACCCAAGT	16050	16061	2	10
8472	G	TACCACCTACGT	12	8462	8473	TCGCACCTACGT	161	172	2	10
8472	G	CACCTACGTCCC	12	8465	8476	CACCTACGTTCA	164	175	2	10
8472	G	CACCTACGTCC	11	8465	8475	CACCTACGTTC	164	174	1	10
8472	G	CGTCCCTCACCA	12	8471	8482	CCTCCCTTACCA	7863	7874	2	10
8472	G	TACGTCCCTCAC	12	8469	8480	TACCTCCCTCTC	6217	6228	2	10
8472	G	ACCACCTACGTC	12	8463	8474	ACCACCTTCTTC	6552	6563	2	10
8472	G	CCTACGTCCCTC	12	8467	8478	CCTACCTCCATC	14372	14383	2	10
8472	G	CCTACGTCCCTC	12	8467	8478	CTTACCTCCCTC	6215	6226	2	10
8472	G	ACCTACGTCCC	11	8466	8476	ACATACTTCCC	7947	7957	2	9
8472	G	CCACCTACGTC	11	8464	8474	CCACCTCCATC	14051	14061	2	9
8472	G	CCACCTACGTC	11	8464	8474	CCACCGGCGTC	6847	6857	2	9
8472	G	CACCTACGTCC	11	8465	8475	CACATACTTCC	11197	11207	2	9
8472	G	CGTCCCTCACC	11	8471	8481	CGCCCGTCACC	1484	1494	2	9
8472	G	ACCTACGTCCC	11	8466	8476	ACCTATCTCCC	5480	5490	2	9
8472	G	CCTACGTCCCT	11	8467	8477	GCTACCTCCCT	13579	13589	2	9
8472	G	CCTACGTCCCT	11	8467	8477	CCCGCGTCCCT	10198	10208	2	9
8472	G	TACGTCCCTCA	11	8469	8479	TACTTCCCCCA	7950	7960	2	9
8472	G	ACGTCCCTCAC	11	8470	8480	ACTTTCCTCAC	9843	9853	2	9
8472	G	CGTCCCTCACC	11	8471	8481	CACCCCTCACC	16257	16267	2	9
8472	G	GTCCCTCACCA	11	8472	8482	CACCCTCACCA	4011	4021	2	9
8472	G	CCTACGTCCC	10	8467	8476	CCTATATCCC	10185	10194	2	8
8472	G	CACCTACGTC	10	8465	8474	AACCTACGCC	7124	7133	2	8
8472	G	ACCACCTACG	10	8463	8472	AACCCCTACG	1529	1538	2	8
8472	G	ACCACCTACG	10	8463	8472	ACCACTCACG	25	34	2	8
8472	G	CCACCTACGT	10	8464	8473	CCACCTACTC	9027	9036	2	8
8472	G	CCACCTACGT	10	8464	8473	CCAGCTACGC	4988	4997	2	8
8472	G	CACCTACGTC	10	8465	8474	CATCTACGGC	9779	9788	2	8
8472	G	ACCTACGTCC	10	8466	8475	TCCTACCTCC	14371	14380	2	8
8472	G	ACCTACGTCC	10	8466	8475	ACCTCCGGCC	9288	9297	2	8
8472	G	ACCACCTACG	10	8463	8472	ACCTCCTACT	3320	3329	2	8
8472	G	ACCTACGTCC	10	8466	8475	ACCTACGCCT	5347	5356	2	8
8472	G	ACCTACGTCC	10	8466	8475	AACTACGCCC	3682	3691	2	8
8472	G	CCTACGTCCC	10	8467	8476	CCTAATTCCC	12378	12387	2	8
8472	G	CCTACGTCCC	10	8467	8476	CTTACGACCC	12187	12196	2	8
8472	G	CCTACGTCCC	10	8467	8476	CCTCCGACCC	10929	10938	2	8
8472	G	ACCTACGTCC	10	8466	8475	ACCTACGCCA	7125	7134	2	8
8472	G	ACCACCTACG	10	8463	8472	ACCCCCTTCG	3892	3901	2	8
8472	G	ACCACCTACG	10	8463	8472	ACCACCCACA	10841	10850	2	8
8472	G	CCTACGTCCC	10	8467	8476	GCTACTTCCC	7619	7628	2	8
8472	G	ACCACCTACG	10	8463	8472	ACCTCCTATG	4166	4175	2	8
8472	G	ACCACCTACG	10	8463	8472	CCCAGCTACG	4987	4996	2	8
8472	G	ACCACCTACG	10	8463	8472	ACCGACTACG	7916	7925	2	8
8472	G	ACCACCTACG	10	8463	8472	GCCACCTACT	9026	9035	2	8
8472	G	ACCACCTACG	10	8463	8472	ACCCCTTACG	10161	10170	2	8
8472	G	ACCACCTACG	10	8463	8472	ACCTCCTAGG	15489	15498	2	8
8472	G	ACGTCCCTCA	10	8470	8479	ACGCCCCTCT	6444	6453	2	8
8472	G	CCTACGTCCC	10	8467	8476	CCTACCCCCC	9528	9537	2	8
8472	G	GTCCCTCACC	10	8472	8481	CTCACTCACC	12010	12019	2	8
8472	G	CCTACGTCCC	10	8467	8476	CCTACTTCTC	6482	6491	2	8
8472	G	GTCCCTCACC	10	8472	8481	GTCCCACTCC	9591	9600	2	8
8472	G	ACCTACGTC	9	8466	8474	ACCTACGCC	7125	7133	1	8
8472	G	CCACCTACG	9	8464	8472	CCAGCTACG	4988	4996	1	8
8472	G	CCACCTACG	9	8464	8472	CCACCTACT	9027	9035	1	8
8472	G	GTCCCTCACC	10	8472	8481	GTCTATCACC	9	18	2	8
8472	G	GTCCCTCACC	10	8472	8481	TTACCTCACC	5887	5896	2	8
8472	G	GTCCCTCACC	10	8472	8481	GCCCCCCACC	7396	7405	2	8
8472	G	ACGTCCCTC	9	8470	8478	ACGCCCCTC	6444	6452	1	8
8472	G	GTCCCTCACC	10	8472	8481	ATCCCTCAAC	12100	12109	2	8
8472	G	GTCCCTCACC	10	8472	8481	GTCCATCATC	13368	13377	2	8
8472	G	CGTCCCTCAC	10	8471	8480	TCTCCCTCAC	4905	4914	2	8
8472	G	CGTCCCTCAC	10	8471	8480	CCTGCCTCAC	8787	8796	2	8
8472	G	CGTCCCTCAC	10	8471	8480	CGTCCCTTTC	10202	10211	2	8
8472	G	CGTCCCTCAC	10	8471	8480	CTTTCCTCAC	13487	13496	2	8
8472	G	CTACGTCCC	9	8468	8476	CTACTTCCC	7620	7628	1	8
8472	G	ACGTCCCTCA	10	8470	8479	ACGCTCCTCA	9327	9336	2	8
8472	G	CCTACGTCCC	10	8467	8476	CCTACTTCAC	3148	3157	2	8
8472	G	CTACGTCCCT	10	8468	8477	CCACGACCCT	5143	5152	2	8
8472	G	CCTACGTCCC	10	8467	8476	CCTATGTCGC	113	122	2	8
8472	G	CTACGTCCCT	10	8468	8477	ATCCGTCCCT	15592	15601	2	8
8472	G	CTACGTCCCT	10	8468	8477	CTACCTCTCT	11041	11050	2	8
8472	G	CTACGTCCCT	10	8468	8477	CTACGTACAT	10733	10742	2	8
8472	G	CTACGTCCCT	10	8468	8477	CTTCGACCCT	10178	10187	2	8
8472	G	CTACGTCCCT	10	8468	8477	CTACTTCCCC	7620	7629	2	8
8472	G	CTACGTCCCT	10	8468	8477	CTACAACCCT	3442	3451	2	8
8472	G	ACGTCCCTCA	10	8470	8479	ATGCCCCTCA	10470	10479	2	8
8472	G	TACGTCCCTC	10	8469	8478	AACGCCCCTC	6443	6452	2	8
8472	G	ACGTCCCTCA	10	8470	8479	ACCCCCCTCA	16374	16383	2	8
8472	G	ACGTCCCTCA	10	8470	8479	ACCTCCCCCA	14527	14536	2	8
8472	G	ACGTCCCTCA	10	8470	8479	ACCTCCATCA	14053	14062	2	8
8472	G	ACGTCCCTCA	10	8470	8479	ACTCCCCTCA	13032	13041	2	8
8472	G	ACGTCCCTCA	10	8470	8479	ACTTCCCTAA	12373	12382	2	8
8472	G	CGTCCCTCAC	10	8471	8480	CCACCCTCAC	15264	15273	2	8
8472	G	CACCTACG	8	8465	8472	CAACTACG	3400	3407	1	7
8472	G	CCTACGT	7	8467	8473	CCTACGT	3056	3062	0	7
8472	G	CCTACGT	7	8467	8473	CCTACGT	9158	9164	0	7
8472	G	GTCCCTCA	8	8472	8479	GTCCATCA	12630	12637	1	7
8472	G	CGTCCCTC	8	8471	8478	CATCCCTC	10327	10334	1	7
8472	G	CGTCCCTC	8	8471	8478	CTTCCCTC	9082	9089	1	7
8472	G	ACCTACG	7	8466	8472	ACCTACG	7904	7910	0	7
8472	G	CGTCCCTC	8	8471	8478	CATCCCTC	10867	10874	1	7
8472	G	ACCTACGT	8	8466	8473	GCCTACGT	9157	9164	1	7
8472	G	ACGTCCCT	8	8470	8477	ACCTCCCT	4105	4112	1	7
8472	G	CACCTACG	8	8465	8472	AACCTACG	7903	7910	1	7
8472	G	CACCTACG	8	8465	8472	CACCTCCG	6818	6825	1	7
8472	G	CACCTACG	8	8465	8472	CCCCTACG	3429	3436	1	7
8472	G	ACCTACGT	8	8466	8473	ACCTACGA	7904	7911	1	7
8472	G	CCTACGTC	8	8467	8474	CCTACTTC	4095	4102	1	7
8472	G	ACCTACGT	8	8466	8473	TCCTACGT	3055	3062	1	7
8472	G	CTACGTCC	8	8468	8475	CTACGACC	4149	4156	1	7
8472	G	CTACGTCC	8	8468	8475	CTATGTCC	7037	7044	1	7
8472	G	CTACGTCC	8	8468	8475	CTATGTCC	15136	15143	1	7
8472	G	CCTACGTC	8	8467	8474	CCTACGTG	3056	3063	1	7
8472	G	CCTACGTC	8	8467	8474	CCTGCGTC	2340	2347	1	7
8472	G	CCTACGTC	8	8467	8474	CCTACGTT	9158	9165	1	7
8472	G	CCTACGTC	8	8467	8474	CCTAAGTC	10355	10362	1	7
8472	G	CCTACGTC	8	8467	8474	CCTACGAC	11587	11594	1	7
8472	G	CCTACGTC	8	8467	8474	CCTACTTC	16507	16514	1	7
8472	G	ACCTACGT	8	8466	8473	ACCCACGT	1309	1316	1	7
8472	G	ACCTACG	7	8466	8472	ACCTACT	10750	10756	1	6
8472	G	ACCTACG	7	8466	8472	ACCAACG	2910	2916	1	6
8472	G	ACCTACG	7	8466	8472	ACCTAGG	3602	3608	1	6
8472	G	ACCTACG	7	8466	8472	ACCTAAG	4258	4264	1	6
8472	G	ACCTACG	7	8466	8472	CCCTACG	7824	7830	1	6
8472	G	ACCTACG	7	8466	8472	ACCTGCG	7980	7986	1	6
8472	G	ACCTACG	7	8466	8472	ACCTACC	1995	2001	1	6
8472	G	ACCTACG	7	8466	8472	GCCTACG	11586	11592	1	6
8472	G	ACCTACG	7	8466	8472	AACTACG	11756	11762	1	6
8472	G	ACCTACG	7	8466	8472	ACCTACT	11880	11886	1	6
8472	G	ACCTACG	7	8466	8472	ACCCACG	13327	13333	1	6
8472	G	ACCTACG	7	8466	8472	ACCTACC	16285	16291	1	6
8472	G	ACCTACG	7	8466	8472	ACCTCCG	2838	2844	1	6
8472	G	CGTCCCT	7	8471	8477	CGTCCCA	10774	10780	1	6
8472	G	ACCTACG	7	8466	8472	ACCTAAG	1921	1927	1	6
8472	G	ACCTACG	7	8466	8472	AACTACG	1383	1389	1	6
8472	G	ACGTCCC	7	8470	8476	ACCTCCC	15380	15386	1	6
8472	G	ACGTCCC	7	8470	8476	ACCTCCC	14805	14811	1	6
8472	G	ACGTCCC	7	8470	8476	TCGTCCC	10773	10779	1	6
8472	G	ACGTCCC	7	8470	8476	AAGTCCC	9589	9595	1	6
8472	G	ACGTCCC	7	8470	8476	ACATCCC	3003	3009	1	6
8472	G	CGTCCCT	7	8471	8477	GGTCCCT	16390	16396	1	6
8472	G	CGTCCCT	7	8471	8477	CGTCCCC	16360	16366	1	6
8472	G	CGTCCCT	7	8471	8477	CGTCCTT	15616	15622	1	6
8472	G	CGTCCCT	7	8471	8477	CATCCCT	12603	12609	1	6
8472	G	GTCCCT	6	8472	8477	GTCCCT	16391	16396	0	6
8472	G	CGTCCC	6	8471	8476	CGTCCC	10774	10779	0	6
8472	G	CGTCCC	6	8471	8476	CGTCCC	16360	16365	0	6
8472	G	CTACGT	6	8468	8473	CTACGT	7016	7021	0	6
8472	G	CCTACG	6	8467	8472	CCTACG	7825	7830	0	6
8472	G	GTCCCTC	7	8472	8478	ATCCCTC	1188	1194	1	6
8472	G	GTCCCTC	7	8472	8478	ATCCCTC	7860	7866	1	6
8472	G	GTCCCTC	7	8472	8478	GGCCCTC	9266	9272	1	6
8472	G	GTCCCTC	7	8472	8478	CTCCCTC	10625	10631	1	6
8472	G	GTCCCTC	7	8472	8478	CTCCCTC	11977	11983	1	6
8472	G	GTCCCTC	7	8472	8478	GTCCCAC	15261	15267	1	6
8472	G	GTCCCTC	7	8472	8478	GTCCCTT	16391	16397	1	6
8472	G	CGTCCCT	7	8471	8477	CCTCCCT	3116	3122	1	6
8472	G	CGTCCCT	7	8471	8477	CATCCCT	4351	4357	1	6
8472	G	CGTCCCT	7	8471	8477	CCTCCCT	6291	6297	1	6
8472	G	CGTCCCT	7	8471	8477	CATCCCT	7821	7827	1	6
8472	G	ACGTCCC	7	8470	8476	TCGTCCC	16359	16365	1	6
8472	G	ACGTCCC	7	8470	8476	ACGTTCC	16541	16547	1	6
8472	G	TACGTCC	7	8469	8475	TACCTCC	589	595	1	6
8472	G	CGTCCCT	7	8471	8477	CCTCCCT	10552	10558	1	6
8472	G	CCTACGT	7	8467	8473	CCTCCGT	16407	16413	1	6
8472	G	CCTACGT	7	8467	8473	CCTACTT	11938	11944	1	6
8472	G	CCTACGT	7	8467	8473	ACTACGT	10732	10738	1	6
8472	G	CCTACGT	7	8467	8473	CCTACAT	7944	7950	1	6
8472	G	CCTACGT	7	8467	8473	CCTACGC	7825	7831	1	6
8472	G	CCTACGT	7	8467	8473	CCGACGT	7214	7220	1	6
8472	G	CCTACGT	7	8467	8473	ACTACGT	7015	7021	1	6
8472	G	CCTACGT	7	8467	8473	CCTCCGT	6325	6331	1	6
8472	G	CCTACGT	7	8467	8473	CCTACCT	5477	5483	1	6
8472	G	CCTACGT	7	8467	8473	CCTACGG	3431	3437	1	6
8472	G	CCTACGT	7	8467	8473	CCAACGT	3416	3422	1	6
8472	G	CTACGTC	7	8468	8474	CTACTTC	12585	12591	1	6
8472	G	TACGTCC	7	8469	8475	TACGACC	2980	2986	1	6
8472	G	CTACGTC	7	8468	8474	CTACGGC	7921	7927	1	6
8472	G	CTACGTC	7	8468	8474	CTACGTT	7016	7022	1	6
8472	G	CTACGTC	7	8468	8474	CTTCGTC	6452	6458	1	6
8472	G	CTACGTC	7	8468	8474	CTACTTC	5727	5733	1	6
8472	G	CTACGTC	7	8468	8474	CTACTTC	5339	5345	1	6
8472	G	CTACGTC	7	8468	8474	CTACATC	3516	3522	1	6
8472	G	TACGTCC	7	8469	8475	TACTTCC	14095	14101	1	6
8472	G	TACGTCC	7	8469	8475	TACGCCC	12811	12817	1	6
8472	G	TACGTCC	7	8469	8475	TACATCC	11722	11728	1	6
8472	G	TACGTCC	7	8469	8475	TACATCC	9887	9893	1	6
8472	G	TACGTCC	7	8469	8475	TCCGTCC	6462	6468	1	6
8472	G	CCTACGT	7	8467	8473	CCTACGC	1533	1539	1	6
8472	G	GTCCC	5	8472	8476	GTCCC	4812	4816	0	5
8472	G	CGTCC	5	8471	8475	CGTCC	8212	8216	0	5
8472	G	GTCCC	5	8472	8476	GTCCC	8078	8082	0	5
8472	G	TACGTC	6	8469	8474	TACATC	8047	8052	1	5
8472	G	ACGTC	5	8470	8474	ACGTC	8058	8062	0	5
8472	G	CTACGT	6	8468	8473	CTACGA	11758	11763	1	5
8472	G	CTACGT	6	8468	8473	CTACNT	3103	3108	1	5
8472	G	CTACGT	6	8468	8473	CTACGC	3403	3408	1	5
8472	G	CTACGT	6	8468	8473	CTCCGT	4372	4377	1	5
8472	G	CTACGT	6	8468	8473	CAACGT	5396	5401	1	5
8472	G	CTACGT	6	8468	8473	CTAGGT	6045	6050	1	5
8472	G	CTACGT	6	8468	8473	CAACGT	6065	6070	1	5
8472	G	CTACGT	6	8468	8473	CTACGG	8161	8166	1	5
8472	G	CTACGT	6	8468	8473	CTACCT	9186	9191	1	5
8472	G	CTACGT	6	8468	8473	CTACAT	10145	10150	1	5
8472	G	CTACGT	6	8468	8473	CTACCT	10965	10970	1	5
8472	G	CTACGT	6	8468	8473	CCACGT	11910	11915	1	5
8472	G	CCTACG	6	8467	8472	CCTAGG	2928	2933	1	5
8472	G	CTACGT	6	8468	8473	CTACAT	11983	11988	1	5
8472	G	CTACGT	6	8468	8473	CTACCT	13788	13793	1	5
8472	G	CTACGT	6	8468	8473	CTACCT	13851	13856	1	5
8472	G	CTACGT	6	8468	8473	CTACCT	14986	14991	1	5
8472	G	CTACGT	6	8468	8473	CTATGT	16085	16090	1	5
8472	G	CCTACG	6	8467	8472	CCTACC	505	510	1	5
8472	G	CCTACG	6	8467	8472	CCCACG	804	809	1	5
8472	G	CCTACG	6	8467	8472	ACTACG	1019	1024	1	5
8472	G	CCTACG	6	8467	8472	ACTACG	1142	1147	1	5
8472	G	CCTACG	6	8467	8472	CCTCCG	2328	2333	1	5
8472	G	CTACGT	6	8468	8473	CTACCT	2221	2226	1	5
8472	G	CTACGT	6	8468	8473	CTATGT	1951	1956	1	5
8472	G	CTACGT	6	8468	8473	CTACCT	1919	1924	1	5
8472	G	CTACGT	6	8468	8473	CTACGA	1385	1390	1	5
8472	G	TACGTC	6	8469	8474	TATGTC	4268	4273	1	5
8472	G	TACGTC	6	8469	8474	TAGGTC	7605	7610	1	5
8472	G	TACGTC	6	8469	8474	GACGTC	8057	8062	1	5
8472	G	TACGTC	6	8469	8474	GACGTC	8115	8120	1	5
8472	G	TACGTC	6	8469	8474	TACGCC	8999	9004	1	5
8472	G	TACGTC	6	8469	8474	TACCTC	9467	9472	1	5
8472	G	TACGTC	6	8469	8474	TACTTC	9747	9752	1	5
8472	G	TACGTC	6	8469	8474	CACGTC	9825	9830	1	5
8472	G	TACGTC	6	8469	8474	TATGTC	9963	9968	1	5
8472	G	TACGTC	6	8469	8474	TATGTC	10322	10327	1	5
8472	G	TACGTC	6	8469	8474	TACCTC	11379	11384	1	5
8472	G	TACGTC	6	8469	8474	TACGCC	11490	11495	1	5
8472	G	TACGTC	6	8469	8474	TAGGTC	13016	13021	1	5
8472	G	TACGTC	6	8469	8474	TACCTC	13433	13438	1	5
8472	G	TACGTC	6	8469	8474	TACATC	14666	14671	1	5
8472	G	TACGTC	6	8469	8474	TACTTC	15441	15446	1	5
8472	G	TACGTC	6	8469	8474	TACTTC	15818	15823	1	5
8472	G	CTACGT	6	8468	8473	CTACGA	1020	1025	1	5
8472	G	CTACGT	6	8468	8473	CTACGA	1143	1148	1	5
8472	G	CTACGT	6	8468	8473	CTACAT	1363	1368	1	5
8472	G	CCTACG	6	8467	8472	CCTATG	2727	2732	1	5
8472	G	CCTACG	6	8467	8472	CCTTCG	3449	3454	1	5
8472	G	TACGTC	6	8469	8474	TACGCC	3949	3954	1	5
8472	G	CCTACG	6	8467	8472	CCCACG	11712	11717	1	5
8472	G	CCTACG	6	8467	8472	CCTACT	10556	10561	1	5
8472	G	CCTACG	6	8467	8472	CCTGCG	10672	10677	1	5
8472	G	CCTACG	6	8467	8472	CCTACT	10697	10702	1	5
8472	G	CCTACG	6	8467	8472	CCTACC	10975	10980	1	5
8472	G	CCTACG	6	8467	8472	CCAACG	10999	11004	1	5
8472	G	CCTACG	6	8467	8472	CCTACA	11062	11067	1	5
8472	G	CCTACG	6	8467	8472	CCTACT	11236	11241	1	5
8472	G	CCTACG	6	8467	8472	CCTAGG	11269	11274	1	5
8472	G	CCTACG	6	8467	8472	CCTACC	11532	11537	1	5
8472	G	CCTACG	6	8467	8472	CCTATG	11554	11559	1	5
8472	G	CCTACG	6	8467	8472	CCTAAG	12567	12572	1	5
8472	G	CCTACG	6	8467	8472	CCTTCG	3962	3967	1	5
8472	G	CCTACG	6	8467	8472	CCTACA	12906	12911	1	5
8472	G	CCTACG	6	8467	8472	CCTACT	13071	13076	1	5
8472	G	CCTACG	6	8467	8472	CCTACT	13683	13688	1	5
8472	G	CCTACG	6	8467	8472	CCTAGG	13821	13826	1	5
8472	G	CCTACG	6	8467	8472	CTTACG	13963	13968	1	5
8472	G	CCTACG	6	8467	8472	CCTACT	13983	13988	1	5
8472	G	CCTACG	6	8467	8472	CCTACT	14130	14135	1	5
8472	G	CCTACG	6	8467	8472	CCTACA	14309	14314	1	5
8472	G	CCTACG	6	8467	8472	CCTACA	15031	15036	1	5
8472	G	CCTACG	6	8467	8472	CCTACA	15576	15581	1	5
8472	G	CCTACG	6	8467	8472	CCTATG	10366	10371	1	5
8472	G	CCTACG	6	8467	8472	CCTACA	10292	10297	1	5
8472	G	CCTACG	6	8467	8472	CCTACC	10280	10285	1	5
8472	G	CCTACG	6	8467	8472	CCGACG	9772	9777	1	5
8472	G	CCTACG	6	8467	8472	CCTAGG	4032	4037	1	5
8472	G	CCTACG	6	8467	8472	GCTACG	4148	4153	1	5
8472	G	CCTACG	6	8467	8472	CCTACC	4185	4190	1	5
8472	G	CCTACG	6	8467	8472	CCTACT	5117	5122	1	5
8472	G	CCTACG	6	8467	8472	CCTACT	5150	5155	1	5
8472	G	CCTACG	6	8467	8472	CCTAGG	5219	5224	1	5
8472	G	CCTACG	6	8467	8472	CCTAGG	5987	5992	1	5
8472	G	CCTACG	6	8467	8472	CCTACT	6230	6235	1	5
8472	G	CCTACG	6	8467	8472	CCTACC	6644	6649	1	5
8472	G	CCTACG	6	8467	8472	CCTAGG	6749	6754	1	5
8472	G	CCTACG	6	8467	8472	CCTAGG	6926	6931	1	5
8472	G	CCTACG	6	8467	8472	CCTTCG	7327	7332	1	5
8472	G	CCTACG	6	8467	8472	CCTACC	7405	7410	1	5
8472	G	CCTACG	6	8467	8472	ACTACG	8160	8165	1	5
8472	G	CCTACG	6	8467	8472	CCTAGG	8568	8573	1	5
8472	G	CCTACG	6	8467	8472	CCTACC	8574	8579	1	5
8472	G	CCTACG	6	8467	8472	CCTACT	8970	8975	1	5
8472	G	CCTACG	6	8467	8472	CGTACG	8997	9002	1	5
8472	G	CCTACG	6	8467	8472	CCTACT	9344	9349	1	5
8472	G	CCTACG	6	8467	8472	CCTTCG	9440	9445	1	5
8472	G	CCTACG	6	8467	8472	CCTACA	9731	9736	1	5
8472	G	TACGTC	6	8469	8474	TATGTC	4216	4221	1	5
8472	G	TACGTC	6	8469	8474	TACTTC	1506	1511	1	5
8472	G	ACGTC	5	8470	8474	ACGTC	8116	8120	0	5
8472	G	CGTCCC	6	8471	8476	CCTCCC	458	463	1	5
8472	G	GTCCCT	6	8472	8477	ATCCCT	11551	11556	1	5
8472	G	GTCCCT	6	8472	8477	GTCTCT	12476	12481	1	5
8472	G	GTCCCT	6	8472	8477	GTGCCT	12501	12506	1	5
8472	G	GTCCCT	6	8472	8477	CTCCCT	12564	12569	1	5
8472	G	GTCCCT	6	8472	8477	GTCACT	13813	13818	1	5
8472	G	GTCCCT	6	8472	8477	GCCCCT	13980	13985	1	5
8472	G	GTCCCT	6	8472	8477	GTCCTT	15888	15893	1	5
8472	G	GTCCCT	6	8472	8477	ATCCCT	16351	16356	1	5
8472	G	GTCCCT	6	8472	8477	GTTCCT	16504	16509	1	5
8472	G	CGTCCC	6	8471	8476	CCTCCC	308	313	1	5
8472	G	CGTCCC	6	8471	8476	CATCCC	702	707	1	5
8472	G	CGTCCC	6	8471	8476	CCTCCC	5444	5449	1	5
8472	G	CGTCCC	6	8471	8476	CGTTCC	708	713	1	5
8472	G	CGTCCC	6	8471	8476	CGTGCC	886	891	1	5
8472	G	CGTCCC	6	8471	8476	CCTCCC	959	964	1	5
8472	G	CGTCCC	6	8471	8476	CTTCCC	3165	3170	1	5
8472	G	CGTCCC	6	8471	8476	CGCCCC	3525	3530	1	5
8472	G	CGTCCC	6	8471	8476	CCTCCC	3570	3575	1	5
8472	G	CGTCCC	6	8471	8476	CGTGCC	4375	4380	1	5
8472	G	CGTCCC	6	8471	8476	CTTCCC	4458	4463	1	5
8472	G	CGTCCC	6	8471	8476	CGTTCC	4620	4625	1	5
8472	G	CGTCCC	6	8471	8476	AGTCCC	4811	4816	1	5
8472	G	GTCCCT	6	8472	8477	CTCCCT	11405	11410	1	5
8472	G	GTCCCT	6	8472	8477	CTCCCT	11227	11232	1	5
8472	G	GTCCCT	6	8472	8477	CTCCCT	11059	11064	1	5
8472	G	GTCCCT	6	8472	8477	GTGCCT	10644	10649	1	5
8472	G	ACGTC	5	8470	8474	ACGTC	9826	9830	0	5
8472	G	CTACG	5	8468	8472	CTACG	1020	1024	0	5
8472	G	CTACG	5	8468	8472	CTACG	1143	1147	0	5
8472	G	CTACG	5	8468	8472	CTACG	8161	8165	0	5
8472	G	GTCCCT	6	8472	8477	GGCCCT	1463	1468	1	5
8472	G	GTCCCT	6	8472	8477	GTTCCT	2608	2613	1	5
8472	G	GTCCCT	6	8472	8477	GTCTCT	2655	2660	1	5
8472	G	GTCCCT	6	8472	8477	GACCCT	2724	2729	1	5
8472	G	GTCCCT	6	8472	8477	GTACCT	2758	2763	1	5
8472	G	GTCCCT	6	8472	8477	GTCCAT	2959	2964	1	5
8472	G	GTCCCT	6	8472	8477	GCCCCT	3428	3433	1	5
8472	G	GTCCCT	6	8472	8477	GCCCCT	3483	3488	1	5
8472	G	GTCCCT	6	8472	8477	GACCCT	3842	3847	1	5
8472	G	GTCCCT	6	8472	8477	GCCCCT	3959	3964	1	5
8472	G	GTCCCT	6	8472	8477	GACCCT	4092	4097	1	5
8472	G	GTCCCT	6	8472	8477	GTCCCA	4812	4817	1	5
8472	G	GTCCCT	6	8472	8477	CTCCCT	5216	5221	1	5
8472	G	GTCCCT	6	8472	8477	GTCCCC	8078	8083	1	5
8472	G	GTCCCT	6	8472	8477	GCCCCT	9525	9530	1	5
8472	G	GTCCCT	6	8472	8477	GTCTCT	9715	9720	1	5
8472	G	GTCCCT	6	8472	8477	CTCCCT	9757	9762	1	5
8472	G	CGTCCC	6	8471	8476	CATCCC	5300	5305	1	5
8472	G	CGTCCC	6	8471	8476	CGTCAC	6074	6079	1	5
8472	G	TACGTC	6	8469	8474	TAGGTC	1325	1330	1	5
8472	G	ACGTCC	6	8470	8475	ACTTCC	9313	9318	1	5
8472	G	ACGTCC	6	8470	8475	ACTTCC	7030	7035	1	5
8472	G	ACGTCC	6	8470	8475	ACATCC	7255	7260	1	5
8472	G	ACGTCC	6	8470	8475	AAGTCC	7345	7350	1	5
8472	G	ACGTCC	6	8470	8475	ACGCCC	7662	7667	1	5
8472	G	ACGTCC	6	8470	8475	ACGTCT	8058	8063	1	5
8472	G	ACGTCC	6	8470	8475	ACGTCT	8116	8121	1	5
8472	G	ACGTCC	6	8470	8475	ACGACC	8146	8151	1	5
8472	G	ACGTCC	6	8470	8475	TCGTCC	8211	8216	1	5
8472	G	ACGTCC	6	8470	8475	ACCTCC	8623	8628	1	5
8472	G	ACGTCC	6	8470	8475	ACCTCC	8774	8779	1	5
8472	G	ACGTCC	6	8470	8475	ACATCC	9606	9611	1	5
8472	G	CGTCCC	6	8471	8476	CGTCCT	6464	6469	1	5
8472	G	ACGTCC	6	8470	8475	ACGTCA	9826	9831	1	5
8472	G	ACGTCC	6	8470	8475	ACTTCC	10018	10023	1	5
8472	G	ACGTCC	6	8470	8475	ACGTTC	11912	11917	1	5
8472	G	ACGTCC	6	8470	8475	ACGCCC	14224	14229	1	5
8472	G	ACGTCC	6	8470	8475	ACGACC	14696	14701	1	5
8472	G	ACGTCC	6	8470	8475	ACCTCC	15333	15338	1	5
8472	G	ACGTCC	6	8470	8475	ACGCCC	15429	15434	1	5
8472	G	ACGTCC	6	8470	8475	GCGTCC	15615	15620	1	5
8472	G	ACGTCC	6	8470	8475	ACCTCC	15738	15743	1	5
8472	G	TACGTC	6	8469	8474	TTCGTC	59	64	1	5
8472	G	ACGTCC	6	8470	8475	ACGTAC	7011	7016	1	5
8472	G	ACGTCC	6	8470	8475	ACGACC	6052	6057	1	5
8472	G	ACGTCC	6	8470	8475	ACATCC	4842	4847	1	5
8472	G	ACGTCC	6	8470	8475	ACTTCC	4181	4186	1	5
8472	G	CGTCCC	6	8471	8476	CGACCC	6563	6568	1	5
8472	G	CGTCCC	6	8471	8476	CTTCCC	7178	7183	1	5
8472	G	CGTCCC	6	8471	8476	CCTCCC	7816	7821	1	5
8472	G	CGTCCC	6	8471	8476	TGTCCC	8077	8082	1	5
8472	G	CGTCCC	6	8471	8476	CGTCCT	8212	8217	1	5
8472	G	CGTCCC	6	8471	8476	CATCCC	8841	8846	1	5
8472	G	CGTCCC	6	8471	8476	CTTCCC	11231	11236	1	5
8472	G	CGTCCC	6	8471	8476	CTTCCC	12480	12485	1	5
8472	G	CGTCCC	6	8471	8476	CTTCCC	13644	13649	1	5
8472	G	CGTCCC	6	8471	8476	CATCCC	13760	13765	1	5
8472	G	CGTCCC	6	8471	8476	CTTCCC	14112	14117	1	5
8472	G	CGTCCC	6	8471	8476	CCTCCC	14262	14267	1	5
8472	G	CGTCCC	6	8471	8476	CCTCCC	15142	15147	1	5
8472	G	CGTCCC	6	8471	8476	CATCCC	15202	15207	1	5
8472	G	CGTCCC	6	8471	8476	AGTCCC	15260	15265	1	5
8472	G	CGTCCC	6	8471	8476	CGACCC	15499	15504	1	5
8472	G	CGTCCC	6	8471	8476	CCTCCC	15539	15544	1	5
8472	G	CGTCCC	6	8471	8476	CCTCCC	16187	16192	1	5
8472	G	ACGTCC	6	8470	8475	ACGGCC	2565	2570	1	5
8472	G	ACGTCC	6	8470	8475	AGGTCC	2775	2780	1	5
8472	G	ACGTCC	6	8470	8475	AAGTCC	3052	3057	1	5
8472	G	GTCCC	5	8472	8476	GTCCA	5864	5868	1	4
8472	G	GTCCC	5	8472	8476	TTCCC	6151	6155	1	4
8472	G	GTCCC	5	8472	8476	GTTCC	6150	6154	1	4
8472	G	GTCCC	5	8472	8476	GTCCT	5985	5989	1	4
8472	G	GTCCC	5	8472	8476	GTGCC	6166	6170	1	4
8472	G	GTCCC	5	8472	8476	GTCCT	7805	7809	1	4
8472	G	GTCCC	5	8472	8476	GCCCC	5763	5767	1	4
8472	G	GTCCC	5	8472	8476	CTCCC	5733	5737	1	4
8472	G	GTCCC	5	8472	8476	CTCCC	5382	5386	1	4
8472	G	GTCCC	5	8472	8476	GCCCC	5231	5235	1	4
8472	G	GTCCC	5	8472	8476	GCCCC	4878	4882	1	4
8472	G	GTCCC	5	8472	8476	TTCCC	6184	6188	1	4
8472	G	GTCCC	5	8472	8476	GCCCC	4794	4798	1	4
8472	G	GTCCC	5	8472	8476	GCCCC	6168	6172	1	4
8472	G	GTCCC	5	8472	8476	GTCCT	7041	7045	1	4
8472	G	GTCCC	5	8472	8476	CTCCC	6311	6315	1	4
8472	G	GTCCC	5	8472	8476	GTCTC	6366	6370	1	4
8472	G	GTCCC	5	8472	8476	GTCCT	6480	6484	1	4
8472	G	GTCCC	5	8472	8476	CTCCC	6498	6502	1	4
8472	G	GTCCC	5	8472	8476	GTCCT	6504	6508	1	4
8472	G	GTCCC	5	8472	8476	GACCC	6582	6586	1	4
8472	G	GTCCC	5	8472	8476	GTCAC	6619	6623	1	4
8472	G	GTCCC	5	8472	8476	CTCCC	6665	6669	1	4
8472	G	GTCCC	5	8472	8476	ATCCC	6843	6847	1	4
8472	G	GTCCC	5	8472	8476	TTCCC	7093	7097	1	4
8472	G	GTCCC	5	8472	8476	GCCCC	7211	7215	1	4
8472	G	GTCCC	5	8472	8476	GTCCT	7347	7351	1	4
8472	G	GTCCC	5	8472	8476	GTCCT	7697	7701	1	4
8472	G	GTCCC	5	8472	8476	ATCCC	4474	4478	1	4
8472	G	GTCCC	5	8472	8476	GGCCC	4481	4485	1	4
8472	G	GTCCC	5	8472	8476	GCCCC	1681	1685	1	4
8472	G	GTCCC	5	8472	8476	GGCCC	4428	4432	1	4
8472	G	GTCCC	5	8472	8476	ATCCC	2232	2236	1	4
8472	G	GTCCC	5	8472	8476	GCCCC	8027	8031	1	4
8472	G	GTCCC	5	8472	8476	GTCAC	429	433	1	4
8472	G	GTCCC	5	8472	8476	TTCCC	454	458	1	4
8472	G	GTCCC	5	8472	8476	CTCCC	465	469	1	4
8472	G	GTCCC	5	8472	8476	GTCCT	658	662	1	4
8472	G	GTCCC	5	8472	8476	GTCAC	902	906	1	4
8472	G	GTCCC	5	8472	8476	GACCC	1062	1066	1	4
8472	G	GTCCC	5	8472	8476	GTACC	1307	1311	1	4
8472	G	GTCCC	5	8472	8476	GTACC	1782	1786	1	4
8472	G	GTCCC	5	8472	8476	GACCC	1899	1903	1	4
8472	G	GTCCC	5	8472	8476	GTCCA	2022	2026	1	4
8472	G	GTCCC	5	8472	8476	ATCCC	2074	2078	1	4
8472	G	GTCCC	5	8472	8476	GTCCA	2098	2102	1	4
8472	G	GTCCC	5	8472	8476	GTACC	2574	2578	1	4
8472	G	GTCCC	5	8472	8476	TTCCC	4247	4251	1	4
8472	G	GTCCC	5	8472	8476	GTCCT	2777	2781	1	4
8472	G	GTCCC	5	8472	8476	GTCCT	3054	3058	1	4
8472	G	GTCCC	5	8472	8476	GTACC	3337	3341	1	4
8472	G	GTCCC	5	8472	8476	GGCCC	3412	3416	1	4
8472	G	GTCCC	5	8472	8476	GCCCC	3413	3417	1	4
8472	G	GTCCC	5	8472	8476	GGCCC	3427	3431	1	4
8472	G	GTCCC	5	8472	8476	GTCAC	3736	3740	1	4
8472	G	GTCCC	5	8472	8476	GTCCG	3918	3922	1	4
8472	G	GTCCC	5	8472	8476	GTCTC	3928	3932	1	4
8472	G	GTCCC	5	8472	8476	GGCCC	3958	3962	1	4
8472	G	GTCCC	5	8472	8476	CTCCC	4056	4060	1	4
8472	G	GTCCC	5	8472	8476	GTCAC	4084	4088	1	4
8472	G	GTCCC	5	8472	8476	GTCTC	4219	4223	1	4
8472	G	GTCCC	5	8472	8476	CTCCC	8015	8019	1	4
8472	G	TACGT	5	8469	8473	TACGG	16126	16130	1	4
8472	G	GTCCC	5	8472	8476	TTCCC	8109	8113	1	4
8472	G	TACGT	5	8469	8473	TACAT	16097	16101	1	4
8472	G	TACGT	5	8469	8473	TCCGT	15809	15813	1	4
8472	G	TACGT	5	8469	8473	TACCT	15283	15287	1	4
8472	G	TACGT	5	8469	8473	TACAT	15209	15213	1	4
8472	G	TACGT	5	8469	8473	TACGG	15056	15060	1	4
8472	G	TACGT	5	8469	8473	GACGT	14960	14964	1	4
8472	G	TACGT	5	8469	8473	TACGC	14757	14761	1	4
8472	G	TACGT	5	8469	8473	TACCT	14021	14025	1	4
8472	G	TACGT	5	8469	8473	TACGA	13965	13969	1	4
8472	G	TACGT	5	8469	8473	TACCT	13484	13488	1	4
8472	G	TACGT	5	8469	8473	TATGT	13356	13360	1	4
8472	G	TACGT	5	8469	8473	TACAT	12624	12628	1	4
8472	G	TACGT	5	8469	8473	TTCGT	12619	12623	1	4
8472	G	TACGT	5	8469	8473	TATGT	12439	12443	1	4
8472	G	TACGT	5	8469	8473	TACTT	11448	11452	1	4
8472	G	TACGT	5	8469	8473	TACGG	11387	11391	1	4
8472	G	TACGT	5	8469	8473	TACAT	10482	10486	1	4
8472	G	TACGT	5	8469	8473	TACCT	10238	10242	1	4
8472	G	TACGT	5	8469	8473	TACGA	10167	10171	1	4
8472	G	TACGT	5	8469	8473	TACAT	10118	10122	1	4
8472	G	TACGT	5	8469	8473	TCCGT	9609	9613	1	4
8472	G	TACGT	5	8469	8473	TACGG	9447	9451	1	4
8472	G	TACGT	5	8469	8473	TAAGT	8325	8329	1	4
8472	G	TACGT	5	8469	8473	TTCGT	8034	8038	1	4
8472	G	TACGT	5	8469	8473	GACGT	7994	7998	1	4
8472	G	TACGT	5	8469	8473	TACAT	7838	7842	1	4
8472	G	TACGT	5	8469	8473	TTCGT	16093	16097	1	4
8472	G	TACGT	5	8469	8473	TACTT	16140	16144	1	4
8472	G	CTACG	5	8468	8472	CTACT	3556	3560	1	4
8472	G	TACGT	5	8469	8473	TACAT	16157	16161	1	4
8472	G	CTACG	5	8468	8472	CTACT	3439	3443	1	4
8472	G	CTACG	5	8468	8472	CTAGG	3388	3392	1	4
8472	G	CTACG	5	8468	8472	GTACG	3123	3127	1	4
8472	G	CTACG	5	8468	8472	CAACG	3043	3047	1	4
8472	G	CTACG	5	8468	8472	TTACG	2979	2983	1	4
8472	G	CTACG	5	8468	8472	CTACT	2881	2885	1	4
8472	G	CTACG	5	8468	8472	CTAAG	2856	2860	1	4
8472	G	CTACG	5	8468	8472	CTACC	2785	2789	1	4
8472	G	CTACG	5	8468	8472	CCACG	2639	2643	1	4
8472	G	CTACG	5	8468	8472	CTACA	2386	2390	1	4
8472	G	CTACG	5	8468	8472	CTAGG	2125	2129	1	4
8472	G	CTACG	5	8468	8472	CTAAG	1895	1899	1	4
8472	G	CTACG	5	8468	8472	CTACC	1703	1707	1	4
8472	G	CTACG	5	8468	8472	CTAAG	1436	1440	1	4
8472	G	CTACG	5	8468	8472	CTACC	1372	1376	1	4
8472	G	CTACG	5	8468	8472	CTACA	1290	1294	1	4
8472	G	CTACG	5	8468	8472	CTATG	1088	1092	1	4
8472	G	CTACG	5	8468	8472	CTAAG	1058	1062	1	4
8472	G	CTACG	5	8468	8472	CTAAG	853	857	1	4
8472	G	CTACG	5	8468	8472	CCACG	736	740	1	4
8472	G	CTACG	5	8468	8472	CTACT	473	477	1	4
8472	G	TACGT	5	8469	8473	CACGT	16540	16544	1	4
8472	G	TACGT	5	8469	8473	TACAT	16330	16334	1	4
8472	G	TACGT	5	8469	8473	TACAT	16311	16315	1	4
8472	G	TACGT	5	8469	8473	TACAT	16304	16308	1	4
8472	G	TACGT	5	8469	8473	TACAT	7431	7435	1	4
8472	G	TACGT	5	8469	8473	CACGT	7010	7014	1	4
8472	G	TACGT	5	8469	8473	TAGGT	6952	6956	1	4
8472	G	TACGT	5	8469	8473	GACGT	6795	6799	1	4
8472	G	ACGTC	5	8470	8474	AAGTC	15965	15969	1	4
8472	G	ACGTC	5	8470	8474	ACATC	15546	15550	1	4
8472	G	ACGTC	5	8470	8474	ACTTC	15291	15295	1	4
8472	G	ACGTC	5	8470	8474	ACATC	15087	15091	1	4
8472	G	ACGTC	5	8470	8474	ACATC	15036	15040	1	4
8472	G	ACGTC	5	8470	8474	ACGCC	14994	14998	1	4
8472	G	ACGTC	5	8470	8474	ACGTA	14961	14965	1	4
8472	G	ACGTC	5	8470	8474	ACATC	14949	14953	1	4
8472	G	ACGTC	5	8470	8474	ACGCC	14919	14923	1	4
8472	G	ACGTC	5	8470	8474	ACTTC	14841	14845	1	4
8472	G	ACGTC	5	8470	8474	ACATC	14823	14827	1	4
8472	G	ACGTC	5	8470	8474	ACCTC	14411	14415	1	4
8472	G	ACGTC	5	8470	8474	ACCTC	14065	14069	1	4
8472	G	ACGTC	5	8470	8474	ACCTC	13844	13848	1	4
8472	G	ACGTC	5	8470	8474	ACTTC	13827	13831	1	4
8472	G	ACGTC	5	8470	8474	ACGCC	13701	13705	1	4
8472	G	ACGTC	5	8470	8474	ACCTC	13638	13642	1	4
8472	G	ACGTC	5	8470	8474	AGGTC	13632	13636	1	4
8472	G	ACGTC	5	8470	8474	ACGCC	13550	13554	1	4
8472	G	ACGTC	5	8470	8474	ACATC	13517	13521	1	4
8472	G	ACGTC	5	8470	8474	ACTTC	13441	13445	1	4
8472	G	ACGTC	5	8470	8474	ACGCC	13331	13335	1	4
8472	G	ACGTC	5	8470	8474	ACATC	13319	13323	1	4
8472	G	ACGTC	5	8470	8474	AAGTC	13257	13261	1	4
8472	G	ACGTC	5	8470	8474	ACTTC	13252	13256	1	4
8472	G	ACGTC	5	8470	8474	ACATC	16175	16179	1	4
8472	G	ACGTC	5	8470	8474	ACATC	16235	16239	1	4
8472	G	ACGTC	5	8470	8474	ACATC	16497	16501	1	4
8472	G	TACGT	5	8469	8473	TACGA	3124	3128	1	4
8472	G	TACGT	5	8469	8473	TAGGT	6715	6719	1	4
8472	G	TACGT	5	8469	8473	TACAT	6711	6715	1	4
8472	G	TACGT	5	8469	8473	TACCT	5958	5962	1	4
8472	G	TACGT	5	8469	8473	TACTT	5567	5571	1	4
8472	G	TACGT	5	8469	8473	TAAGT	5557	5561	1	4
8472	G	TACGT	5	8469	8473	TAGGT	5519	5523	1	4
8472	G	TACGT	5	8469	8473	AACGT	4917	4921	1	4
8472	G	TACGT	5	8469	8473	TACCT	4553	4557	1	4
8472	G	TACGT	5	8469	8473	TACTT	4286	4290	1	4
8472	G	TACGT	5	8469	8473	TACTT	4205	4209	1	4
8472	G	TACGT	5	8469	8473	TAAGT	3773	3777	1	4
8472	G	TACGT	5	8469	8473	TTCGT	3033	3037	1	4
8472	G	ACGTC	5	8470	8474	ACATC	16559	16563	1	4
8472	G	TACGT	5	8469	8473	TACAT	2850	2854	1	4
8472	G	TACGT	5	8469	8473	TACTT	2661	2665	1	4
8472	G	TACGT	5	8469	8473	TAAGT	2307	2311	1	4
8472	G	TACGT	5	8469	8473	TAGGT	1979	1983	1	4
8472	G	TACGT	5	8469	8473	TACCT	1843	1847	1	4
8472	G	TACGT	5	8469	8473	TAAGT	1571	1575	1	4
8472	G	TACGT	5	8469	8473	GACGT	1320	1324	1	4
8472	G	TACGT	5	8469	8473	TTCGT	884	888	1	4
8472	G	TACGT	5	8469	8473	TAGGT	650	654	1	4
8472	G	TACGT	5	8469	8473	TATGT	580	584	1	4
8472	G	TACGT	5	8469	8473	TACTT	192	196	1	4
8472	G	CTACG	5	8468	8472	CTACC	3503	3507	1	4
8472	G	CTACG	5	8468	8472	CTATG	3559	3563	1	4
8472	G	GTCCC	5	8472	8476	TTCCC	8226	8230	1	4
8472	G	CTACG	5	8468	8472	CTCCG	13362	13366	1	4
8472	G	CTACG	5	8468	8472	CTGCG	13206	13210	1	4
8472	G	CTACG	5	8468	8472	CTATG	13168	13172	1	4
8472	G	CTACG	5	8468	8472	CTAGG	12976	12980	1	4
8472	G	CTACG	5	8468	8472	CTACT	12973	12977	1	4
8472	G	CTACG	5	8468	8472	ATACG	12810	12814	1	4
8472	G	CTACG	5	8468	8472	CTACT	12697	12701	1	4
8472	G	CTACG	5	8468	8472	CTACT	12350	12354	1	4
8472	G	CTACG	5	8468	8472	CTACT	11810	11814	1	4
8472	G	CTACG	5	8468	8472	ATACG	11489	11493	1	4
8472	G	CTACG	5	8468	8472	CTATG	11479	11483	1	4
8472	G	CTACG	5	8468	8472	CTAGG	11471	11475	1	4
8472	G	CTACG	5	8468	8472	TTACG	11386	11390	1	4
8472	G	CTACG	5	8468	8472	CTACT	11291	11295	1	4
8472	G	CTACG	5	8468	8472	CTACT	11288	11292	1	4
8472	G	CTACG	5	8468	8472	CTACA	11212	11216	1	4
8472	G	CTACG	5	8468	8472	CTTCG	11122	11126	1	4
8472	G	CTACG	5	8468	8472	CTACC	10793	10797	1	4
8472	G	CTACG	5	8468	8472	CTACT	10600	10604	1	4
8472	G	CTACG	5	8468	8472	CTATG	10560	10564	1	4
8472	G	CTACG	5	8468	8472	CTAGG	10518	10522	1	4
8472	G	CTACG	5	8468	8472	CTACA	10377	10381	1	4
8472	G	CTACG	5	8468	8472	CAACG	10139	10143	1	4
8472	G	CTACG	5	8468	8472	CTACC	10128	10132	1	4
8472	G	CTACG	5	8468	8472	CTACT	10104	10108	1	4
8472	G	CTACG	5	8468	8472	CTTCG	10064	10068	1	4
8472	G	CTACG	5	8468	8472	CTAGG	13264	13268	1	4
8472	G	CTACG	5	8468	8472	CTACT	13420	13424	1	4
8472	G	CTACG	5	8468	8472	CTGCG	3703	3707	1	4
8472	G	CTACG	5	8468	8472	CTACT	13503	13507	1	4
8472	G	CTACG	5	8468	8472	CTACT	16439	16443	1	4
8472	G	CTACG	5	8468	8472	CTAGG	16270	16274	1	4
8472	G	CTACG	5	8468	8472	GTACG	16125	16129	1	4
8472	G	CTACG	5	8468	8472	CTAAG	15996	16000	1	4
8472	G	CTACG	5	8468	8472	CTACC	15778	15782	1	4
8472	G	CTACG	5	8468	8472	CTAAG	15704	15708	1	4
8472	G	CTACG	5	8468	8472	CTAGG	15608	15612	1	4
8472	G	CTACG	5	8468	8472	CTCCG	15587	15591	1	4
8472	G	CTACG	5	8468	8472	CTACA	15415	15419	1	4
8472	G	CTACG	5	8468	8472	CTACT	15247	15251	1	4
8472	G	CTACG	5	8468	8472	CTACT	15070	15074	1	4
8472	G	CTACG	5	8468	8472	TTACG	15055	15059	1	4
8472	G	CTACG	5	8468	8472	CTACT	14908	14912	1	4
8472	G	CTACG	5	8468	8472	CTTCG	14842	14846	1	4
8472	G	CTACG	5	8468	8472	CTCCG	14827	14831	1	4
8472	G	CTACG	5	8468	8472	ATACG	14756	14760	1	4
8472	G	CTACG	5	8468	8472	CTACA	14733	14737	1	4
8472	G	CTACG	5	8468	8472	CCACG	14694	14698	1	4
8472	G	CTACG	5	8468	8472	CTACA	14688	14692	1	4
8472	G	CTACG	5	8468	8472	CAACG	14222	14226	1	4
8472	G	CTACG	5	8468	8472	CTACT	14214	14218	1	4
8472	G	CTACG	5	8468	8472	CTACT	14211	14215	1	4
8472	G	CTACG	5	8468	8472	CTAGG	13954	13958	1	4
8472	G	CTACG	5	8468	8472	CTACC	13920	13924	1	4
8472	G	CTACG	5	8468	8472	CTATG	13885	13889	1	4
8472	G	CTACG	5	8468	8472	CTTCG	9908	9912	1	4
8472	G	CTACG	5	8468	8472	CCACG	9815	9819	1	4
8472	G	CTACG	5	8468	8472	CTTCG	9749	9753	1	4
8472	G	CTACG	5	8468	8472	CTTCG	9485	9489	1	4
8472	G	CTACG	5	8468	8472	CTTCG	5787	5791	1	4
8472	G	CTACG	5	8468	8472	CTAAG	5699	5703	1	4
8472	G	CTACG	5	8468	8472	CTAAG	5646	5650	1	4
8472	G	CTACG	5	8468	8472	CTAAG	5586	5590	1	4
8472	G	CTACG	5	8468	8472	CTACT	5472	5476	1	4
8472	G	CTACG	5	8468	8472	CCACG	5467	5471	1	4
8472	G	CTACG	5	8468	8472	CTACT	5379	5383	1	4
8472	G	CTACG	5	8468	8472	CTACT	5360	5364	1	4
8472	G	CTACG	5	8468	8472	CTACT	5154	5158	1	4
8472	G	CTACG	5	8468	8472	CTACT	5121	5125	1	4
8472	G	CTACG	5	8468	8472	CTACC	5107	5111	1	4
8472	G	CTACG	5	8468	8472	CTACT	5104	5108	1	4
8472	G	CTACG	5	8468	8472	CTACC	5049	5053	1	4
8472	G	CTACG	5	8468	8472	CTAGG	4785	4789	1	4
8472	G	CTACG	5	8468	8472	CTACC	4735	4739	1	4
8472	G	CTACG	5	8468	8472	CTCCG	4709	4713	1	4
8472	G	CTACG	5	8468	8472	CTAAG	4533	4537	1	4
8472	G	CTACG	5	8468	8472	CTACC	4501	4505	1	4
8472	G	CTACG	5	8468	8472	CTACT	4496	4500	1	4
8472	G	CTACG	5	8468	8472	CTATG	4335	4339	1	4
8472	G	CTACG	5	8468	8472	CTAGG	4329	4333	1	4
8472	G	CTACG	5	8468	8472	CTACA	4068	4072	1	4
8472	G	CTACG	5	8468	8472	CTACA	4022	4026	1	4
8472	G	CTACG	5	8468	8472	ATACG	3948	3952	1	4
8472	G	CTACG	5	8468	8472	CTACT	3754	3758	1	4
8472	G	CTACG	5	8468	8472	CTACA	5929	5933	1	4
8472	G	CTACG	5	8468	8472	CTAAG	6000	6004	1	4
8472	G	CTACG	5	8468	8472	CTACA	6062	6066	1	4
8472	G	CTACG	5	8468	8472	CTTCG	7333	7337	1	4
8472	G	CTACG	5	8468	8472	ATACG	9446	9450	1	4
8472	G	CTACG	5	8468	8472	CTAGG	9339	9343	1	4
8472	G	CTACG	5	8468	8472	CTACT	9118	9122	1	4
8472	G	CTACG	5	8468	8472	CTACA	9089	9093	1	4
8472	G	CTACG	5	8468	8472	CTAAG	8882	8886	1	4
8472	G	CTACG	5	8468	8472	CTACC	8461	8465	1	4
8472	G	CTACG	5	8468	8472	CTACC	8382	8386	1	4
8472	G	CTACG	5	8468	8472	CTACC	8278	8282	1	4
8472	G	CTACG	5	8468	8472	CTACA	8142	8146	1	4
8472	G	CTACG	5	8468	8472	CAACG	7855	7859	1	4
8472	G	CTACG	5	8468	8472	CTACA	7610	7614	1	4
8472	G	CTACG	5	8468	8472	CTACC	7229	7233	1	4
8472	G	CTACG	5	8468	8472	CTACC	6287	6291	1	4
8472	G	CTACG	5	8468	8472	CTACA	7109	7113	1	4
8472	G	CTACG	5	8468	8472	CTACA	7002	7006	1	4
8472	G	CTACG	5	8468	8472	CCACG	6884	6888	1	4
8472	G	CTACG	5	8468	8472	CTACC	6826	6830	1	4
8472	G	CTACG	5	8468	8472	CTATG	6730	6734	1	4
8472	G	CTACG	5	8468	8472	CTCCG	6686	6690	1	4
8472	G	CTACG	5	8468	8472	CTACT	6683	6687	1	4
8472	G	CTACG	5	8468	8472	CTTCG	6653	6657	1	4
8472	G	CTACG	5	8468	8472	CTTCG	6560	6564	1	4
8472	G	CTACG	5	8468	8472	CTACT	6528	6532	1	4
8472	G	CTACG	5	8468	8472	CTACT	6308	6312	1	4
8472	G	ACGTC	5	8470	8474	ACATC	13226	13230	1	4
8472	G	ACGTC	5	8470	8474	ATGTC	12242	12246	1	4
8472	G	ACGTC	5	8470	8474	ACATC	12158	12162	1	4
8472	G	CGTCC	5	8471	8475	CCTCC	5210	5214	1	4
8472	G	CGTCC	5	8471	8475	CGTAC	5053	5057	1	4
8472	G	CGTCC	5	8471	8475	CGGCC	4847	4851	1	4
8472	G	CGTCC	5	8471	8475	CATCC	4666	4670	1	4
8472	G	CGTCC	5	8471	8475	CGTCA	4490	4494	1	4
8472	G	CGTCC	5	8471	8475	CGTAC	4463	4467	1	4
8472	G	CGTCC	5	8471	8475	CATCC	4394	4398	1	4
8472	G	CGTCC	5	8471	8475	CTTCC	4029	4033	1	4
8472	G	CGTCC	5	8471	8475	CGCCC	3966	3970	1	4
8472	G	CGTCC	5	8471	8475	AGTCC	3917	3921	1	4
8472	G	CGTCC	5	8471	8475	CGACC	3900	3904	1	4
8472	G	CGTCC	5	8471	8475	CCTCC	3609	3613	1	4
8472	G	CGTCC	5	8471	8475	CGACC	3530	3534	1	4
8472	G	CGTCC	5	8471	8475	AGTCC	2958	2962	1	4
8472	G	CGTCC	5	8471	8475	CGACC	2818	2822	1	4
8472	G	CGTCC	5	8471	8475	CGTGC	2584	2588	1	4
8472	G	CGTCC	5	8471	8475	CGTCA	2344	2348	1	4
8472	G	CGTCC	5	8471	8475	CGTTC	2202	2206	1	4
8472	G	CGTCC	5	8471	8475	AGTCC	2097	2101	1	4
8472	G	CGTCC	5	8471	8475	TGTCC	2021	2025	1	4
8472	G	CGTCC	5	8471	8475	CGTCT	1948	1952	1	4
8472	G	CGTCC	5	8471	8475	CCTCC	1494	1498	1	4
8472	G	CGTCC	5	8471	8475	CGTAC	1475	1479	1	4
8472	G	CGTCC	5	8471	8475	GGTCC	657	661	1	4
8472	G	CGTCC	5	8471	8475	CATCC	502	506	1	4
8472	G	CGTCC	5	8471	8475	CGCCC	498	502	1	4
8472	G	CGTCC	5	8471	8475	CATCC	5203	5207	1	4
8472	G	CGTCC	5	8471	8475	CCTCC	5327	5331	1	4
8472	G	ACGTC	5	8470	8474	ACATC	12114	12118	1	4
8472	G	CGTCC	5	8471	8475	CGCCC	5459	5463	1	4
8472	G	CGTCC	5	8471	8475	CTTCC	9812	9816	1	4
8472	G	CGTCC	5	8471	8475	CCTCC	9728	9732	1	4
8472	G	CGTCC	5	8471	8475	TGTCC	9428	9432	1	4
8472	G	CGTCC	5	8471	8475	CCTCC	9278	9282	1	4
8472	G	CGTCC	5	8471	8475	CGACC	7978	7982	1	4
8472	G	CGTCC	5	8471	8475	CATCC	7831	7835	1	4
8472	G	CGTCC	5	8471	8475	CGCCC	7813	7817	1	4
8472	G	CGTCC	5	8471	8475	AGTCC	7804	7808	1	4
8472	G	CGTCC	5	8471	8475	CATCC	7798	7802	1	4
8472	G	CGTCC	5	8471	8475	CGTCT	7774	7778	1	4
8472	G	CGTCC	5	8471	8475	AGTCC	7696	7700	1	4
8472	G	CGTCC	5	8471	8475	CTTCC	7690	7694	1	4
8472	G	CGTCC	5	8471	8475	CCTCC	7499	7503	1	4
8472	G	CGTCC	5	8471	8475	CCTCC	7366	7370	1	4
8472	G	CGTCC	5	8471	8475	CGGCC	7196	7200	1	4
8472	G	CGTCC	5	8471	8475	CGTAC	6998	7002	1	4
8472	G	CGTCC	5	8471	8475	CGTCA	6854	6858	1	4
8472	G	CGTCC	5	8471	8475	CTTCC	6746	6750	1	4
8472	G	CGTCC	5	8471	8475	AGTCC	6503	6507	1	4
8472	G	CGTCC	5	8471	8475	AGTCC	6479	6483	1	4
8472	G	CGTCC	5	8471	8475	CGTCT	6455	6459	1	4
8472	G	CGTCC	5	8471	8475	CCTCC	6005	6009	1	4
8472	G	CGTCC	5	8471	8475	AGTCC	5984	5988	1	4
8472	G	CGTCC	5	8471	8475	CGACC	5912	5916	1	4
8472	G	CGTCC	5	8471	8475	AGTCC	5863	5867	1	4
8472	G	CGTCC	5	8471	8475	CATCC	147	151	1	4
8472	G	CGTCC	5	8471	8475	CGTCT	61	65	1	4
8472	G	GTCCC	5	8472	8476	TTCCC	16544	16548	1	4
8472	G	GTCCC	5	8472	8476	GGCCC	16456	16460	1	4
8472	G	GTCCC	5	8472	8476	GTCAC	11963	11967	1	4
8472	G	GTCCC	5	8472	8476	CTCCC	11813	11817	1	4
8472	G	GTCCC	5	8472	8476	GTCGC	11775	11779	1	4
8472	G	GTCCC	5	8472	8476	GCCCC	11426	11430	1	4
8472	G	GTCCC	5	8472	8476	ATCCC	11138	11142	1	4
8472	G	GTCCC	5	8472	8476	TTCCC	10915	10919	1	4
8472	G	GTCCC	5	8472	8476	GTTCC	10914	10918	1	4
8472	G	GTCCC	5	8472	8476	GTCTC	10704	10708	1	4
8472	G	GTCCC	5	8472	8476	GTACC	10009	10013	1	4
8472	G	GTCCC	5	8472	8476	GTCTC	9966	9970	1	4
8472	G	GTCCC	5	8472	8476	GTCTC	9755	9759	1	4
8472	G	GTCCC	5	8472	8476	ATCCC	9580	9584	1	4
8472	G	GTCCC	5	8472	8476	GCCCC	9554	9558	1	4
8472	G	GTCCC	5	8472	8476	GGCCC	9553	9557	1	4
8472	G	GTCCC	5	8472	8476	GTCCA	9429	9433	1	4
8472	G	GTCCC	5	8472	8476	GACCC	9253	9257	1	4
8472	G	GTCCC	5	8472	8476	GACCC	9209	9213	1	4
8472	G	GTCCC	5	8472	8476	GTCGC	9142	9146	1	4
8472	G	GTCCC	5	8472	8476	ATCCC	8938	8942	1	4
8472	G	GTCCC	5	8472	8476	ATCCC	8617	8621	1	4
8472	G	GTCCC	5	8472	8476	TTCCC	8603	8607	1	4
8472	G	GTCCC	5	8472	8476	GCCCC	8557	8561	1	4
8472	G	GTCCC	5	8472	8476	GGCCC	8391	8395	1	4
8472	G	GTCCC	5	8472	8476	GCCCC	8368	8372	1	4
8472	G	GTCCC	5	8472	8476	GGCCC	8250	8254	1	4
8472	G	GTCCC	5	8472	8476	ATCCC	12082	12086	1	4
8472	G	GTCCC	5	8472	8476	GCCCC	12236	12240	1	4
8472	G	GTCCC	5	8472	8476	GGCCC	12300	12304	1	4
8472	G	GTCCC	5	8472	8476	TTCCC	14153	14157	1	4
8472	G	GTCCC	5	8472	8476	ATCCC	16423	16427	1	4
8472	G	GTCCC	5	8472	8476	GACCC	16373	16377	1	4
8472	G	GTCCC	5	8472	8476	GTACC	16130	16134	1	4
8472	G	GTCCC	5	8472	8476	GTACC	16049	16053	1	4
8472	G	GTCCC	5	8472	8476	ATCCC	15656	15660	1	4
8472	G	GTCCC	5	8472	8476	GTCCT	15140	15144	1	4
8472	G	GTCCC	5	8472	8476	GACCC	14749	14753	1	4
8472	G	GTCCC	5	8472	8476	TTCCC	14487	14491	1	4
8472	G	GTCCC	5	8472	8476	GACCC	14423	14427	1	4
8472	G	GTCCC	5	8472	8476	GACCC	14279	14283	1	4
8472	G	GTCCC	5	8472	8476	GCCCC	14243	14247	1	4
8472	G	GTCCC	5	8472	8476	ATCCC	13945	13949	1	4
8472	G	GTCCC	5	8472	8476	GCCCC	12301	12305	1	4
8472	G	GTCCC	5	8472	8476	ATCCC	13878	13882	1	4
8472	G	GTCCC	5	8472	8476	ATCCC	13780	13784	1	4
8472	G	GTCCC	5	8472	8476	TTCCC	13752	13756	1	4
8472	G	GTCCC	5	8472	8476	GTACC	13325	13329	1	4
8472	G	GTCCC	5	8472	8476	GTCTC	13063	13067	1	4
8472	G	GTCCC	5	8472	8476	GCCCC	13052	13056	1	4
8472	G	GTCCC	5	8472	8476	GGCCC	13051	13055	1	4
8472	G	GTCCC	5	8472	8476	GTCTC	13019	13023	1	4
8472	G	GTCCC	5	8472	8476	GACCC	12925	12929	1	4
8472	G	GTCCC	5	8472	8476	GACCC	12667	12671	1	4
8472	G	GTCCC	5	8472	8476	GTCGC	12454	12458	1	4
8472	G	CGTCC	5	8471	8475	CATCC	9863	9867	1	4
8472	G	CGTCC	5	8471	8475	CCTCC	10091	10095	1	4
8472	G	CGTCC	5	8471	8475	CGCCC	10196	10200	1	4
8472	G	ACGTC	5	8470	8474	CCGTC	1947	1951	1	4
8472	G	ACGTC	5	8470	8474	ACGTT	6067	6071	1	4
8472	G	ACGTC	5	8470	8474	ACATC	6058	6062	1	4
8472	G	ACGTC	5	8470	8474	ACCTC	5816	5820	1	4
8472	G	ACGTC	5	8470	8474	ACGTA	5398	5402	1	4
8472	G	ACGTC	5	8470	8474	ACCTC	5367	5371	1	4
8472	G	ACGTC	5	8470	8474	ACCTC	5335	5339	1	4
8472	G	ACGTC	5	8470	8474	ACGTA	4918	4922	1	4
8472	G	ACGTC	5	8470	8474	ACTTC	4804	4808	1	4
8472	G	ACGTC	5	8470	8474	CCGTC	4489	4493	1	4
8472	G	ACGTC	5	8470	8474	AGGTC	4406	4410	1	4
8472	G	ACGTC	5	8470	8474	ACATC	3941	3945	1	4
8472	G	ACGTC	5	8470	8474	ACCTC	3818	3822	1	4
8472	G	ACGTC	5	8470	8474	ACCTC	3788	3792	1	4
8472	G	ACGTC	5	8470	8474	AAGTC	3734	3738	1	4
8472	G	ACGTC	5	8470	8474	ACCTC	3628	3632	1	4
8472	G	ACGTC	5	8470	8474	ACCTC	3596	3600	1	4
8472	G	ACGTC	5	8470	8474	ACATC	3499	3503	1	4
8472	G	ACGTC	5	8470	8474	ACGCC	3458	3462	1	4
8472	G	ACGTC	5	8470	8474	ACGTT	3419	3423	1	4
8472	G	ACGTC	5	8470	8474	AGGTC	3089	3093	1	4
8472	G	ACGTC	5	8470	8474	ACCTC	2984	2988	1	4
8472	G	ACGTC	5	8470	8474	ACTTC	2861	2865	1	4
8472	G	ACGTC	5	8470	8474	ACCTC	2820	2824	1	4
8472	G	ACGTC	5	8470	8474	ACCTC	2512	2516	1	4
8472	G	ACGTC	5	8470	8474	ACATC	2507	2511	1	4
8472	G	ACGTC	5	8470	8474	TCGTC	6073	6077	1	4
8472	G	ACGTC	5	8470	8474	ACCTC	6544	6548	1	4
8472	G	ACGTC	5	8470	8474	ACGTA	6796	6800	1	4
8472	G	ACGTC	5	8470	8474	ACTTC	9821	9825	1	4
8472	G	ACGTC	5	8470	8474	ACCTC	11856	11860	1	4
8472	G	ACGTC	5	8470	8474	ACTTC	11836	11840	1	4
8472	G	ACGTC	5	8470	8474	ACTTC	11800	11804	1	4
8472	G	ACGTC	5	8470	8474	ATGTC	11418	11422	1	4
8472	G	ACGTC	5	8470	8474	ACGCC	11182	11186	1	4
8472	G	ACGTC	5	8470	8474	ACGCC	11002	11006	1	4
8472	G	ACGTC	5	8470	8474	ACCTC	10543	10547	1	4
8472	G	ACGTC	5	8470	8474	ACTTC	10514	10518	1	4
8472	G	ACGTC	5	8470	8474	ACGGC	10141	10145	1	4
8472	G	ACGTC	5	8470	8474	ACTTC	10063	10067	1	4
8472	G	ACGTC	5	8470	8474	ACATC	9896	9900	1	4
8472	G	ACGTC	5	8470	8474	ACGGC	9775	9779	1	4
8472	G	ACGTC	5	8470	8474	ACATC	6994	6998	1	4
8472	G	ACGTC	5	8470	8474	ACGAC	9194	9198	1	4
8472	G	ACGTC	5	8470	8474	ACTTC	9171	9175	1	4
8472	G	ACGTC	5	8470	8474	ACTTC	8906	8910	1	4
8472	G	ACGTC	5	8470	8474	ACCTC	8683	8687	1	4
8472	G	ACGTC	5	8470	8474	ACCTC	8350	8354	1	4
8472	G	ACGTC	5	8470	8474	ACGTT	7995	7999	1	4
8472	G	ACGTC	5	8470	8474	AGGTC	7851	7855	1	4
8472	G	ACGTC	5	8470	8474	CCGTC	7773	7777	1	4
8472	G	ACGTC	5	8470	8474	ACATC	7746	7750	1	4
8472	G	ACGTC	5	8470	8474	ACGTT	7217	7221	1	4
8472	G	ACGTC	5	8470	8474	ACGAC	7006	7010	1	4
8472	G	ACGTC	5	8470	8474	AAGTC	2401	2405	1	4
8472	G	ACGTC	5	8470	8474	AAGTC	1557	1561	1	4
8472	G	CGTCC	5	8471	8475	CCTCC	10268	10272	1	4
8472	G	ACGTC	5	8470	8474	ACGTT	1321	1325	1	4
8472	G	CGTCC	5	8471	8475	CATCC	14817	14821	1	4
8472	G	CGTCC	5	8471	8475	CGACC	14803	14807	1	4
8472	G	CGTCC	5	8471	8475	CGACC	14559	14563	1	4
8472	G	CGTCC	5	8471	8475	CTTCC	14306	14310	1	4
8472	G	CGTCC	5	8471	8475	CATCC	14121	14125	1	4
8472	G	CGTCC	5	8471	8475	CCTCC	13989	13993	1	4
8472	G	CGTCC	5	8471	8475	CTTCC	13767	13771	1	4
8472	G	CGTCC	5	8471	8475	CATCC	13374	13378	1	4
8472	G	CGTCC	5	8471	8475	GGTCC	13367	13371	1	4
8472	G	CGTCC	5	8471	8475	CGCCC	13209	13213	1	4
8472	G	CGTCC	5	8471	8475	CTTCC	13122	13126	1	4
8472	G	CGTCC	5	8471	8475	CATCC	13116	13120	1	4
8472	G	CGTCC	5	8471	8475	CCTCC	12984	12988	1	4
8472	G	CGTCC	5	8471	8475	CCTCC	12981	12985	1	4
8472	G	CGTCC	5	8471	8475	CATCC	12882	12886	1	4
8472	G	CGTCC	5	8471	8475	CTTCC	12705	12709	1	4
8472	G	CGTCC	5	8471	8475	GGTCC	12629	12633	1	4
8472	G	CGTCC	5	8471	8475	CATCC	12458	12462	1	4
8472	G	CGTCC	5	8471	8475	CATCC	12390	12394	1	4
8472	G	CGTCC	5	8471	8475	CCTCC	12094	12098	1	4
8472	G	CGTCC	5	8471	8475	CGCCC	11710	11714	1	4
8472	G	CGTCC	5	8471	8475	CATCC	11665	11669	1	4
8472	G	CGTCC	5	8471	8475	CTTCC	11539	11543	1	4
8472	G	CGTCC	5	8471	8475	CCTCC	10951	10955	1	4
8472	G	CGTCC	5	8471	8475	CATCC	10346	10350	1	4
8472	G	CGTCC	5	8471	8475	CCTCC	14872	14876	1	4
8472	G	CGTCC	5	8471	8475	CGCCC	14944	14948	1	4
8472	G	CGTCC	5	8471	8475	CATCC	14980	14984	1	4
8472	G	CGTCC	5	8471	8475	CGTAC	16328	16332	1	4
8472	G	ACGTC	5	8470	8474	ACGTA	1313	1317	1	4
8472	G	ACGTC	5	8470	8474	ACCTC	1240	1244	1	4
8472	G	ACGTC	5	8470	8474	ACCTC	1232	1236	1	4
8472	G	ACGTC	5	8470	8474	ACCTC	1104	1108	1	4
8472	G	ACGTC	5	8470	8474	AAGTC	918	922	1	4
8472	G	ACGTC	5	8470	8474	ACATC	631	635	1	4
8472	G	ACGTC	5	8470	8474	ACATC	339	343	1	4
8472	G	ACGTC	5	8470	8474	ACATC	276	280	1	4
8472	G	ACGTC	5	8470	8474	ATGTC	249	253	1	4
8472	G	ACGTC	5	8470	8474	AGGTC	7	11	1	4
8472	G	CGTCC	5	8471	8475	CATCC	16404	16408	1	4
8472	G	CGTCC	5	8471	8475	CGTAC	16095	16099	1	4
8472	G	CGTCC	5	8471	8475	CTTCC	15028	15032	1	4
8472	G	CGTCC	5	8471	8475	TGTCC	15887	15891	1	4
8472	G	CGTCC	5	8471	8475	CGTAC	15811	15815	1	4
8472	G	CGTCC	5	8471	8475	CATCC	15807	15811	1	4
8472	G	CGTCC	5	8471	8475	CGCCC	15698	15702	1	4
8472	G	CGTCC	5	8471	8475	CCTCC	15664	15668	1	4
8472	G	CGTCC	5	8471	8475	CATCC	15661	15665	1	4
8472	G	CGTCC	5	8471	8475	CATCC	15643	15647	1	4
8472	G	CGTCC	5	8471	8475	CATCC	15637	15641	1	4
8472	G	CGTCC	5	8471	8475	CTTCC	15448	15452	1	4
8472	G	CGTCC	5	8471	8475	CTTCC	15403	15407	1	4
8472	G	CGTCC	5	8471	8475	CCTCC	15100	15104	1	4
8472	G	CTACG	5	8468	8472	CTACT	10874	10878	1	4
8472	G	CTACG	5	8468	8472	CTCCG	16451	16455	1	4
