pos	nuc	motif.seq	motif.length	motif.start	motif.end	repeat.seq	repeat.start	repeat.end	repeat.hamming.distance	effective.length
8472	T	AACTACCACCTACTTCCCTCA	21	8459	8479	AACTCCTACATACTTCCCCCA	7940	7960	4	17
8472	T	TACCACCTACTTCCCT	16	8462	8477	TACCAACTATCTCCCT	15843	15858	3	13
8472	T	CTACTTCCCTCACCA	15	8468	8482	CAACCTCCCTCACCA	13445	13459	2	13
8472	T	CTTCCCTCACCAAAGC	16	8471	8486	CTTACCTCCTCAAAGC	587	602	3	13
8472	T	ACTTCCCTCACCAAAG	16	8470	8485	ACCTCCCTCACCATTG	13447	13462	3	13
8472	T	CTACTTCCCTCACCAA	16	8468	8483	CAACCTCCCTCACCAT	13445	13460	3	13
8472	T	CCTACTTCCCTCACCA	16	8467	8482	TCAACCTCCCTCACCA	13444	13459	3	13
8472	T	CTACTTCCCTCACCA	15	8468	8482	CAACTTTCCTCACTA	9841	9855	3	12
8472	T	TTCCCTCACCAAAGC	15	8472	8486	TTTCCTCACGCAAGC	4646	4660	3	12
8472	T	CTACTTCCCTCACCA	15	8468	8482	CTACTTCCCCTATCA	7620	7634	3	12
8472	T	CTACTTCCCTCACCA	15	8468	8482	CTACCTCCCTGACAA	13580	13594	3	12
8472	T	ACCTACTTCCCTCAC	15	8466	8480	ACATACTTCCCCCAT	7947	7961	3	12
8472	T	CACCTACTTCCCTCA	15	8465	8479	CACCTACACCCCTTA	8924	8938	3	12
8472	T	ACTACCACCTACTTC	15	8460	8474	AACACCACCTTCTTC	6549	6563	3	12
8472	T	AACTACCACCTACTT	15	8459	8473	AACAACAACCTATTT	10895	10909	3	12
8472	T	ACCACCTACTTCC	13	8463	8475	ACCACCTTCTTCG	6552	6564	2	11
8472	T	CCTACTTCCCTCA	13	8467	8479	CCTACTCCACTCA	13071	13083	2	11
8472	T	TTCCCTCACCAAA	13	8472	8484	CTCCCTCACTAAA	4906	4918	2	11
8472	T	CCTACTTCCCTC	12	8467	8478	CCTAATTCCCCC	12378	12389	2	10
8472	T	CACCTACTTCC	11	8465	8475	CACATACTTCC	11197	11207	1	10
8472	T	CTTCCCTCACCA	12	8471	8482	CTTCCCACAACA	7178	7189	2	10
8472	T	CTTCCCTCACCA	12	8471	8482	CCTCCCTTACCA	7863	7874	2	10
8472	T	CTTCCCTCACCA	12	8471	8482	CTTCCCTCTACA	9082	9093	2	10
8472	T	CTACCACCTACT	12	8461	8472	CTACGACCAACT	4149	4160	2	10
8472	T	CTACCACCTACT	12	8461	8472	CAACCTCCTACT	3318	3329	2	10
8472	T	ACCACCTACTTC	12	8463	8474	ACCTCCTACTCC	3320	3331	2	10
8472	T	CCACCTACTTCC	12	8464	8475	GCACATACTTCC	11196	11207	2	10
8472	T	CACCTACTTCCC	12	8465	8476	CACATACTTCCT	11197	11208	2	10
8472	T	CCTACTTCCCTC	12	8467	8478	CCTACCTCCATC	14372	14383	2	10
8472	T	CTTCCCTCACCA	12	8471	8482	CTCCCTTCACCA	9757	9768	2	10
8472	T	TACTTCCCTCAC	12	8469	8480	TACCTCCCTCTC	6217	6228	2	10
8472	T	TACTTCCCTCAC	12	8469	8480	TATTACCCTCAC	2408	2419	2	10
8472	T	CCTACTTCCCTC	12	8467	8478	CTTACCTCCCTC	6215	6226	2	10
8472	T	ACTTCCCTCACC	12	8470	8481	ACTCCCCTCAGC	13032	13043	2	10
8472	T	CCACCTACTTC	11	8464	8474	CAATCTACTTC	5723	5733	2	9
8472	T	CACCTACTTCC	11	8465	8475	CTCCTACTTAC	11936	11946	2	9
8472	T	CCACCTACTTC	11	8464	8474	CCACCTACTCA	9027	9037	2	9
8472	T	CACCTACTTCC	11	8465	8475	CACCCACTCCC	10619	10629	2	9
8472	T	CCACCTACTTC	11	8464	8474	CCACCTCCATC	14051	14061	2	9
8472	T	CACCTACTTCC	11	8465	8475	CACCCACTACC	2215	2225	2	9
8472	T	CCTACTTCCCT	11	8467	8477	CCTACTTCACA	3148	3158	2	9
8472	T	CCTACTTCCCT	11	8467	8477	CCTACTTCTCC	6482	6492	2	9
8472	T	CCTACTTCCCT	11	8467	8477	GCTACTTCCCC	7619	7629	2	9
8472	T	CCTACTTCCCT	11	8467	8477	CTGACTTCCCT	12370	12380	2	9
8472	T	CCTACTTCCCT	11	8467	8477	GCTACCTCCCT	13579	13589	2	9
8472	T	CCTACTTCCCT	11	8467	8477	CTTACTTCTCT	15439	15449	2	9
8472	T	ACCTACTTCCC	11	8466	8476	GCCTACTTCAC	3147	3157	2	9
8472	T	ACCTACTTCCC	11	8466	8476	ACCTATCTCCC	5480	5490	2	9
8472	T	ACCTACTTCCC	11	8466	8476	TCCTACTTCTC	6481	6491	2	9
8472	T	ACCTACTTCCC	11	8466	8476	ACTTTCTTCCC	7173	7183	2	9
8472	T	ACCTACTTCCC	11	8466	8476	CGCTACTTCCC	7618	7628	2	9
8472	T	ACCTACTTCCC	11	8466	8476	CCCTAATTCCC	12377	12387	2	9
8472	T	ACCTACTTCCC	11	8466	8476	ACCTATTCCCC	14148	14158	2	9
8472	T	CACCTACTTCC	11	8465	8475	CACCTACGTTC	164	174	2	9
8472	T	CCACCTACTTC	11	8464	8474	CCACGGACTTC	9815	9825	2	9
8472	T	ACCACCTACTT	11	8463	8473	GCCACCTACTC	9026	9036	2	9
8472	T	TACCACCTACT	11	8462	8472	GGCCACCTACT	9025	9035	2	9
8472	T	CTACTTCCCTC	11	8468	8478	CTTCTTCCCAC	14109	14119	2	9
8472	T	TACCACCTACT	11	8462	8472	TACCCCCCACT	11865	11875	2	9
8472	T	CTACTTCCCTC	11	8468	8478	CTACTCTCCTC	16439	16449	2	9
8472	T	ACCTACTTCCC	11	8466	8476	ATCTACTTCTC	5725	5735	2	9
8472	T	CTACTTCCCTC	11	8468	8478	CTATTTCCCCC	8599	8609	2	9
8472	T	CTACTTCCCTC	11	8468	8478	CTACTTCTCCC	5727	5737	2	9
8472	T	CCACCTACT	9	8464	8472	CCACCTACT	9027	9035	0	9
8472	T	CTTCCCTCAC	10	8471	8480	CTTTCCTCAC	13487	13496	1	9
8472	T	CCTACTTCCC	10	8467	8476	CCTACTTCAC	3148	3157	1	9
8472	T	TTCCCTCACC	10	8472	8481	TTACCTCACC	5887	5896	1	9
8472	T	CCTACTTCCC	10	8467	8476	CCTACTTCTC	6482	6491	1	9
8472	T	CCTACTTCCC	10	8467	8476	GCTACTTCCC	7619	7628	1	9
8472	T	CCACCTACTT	10	8464	8473	CCACCTACTC	9027	9036	1	9
8472	T	ACCACCTACT	10	8463	8472	GCCACCTACT	9026	9035	1	9
8472	T	TTCCCTCACCA	11	8472	8482	CACCCTCACCA	4011	4021	2	9
8472	T	TTCCCTCACCA	11	8472	8482	TTACCTCACCC	5887	5897	2	9
8472	T	CTTCCCTCACC	11	8471	8481	CTACCATCACC	3503	3513	2	9
8472	T	CTTCCCTCACC	11	8471	8481	CTTCACTCAGC	5872	5882	2	9
8472	T	CTTCCCTCACC	11	8471	8481	TTTACCTCACC	5886	5896	2	9
8472	T	CTTCCCTCACC	11	8471	8481	CTTTCCTCACA	13487	13497	2	9
8472	T	CTTCCCTCACC	11	8471	8481	CACCCCTCACC	16257	16267	2	9
8472	T	ACTTCCCTCAC	11	8470	8480	ACTTTCCACAC	263	273	2	9
8472	T	ACTTCCCTCAC	11	8470	8480	ACTTCCCTAAT	12373	12383	2	9
8472	T	ACTTCCCTCAC	11	8470	8480	CCTTTCCTCAC	13486	13496	2	9
8472	T	TACTTCCCTCA	11	8469	8479	TGCTTCACTCA	5870	5880	2	9
8472	T	TACTTCCCTCA	11	8469	8479	TTCTTCCCACA	7176	7186	2	9
8472	T	TACTTCCCTCA	11	8469	8479	TACTTGCCGCA	11448	11458	2	9
8472	T	TACTTCCCTCA	11	8469	8479	GACTTCCCTAA	12372	12382	2	9
8472	T	TACTTCCCTCA	11	8469	8479	GACTCCCCTCA	13031	13041	2	9
8472	T	ACTTCCCTCA	10	8470	8479	ACTTCCCTAA	12373	12382	1	9
8472	T	CTACTTCCCT	10	8468	8477	CTACAACCCT	3442	3451	2	8
8472	T	ACCTACTTCC	10	8466	8475	ACCTAGTTCA	15222	15231	2	8
8472	T	CTACTTCCCT	10	8468	8477	CTAGTTCCCC	6147	6156	2	8
8472	T	CTACTTCCCT	10	8468	8477	CTACTCCCCA	5379	5388	2	8
8472	T	CTACTTCCCT	10	8468	8477	CTACCTCTCT	11041	11050	2	8
8472	T	ACCTACTTCC	10	8466	8475	TCCTACCTCC	14371	14380	2	8
8472	T	CCTACTTCCC	10	8467	8476	CCTAATTACC	12708	12717	2	8
8472	T	ACCTACTTCC	10	8466	8475	ACCTACTCCA	10750	10759	2	8
8472	T	ACCTACTTCC	10	8466	8475	ATCTGCTTCC	7685	7694	2	8
8472	T	ACCTACTTCC	10	8466	8475	GCCCACTTCC	7026	7035	2	8
8472	T	ACCTACTTCC	10	8466	8475	AACTACTCCC	6306	6315	2	8
8472	T	ACCTACTTCC	10	8466	8475	AACTACTACC	5102	5111	2	8
8472	T	ACCTACTTCC	10	8466	8475	CCCTACTTCT	4094	4103	2	8
8472	T	ACCTACTTCC	10	8466	8475	ACATACTTAC	189	198	2	8
8472	T	CCTACTTCCC	10	8467	8476	CCTACTTCAG	16507	16516	2	8
8472	T	CCTACTTCCC	10	8467	8476	TCTTCTTCCC	14108	14117	2	8
8472	T	CCTACTTCCC	10	8467	8476	CCTACTCCTC	13983	13992	2	8
8472	T	CCTACTTCCC	10	8467	8476	ACTACTTCTC	12584	12593	2	8
8472	T	CTACTTCCCT	10	8468	8477	CTACTTCTCC	12585	12594	2	8
8472	T	CCTACTTCCC	10	8467	8476	CCTATATCCC	10185	10194	2	8
8472	T	CCTACTTCCC	10	8467	8476	CCTACCCCCC	9528	9537	2	8
8472	T	CCTACTTCCC	10	8467	8476	CCTACTAACC	9344	9353	2	8
8472	T	CCTACTTCCC	10	8467	8476	TCTATTTCCC	8598	8607	2	8
8472	T	CCTACTTCCC	10	8467	8476	CCCACTTCCA	7027	7036	2	8
8472	T	CCTACTTCCC	10	8467	8476	ACTAGTTCCC	6146	6155	2	8
8472	T	CCTACTTCCC	10	8467	8476	ACTACTCCCC	5378	5387	2	8
8472	T	CCTACTTCCC	10	8467	8476	CCTACTACTC	5117	5126	2	8
8472	T	CCTACTTCCC	10	8467	8476	CCTACTTCTA	4095	4104	2	8
8472	T	CCTACTTCCC	10	8467	8476	CCTACTCCTC	3324	3333	2	8
8472	T	CCTACTTCCC	10	8467	8476	CCTACTTACA	11938	11947	2	8
8472	T	CCTACTTCC	9	8467	8475	CCTACTTCA	16507	16515	1	8
8472	T	TACTTCCCTC	10	8469	8478	TCCTTCTCTC	15450	15459	2	8
8472	T	ACCTACTTC	9	8466	8474	ACCTAGTTC	15222	15230	1	8
8472	T	TTCCCTCACC	10	8472	8481	ATCCCTCAAC	12100	12109	2	8
8472	T	TTCCCTCACC	10	8472	8481	CTCACTCACC	12010	12019	2	8
8472	T	TTCCCTCACC	10	8472	8481	TTCCCCAACC	10915	10924	2	8
8472	T	TTCCCTCACC	10	8472	8481	TTCGGTCACC	6615	6624	2	8
8472	T	TTCCCTCACC	10	8472	8481	TACCCACACC	3202	3211	2	8
8472	T	TTCCCTCACC	10	8472	8481	TACCCTAACC	2575	2584	2	8
8472	T	TTCCCTCACC	10	8472	8481	TACCCTCACT	2411	2420	2	8
8472	T	CCACCTACT	9	8464	8472	CCACCTCCT	15331	15339	1	8
8472	T	CACCTACTT	9	8465	8473	CACCTAATT	9040	9048	1	8
8472	T	ACCTACTTC	9	8466	8474	TCCTACTTC	16506	16514	1	8
8472	T	ACCTACTTC	9	8466	8474	ACCTACTCC	10750	10758	1	8
8472	T	TACTTCCCTC	10	8469	8478	TACTTCTCTT	15441	15450	2	8
8472	T	ACCTACTTC	9	8466	8474	CCCTACTTC	4094	4102	1	8
8472	T	ACCTACTTCC	10	8466	8475	TCCTACTTCA	16506	16515	2	8
8472	T	CCTACTTCC	9	8467	8475	CCCACTTCC	7027	7035	1	8
8472	T	CCTACTTCC	9	8467	8475	CCTACTTCT	4095	4103	1	8
8472	T	CTACTTCCC	9	8468	8476	CTACTTCTC	12585	12593	1	8
8472	T	CTACTTCCC	9	8468	8476	CTAGTTCCC	6147	6155	1	8
8472	T	CTACTTCCC	9	8468	8476	CTACTCCCC	5379	5387	1	8
8472	T	ACTTCCCTC	9	8470	8478	CCTTCCCTC	9081	9089	1	8
8472	T	CCTACTTC	8	8467	8474	CCTACTTC	16507	16514	0	8
8472	T	CCTACTTC	8	8467	8474	CCTACTTC	4095	4102	0	8
8472	T	TTCCCTCACC	10	8472	8481	TTGACTCACC	16063	16072	2	8
8472	T	CTTCCCTCAC	10	8471	8480	CTTCGCTGAC	3450	3459	2	8
8472	T	CTTCCCTCAC	10	8471	8480	CTTCCCGTAC	4458	4467	2	8
8472	T	CTTCCCTCAC	10	8471	8480	ATTTCCTCAC	4645	4654	2	8
8472	T	TACTTCCCTC	10	8469	8478	TACCACCCTC	12396	12405	2	8
8472	T	TACTTCCCTC	10	8469	8478	ACCTTCCCTC	9080	9089	2	8
8472	T	TACTTCCCTC	10	8469	8478	TAATTCCATC	5197	5206	2	8
8472	T	ACTTCCCTCA	10	8470	8479	ACCCCCCTCA	16374	16383	2	8
8472	T	ACTTCCCTCA	10	8470	8479	ACCTCCCCCA	14527	14536	2	8
8472	T	ACTTCCCTCA	10	8470	8479	ACCTCCATCA	14053	14062	2	8
8472	T	ACTTCCCTCA	10	8470	8479	CCTTCCCTCT	9081	9090	2	8
8472	T	ACTTCCCTCA	10	8470	8479	ACTAACCTCA	8679	8688	2	8
8472	T	CTTCCCTCAC	10	8471	8480	CGTCCCTAAC	15595	15604	2	8
8472	T	CTTCCCTCAC	10	8471	8480	CTTCCTTCTC	15448	15457	2	8
8472	T	CTTCCCTCAC	10	8471	8480	CCACCCTCAC	15264	15273	2	8
8472	T	CTTCCCTCAC	10	8471	8480	CTTCCTACAC	15028	15037	2	8
8472	T	CTTCCCTCAC	10	8471	8480	CTACCTTCAC	14986	14995	2	8
8472	T	CTTCCCTCAC	10	8471	8480	CTTCCTACAC	14306	14315	2	8
8472	T	CTTCCCTCAC	10	8471	8480	CTTCCCACTC	14112	14121	2	8
8472	T	CTTCCCTCAC	10	8471	8480	CTTCCCCTAC	11231	11240	2	8
8472	T	CTTCCCTCAC	10	8471	8480	CCTGCCTCAC	8787	8796	2	8
8472	T	CTTCCCTCAC	10	8471	8480	CTTCATTCAC	7079	7088	2	8
8472	T	CTTCCCTCAC	10	8471	8480	CTACCCTCCC	6287	6296	2	8
8472	T	CTTCCCTCAC	10	8471	8480	CTCCCCACAC	5445	5454	2	8
8472	T	CTTCCCTCAC	10	8471	8480	TCTCCCTCAC	4905	4914	2	8
8472	T	ACCTACTTCC	10	8466	8475	ACCTTTTTCC	15937	15946	2	8
8472	T	ACCACCTACT	10	8463	8472	AACACCTATT	6598	6607	2	8
8472	T	CACCTACTTC	10	8465	8474	GGCCTACTTC	3146	3155	2	8
8472	T	CACCTACTTC	10	8465	8474	ACCCTACTTC	4093	4102	2	8
8472	T	ACCACCTACT	10	8463	8472	ACCACGTTCT	11909	11918	2	8
8472	T	ACCACCTACT	10	8463	8472	ACCACCTCTT	1237	1246	2	8
8472	T	ACCACCTACT	10	8463	8472	AACACCCACT	2213	2222	2	8
8472	T	ACCACCTACT	10	8463	8472	ACCATCTTCT	6339	6348	2	8
8472	T	ACCACCTACT	10	8463	8472	ACAACCGACT	8642	8651	2	8
8472	T	ACCACCTACT	10	8463	8472	AACACCCACT	10617	10626	2	8
8472	T	ACCACCTACT	10	8463	8472	ACCACCCACA	10841	10850	2	8
8472	T	ACCACCTACT	10	8463	8472	ACAACCTATT	12740	12749	2	8
8472	T	CCACCTACTT	10	8464	8473	CCTCCTGCTT	15100	15109	2	8
8472	T	ACCACCTACT	10	8463	8472	ACCCCCTAAT	14769	14778	2	8
8472	T	ACCACCTACT	10	8463	8472	TCCACCTCCT	15330	15339	2	8
8472	T	ACCACCTACT	10	8463	8472	ACCTCCTATT	15333	15342	2	8
8472	T	CCACCTACTT	10	8464	8473	CCACCTCCTA	15331	15340	2	8
8472	T	CCACCTACTT	10	8464	8473	TCTCCTACTT	11935	11944	2	8
8472	T	CACCTACTTC	10	8465	8474	AACCTACTCC	10749	10758	2	8
8472	T	CACCTACTTC	10	8465	8474	CCTCTACTTC	5336	5345	2	8
8472	T	CACCTACTTC	10	8465	8474	CTCCTACTCC	6228	6237	2	8
8472	T	CACCTACTTC	10	8465	8474	GTCCTACTTC	6480	6489	2	8
8472	T	CACCTACTTC	10	8465	8474	CACGTACTAC	7010	7019	2	8
8472	T	CACCTACTTC	10	8465	8474	CACCGACTAC	7915	7924	2	8
8472	T	CACCTACTTC	10	8465	8474	CACCTAATTG	9040	9049	2	8
8472	T	CACCTACTTC	10	8465	8474	CGCCTTCTTC	13332	13341	2	8
8472	T	CCACCTACTT	10	8464	8473	CCAACAACTT	11331	11340	2	8
8472	T	CACCTACTTC	10	8465	8474	CCCCTACTCC	13981	13990	2	8
8472	T	CACCTACTTC	10	8465	8474	GACCTAGTTC	15221	15230	2	8
8472	T	CACCTACTTC	10	8465	8474	TTCCTACTTC	16505	16514	2	8
8472	T	CCACCTACTT	10	8464	8473	GCACCTACGT	163	172	2	8
8472	T	CCACCTACTT	10	8464	8473	CCTCCTATTT	3609	3618	2	8
8472	T	CCACCTACTT	10	8464	8473	GCACCTAATT	9039	9048	2	8
8472	T	CTACTTCC	8	8468	8475	CTACTTCT	5339	5346	1	7
8472	T	TACTTCC	7	8469	8475	TACTTCC	14095	14101	0	7
8472	T	CTACTTCC	8	8468	8475	TTACTTCC	14094	14101	1	7
8472	T	CACCTACT	8	8465	8472	CACCTCCT	4165	4172	1	7
8472	T	CACCTACT	8	8465	8472	CATCTACT	4493	4500	1	7
8472	T	CACCTACT	8	8465	8472	CCCCTACT	11234	11241	1	7
8472	T	CACCTACT	8	8465	8472	AACCTACT	11879	11886	1	7
8472	T	CACCTACT	8	8465	8472	CACCCACT	16264	16271	1	7
8472	T	CCTACTTC	8	8467	8474	CCTACTCC	14130	14137	1	7
8472	T	CCTACTTC	8	8467	8474	CCCACTTC	8903	8910	1	7
8472	T	CCTACTTC	8	8467	8474	CCTACTAC	5150	5157	1	7
8472	T	CCTACTTC	8	8467	8474	CCTGCTTC	4850	4857	1	7
8472	T	ACCTACTT	8	8466	8473	ACCTTCTT	10239	10246	1	7
8472	T	ACCTACT	7	8466	8472	ACCTACT	11880	11886	0	7
8472	T	TACTTCCC	8	8469	8476	TACTTCAC	15818	15825	1	7
8472	T	TACTTCCC	8	8469	8476	TACTTCCT	14095	14102	1	7
8472	T	TACTTCCC	8	8469	8476	TAATTCCC	8223	8230	1	7
8472	T	ACTTCCCT	8	8470	8477	ACTTTCCT	13816	13823	1	7
8472	T	ACTTCCCT	8	8470	8477	ACCTCCCT	4105	4112	1	7
8472	T	CTTCCCTC	8	8471	8478	CATCCCTC	10867	10874	1	7
8472	T	CTTCCCTC	8	8471	8478	CATCCCTC	10327	10334	1	7
8472	T	CTTCCCTC	8	8471	8478	CTTCCCCC	3165	3172	1	7
8472	T	TTCCCTCA	8	8472	8479	TTACCTCA	9466	9473	1	7
8472	T	CTACTTCC	8	8468	8475	CTACTCCC	11810	11817	1	7
8472	T	ACCTACTT	8	8466	8473	ACCTACTG	11880	11887	1	7
8472	T	CCTACTT	7	8467	8473	CCTACCT	5477	5483	1	6
8472	T	ACCTACT	7	8466	8472	ACCTACG	7904	7910	1	6
8472	T	ACCTACT	7	8466	8472	ACCTACG	5347	5353	1	6
8472	T	ACCTACT	7	8466	8472	ATCTACT	5358	5364	1	6
8472	T	ACCTACT	7	8466	8472	ACCTATT	5959	5965	1	6
8472	T	ACCTACT	7	8466	8472	ACCTTCT	6040	6046	1	6
8472	T	ACCTACT	7	8466	8472	ACTTACT	6678	6684	1	6
8472	T	ACCTACT	7	8466	8472	ACCTACG	7125	7131	1	6
8472	T	ACCTACT	7	8466	8472	ACCTCCT	8774	8780	1	6
8472	T	ACCTACT	7	8466	8472	TCCTACT	5116	5122	1	6
8472	T	ACCTACT	7	8466	8472	GCCTACT	8969	8975	1	6
8472	T	ACCTACT	7	8466	8472	GCCTACT	9343	9349	1	6
8472	T	ACCTACT	7	8466	8472	CCCTACT	10555	10561	1	6
8472	T	ACCTACT	7	8466	8472	AGCTACT	10598	10604	1	6
8472	T	ACCTACT	7	8466	8472	CCCTACT	10696	10702	1	6
8472	T	ACCTACT	7	8466	8472	ACATACT	11955	11961	1	6
8472	T	ACCTACT	7	8466	8472	CCCTACT	5149	5155	1	6
8472	T	ACCTACT	7	8466	8472	AACTACT	2879	2885	1	6
8472	T	CCTACTT	7	8467	8473	CCTACTC	11236	11242	1	6
8472	T	CCTACTT	7	8467	8473	CCTACGT	9158	9164	1	6
8472	T	CCTACTT	7	8467	8473	CCTATTT	9458	9464	1	6
8472	T	CCTACTT	7	8467	8473	CCTCCTT	10268	10274	1	6
8472	T	CCTACTT	7	8467	8473	CCTACTA	10556	10562	1	6
8472	T	CCTACTT	7	8467	8473	CCTACTA	10697	10703	1	6
8472	T	CCTACTT	7	8467	8473	CCTAATT	10852	10858	1	6
8472	T	CCTACTT	7	8467	8473	CCTTCTT	12788	12794	1	6
8472	T	ACCTACT	7	8466	8472	ACCTACC	1995	2001	1	6
8472	T	CCTACTT	7	8467	8473	CCTACTA	13683	13689	1	6
8472	T	CCTACTT	7	8467	8473	CCTTCTT	13959	13965	1	6
8472	T	CCTACTT	7	8467	8473	CCTAATT	15856	15862	1	6
8472	T	ACCTACT	7	8466	8472	ACTTACT	193	199	1	6
8472	T	ACCTACT	7	8466	8472	ACCCACT	1688	1694	1	6
8472	T	ACCTACT	7	8466	8472	ACCTTCT	1844	1850	1	6
8472	T	ACCTACT	7	8466	8472	ATCTACT	12695	12701	1	6
8472	T	ACCTACT	7	8466	8472	CCCTACT	13070	13076	1	6
8472	T	ACCTACT	7	8466	8472	CCCTACT	13682	13688	1	6
8472	T	ACCTACT	7	8466	8472	ACATACT	13907	13913	1	6
8472	T	ACCTACT	7	8466	8472	ACCTACC	16285	16291	1	6
8472	T	ACCTACT	7	8466	8472	ACCTCCT	15738	15744	1	6
8472	T	ACCTACT	7	8466	8472	ACCTCCT	15489	15495	1	6
8472	T	ACCTACT	7	8466	8472	ACTTACT	15189	15195	1	6
8472	T	ACCTACT	7	8466	8472	AACTACT	14209	14215	1	6
8472	T	ACCTACT	7	8466	8472	CCCTACT	14129	14135	1	6
8472	T	ACTTCCC	7	8470	8476	ACTTTCC	10807	10813	1	6
8472	T	TACTTCC	7	8469	8475	TACTTCA	1506	1512	1	6
8472	T	ACTTCCC	7	8470	8476	ACCTCCC	15380	15386	1	6
8472	T	ACTTCCC	7	8470	8476	ACCTCCC	14805	14811	1	6
8472	T	ACTTCCC	7	8470	8476	ATTTCCC	13750	13756	1	6
8472	T	ACTTCCC	7	8470	8476	GCTTCCC	13643	13649	1	6
8472	T	ACTTCCC	7	8470	8476	TCTTCCC	12479	12485	1	6
8472	T	ACTTCCC	7	8470	8476	ACTGCCC	11303	11309	1	6
8472	T	ACTTCCC	7	8470	8476	CCTTCCC	11230	11236	1	6
8472	T	ACTTCCC	7	8470	8476	ACTTCGC	10063	10069	1	6
8472	T	TACTTCC	7	8469	8475	AACTTCC	4180	4186	1	6
8472	T	ACTTCCC	7	8470	8476	ACTTCCA	10018	10024	1	6
8472	T	ACTTCCC	7	8470	8476	ACTTCAC	9821	9827	1	6
8472	T	ACTTCCC	7	8470	8476	ACTTCCA	9313	9319	1	6
8472	T	ACTTCCC	7	8470	8476	AATTCCC	8107	8113	1	6
8472	T	ACTTCCC	7	8470	8476	ACTACCC	7228	7234	1	6
8472	T	ACTTCCC	7	8470	8476	ATTTCCC	7091	7097	1	6
8472	T	ACTTCCC	7	8470	8476	CCTTCCC	4457	4463	1	6
8472	T	ACTTCCC	7	8470	8476	ACTTCCT	4181	4187	1	6
8472	T	TACTTCC	7	8469	8475	TACTACC	1701	1707	1	6
8472	T	TACTTCC	7	8469	8475	TATTTCC	4644	4650	1	6
8472	T	CTACTTC	7	8468	8474	CTTCTTC	6101	6107	1	6
8472	T	TACTTCC	7	8469	8475	TATTTCC	15563	15569	1	6
8472	T	CTACTTC	7	8468	8474	CTGCTTC	5781	5787	1	6
8472	T	CTACTTC	7	8468	8474	CTACTCC	5472	5478	1	6
8472	T	CTACTTC	7	8468	8474	CTACTCC	5360	5366	1	6
8472	T	CTACTTC	7	8468	8474	CTTCTTC	4854	4860	1	6
8472	T	CTACTTC	7	8468	8474	CTACATC	3516	3522	1	6
8472	T	CTACTTC	7	8468	8474	CTACTAC	3439	3445	1	6
8472	T	CTACTTC	7	8468	8474	ATACTTC	1505	1511	1	6
8472	T	TACTTCC	7	8469	8475	TACTGCC	16102	16108	1	6
8472	T	TACTTCC	7	8469	8475	TACTCCC	11975	11981	1	6
8472	T	TACTTCC	7	8469	8475	TACTACC	4733	4739	1	6
8472	T	TACTTCC	7	8469	8475	TACATCC	11722	11728	1	6
8472	T	TACTTCC	7	8469	8475	TACTACC	10791	10797	1	6
8472	T	TACTTCC	7	8469	8475	AACTTCC	10017	10023	1	6
8472	T	TACTTCC	7	8469	8475	TACATCC	9887	9893	1	6
8472	T	TACTTCC	7	8469	8475	TACTTCG	9747	9753	1	6
8472	T	TACTTCC	7	8469	8475	CACTTCC	9312	9318	1	6
8472	T	TACTTCC	7	8469	8475	TACTACC	8380	8386	1	6
8472	T	TACTTCC	7	8469	8475	TACTCCC	8013	8019	1	6
8472	T	ACTTCCC	7	8470	8476	CCTTCCC	3164	3170	1	6
8472	T	ACTTCCC	7	8470	8476	ACATCCC	3003	3009	1	6
8472	T	ACTTCCC	7	8470	8476	ACTTCAC	2861	2867	1	6
8472	T	CCTACT	6	8467	8472	CCTACT	10697	10702	0	6
8472	T	TTCCCTC	7	8472	8478	TGCCCTC	10265	10271	1	6
8472	T	TTCCCTC	7	8472	8478	TACCCTC	9725	9731	1	6
8472	T	TTCCCTC	7	8472	8478	TTCGCTC	8876	8882	1	6
8472	T	TTCCCTC	7	8472	8478	ATCCCTC	7860	7866	1	6
8472	T	TTCCCTC	7	8472	8478	TTCCCCC	4247	4253	1	6
8472	T	TTCCCTC	7	8472	8478	ATCCCTC	1188	1194	1	6
8472	T	TTCCCTC	7	8472	8478	TCCCCTC	455	461	1	6
8472	T	CCTACT	6	8467	8472	CCTACT	13683	13688	0	6
8472	T	CCTACT	6	8467	8472	CCTACT	10556	10561	0	6
8472	T	CTTCCCT	7	8471	8477	CTACCCT	15778	15784	1	6
8472	T	CCTACT	6	8467	8472	CCTACT	8970	8975	0	6
8472	T	TACTTC	6	8469	8474	TACTTC	9747	9752	0	6
8472	T	TACTTC	6	8469	8474	TACTTC	1506	1511	0	6
8472	T	ACTTCC	6	8470	8475	ACTTCC	10018	10023	0	6
8472	T	ACTTCC	6	8470	8475	ACTTCC	9313	9318	0	6
8472	T	ACTTCC	6	8470	8475	ACTTCC	4181	4186	0	6
8472	T	CTTCCC	6	8471	8476	CTTCCC	13644	13649	0	6
8472	T	CTTCCC	6	8471	8476	CTTCCC	12480	12485	0	6
8472	T	TTCCCTC	7	8472	8478	CTCCCTC	10625	10631	1	6
8472	T	TTCCCTC	7	8472	8478	TTTCCTC	10926	10932	1	6
8472	T	TTCCCTC	7	8472	8478	CTCCCTC	11977	11983	1	6
8472	T	TTCCCTC	7	8472	8478	TTTCCTC	12129	12135	1	6
8472	T	CTTCCCT	7	8471	8477	CTACCCT	13920	13926	1	6
8472	T	CTTCCCT	7	8471	8477	CTTCCCC	13644	13650	1	6
8472	T	CTTCCCT	7	8471	8477	CATCCCT	12603	12609	1	6
8472	T	CTTCCCT	7	8471	8477	CTTCCCC	12480	12486	1	6
8472	T	CTTCCCT	7	8471	8477	CTTCCTT	11539	11545	1	6
8472	T	CTTCCCT	7	8471	8477	CCTCCCT	10552	10558	1	6
8472	T	CTTCCCT	7	8471	8477	CGTCCCT	10202	10208	1	6
8472	T	CTTCCCT	7	8471	8477	CATCCCT	7821	7827	1	6
8472	T	CTTCCCT	7	8471	8477	CTTCGCT	7328	7334	1	6
8472	T	CTTCCCT	7	8471	8477	CCTCCCT	6291	6297	1	6
8472	T	CTTCCCT	7	8471	8477	CTCCCCT	5486	5492	1	6
8472	T	CTTCCCT	7	8471	8477	CATCCCT	4351	4357	1	6
8472	T	CTTCCCT	7	8471	8477	CTCCCCT	4056	4062	1	6
8472	T	CTTCCCT	7	8471	8477	CCTCCCT	3116	3122	1	6
8472	T	TTCCCTC	7	8472	8478	TTCCCCC	14487	14493	1	6
8472	T	TTCCCTC	7	8472	8478	TTCCCCC	14153	14159	1	6
8472	T	TTCCCTC	7	8472	8478	TTCCCCC	13752	13758	1	6
8472	T	CTACTTC	7	8468	8474	CTTCTTC	5784	5790	1	6
8472	T	CTACTTC	7	8468	8474	CTACTCC	6683	6689	1	6
8472	T	CTACTTC	7	8468	8474	CTAATTC	9112	9118	1	6
8472	T	CCTACTT	7	8467	8473	CCTCCTT	6005	6011	1	6
8472	T	CTACTTC	7	8468	8474	ATACTTC	15817	15823	1	6
8472	T	CCTACTT	7	8467	8473	CCTCCTT	5327	5333	1	6
8472	T	CCTACTT	7	8467	8473	CCTACGT	3056	3062	1	6
8472	T	CCTACTT	7	8467	8473	CTTACTT	2659	2665	1	6
8472	T	CCTACTT	7	8467	8473	CCAACTT	1627	1633	1	6
8472	T	CTACTTC	7	8468	8474	CTCCTTC	14286	14292	1	6
8472	T	CTACTTC	7	8468	8474	CTACTAC	14211	14217	1	6
8472	T	CTACTTC	7	8468	8474	CTACTCC	13503	13509	1	6
8472	T	CTACTTC	7	8468	8474	CCACTTC	13250	13256	1	6
8472	T	CTACTTC	7	8468	8474	CTACTAC	11288	11294	1	6
8472	T	CTACTTC	7	8468	8474	CTTCTTC	11119	11125	1	6
8472	T	CTACTTC	7	8468	8474	CTATTTC	9954	9960	1	6
8472	T	CTACTTC	7	8468	8474	CTGCTTC	9857	9863	1	6
8472	T	CTACTTC	7	8468	8474	GTACTTC	9746	9752	1	6
8472	T	CCTACTT	7	8467	8473	CCTACTC	8970	8976	1	6
8472	T	CCTACT	6	8467	8472	TCTACT	13502	13507	1	5
8472	T	CCTACT	6	8467	8472	ACTACT	13419	13424	1	5
8472	T	CCTACT	6	8467	8472	CCAACT	9869	9874	1	5
8472	T	CCTACT	6	8467	8472	CCTAAT	10954	10959	1	5
8472	T	CCTACT	6	8467	8472	CCTCCT	10951	10956	1	5
8472	T	CCTACT	6	8467	8472	TCTACT	10873	10878	1	5
8472	T	CCTACT	6	8467	8472	CATACT	10655	10660	1	5
8472	T	CCTACT	6	8467	8472	CCTATT	10647	10652	1	5
8472	T	CCTACT	6	8467	8472	CCTACA	10292	10297	1	5
8472	T	CCTACT	6	8467	8472	CCTACC	10280	10285	1	5
8472	T	CCTACT	6	8467	8472	ACTACT	10103	10108	1	5
8472	T	CCTACT	6	8467	8472	CTTACT	10100	10105	1	5
8472	T	CCTACT	6	8467	8472	CCTCCT	10091	10096	1	5
8472	T	CCTACT	6	8467	8472	CTTACT	9988	9993	1	5
8472	T	CCTACT	6	8467	8472	CCTACA	9731	9736	1	5
8472	T	CCTACT	6	8467	8472	CCTAAT	15838	15843	1	5
8472	T	CCTACT	6	8467	8472	CCTCCT	9728	9733	1	5
8472	T	CCTACT	6	8467	8472	CCCACT	9593	9598	1	5
8472	T	CCTACT	6	8467	8472	CATACT	9335	9340	1	5
8472	T	CCTACT	6	8467	8472	CCTAAT	9281	9286	1	5
8472	T	CCTACT	6	8467	8472	CCTCCT	9278	9283	1	5
8472	T	CCTACT	6	8467	8472	TCTACT	9117	9122	1	5
8472	T	CCTACT	6	8467	8472	CATACT	8943	8948	1	5
8472	T	CCTACT	6	8467	8472	CCAACT	8814	8819	1	5
8472	T	CCTACT	6	8467	8472	CCTACC	8574	8579	1	5
8472	T	CCTACT	6	8467	8472	CCAACT	8437	8442	1	5
8472	T	CCTACT	6	8467	8472	CATACT	8410	8415	1	5
8472	T	CCTACT	6	8467	8472	CCTACC	10975	10980	1	5
8472	T	CCTACT	6	8467	8472	CCTATT	13719	13724	1	5
8472	T	CCTACT	6	8467	8472	CCTACA	11062	11067	1	5
8472	T	CCTACT	6	8467	8472	CCTATT	11206	11211	1	5
8472	T	CCTACT	6	8467	8472	CATACT	13347	13352	1	5
8472	T	CCTACT	6	8467	8472	CCTTCT	13244	13249	1	5
8472	T	CCTACT	6	8467	8472	CCCACT	13146	13151	1	5
8472	T	CCTACT	6	8467	8472	CTTACT	13110	13115	1	5
8472	T	CCTACT	6	8467	8472	CCTCCT	12984	12989	1	5
8472	T	CCTACT	6	8467	8472	CCTCCT	12981	12986	1	5
8472	T	CCTACT	6	8467	8472	ACTACT	12972	12977	1	5
8472	T	CCTACT	6	8467	8472	CCCACT	12969	12974	1	5
8472	T	CCTACT	6	8467	8472	CCTTCT	12942	12947	1	5
8472	T	CCTACT	6	8467	8472	CCAACT	12914	12919	1	5
8472	T	CCTACT	6	8467	8472	CCTACA	12906	12911	1	5
8472	T	CCTACT	6	8467	8472	CCAACT	12750	12755	1	5
8472	T	CCTACT	6	8467	8472	CATACT	12717	12722	1	5
8472	T	CCTACT	6	8467	8472	ACTACT	12349	12354	1	5
8472	T	CCTACT	6	8467	8472	CTTACT	13654	13659	1	5
8472	T	CCTACT	6	8467	8472	CCCACT	11815	11820	1	5
8472	T	CCTACT	6	8467	8472	TCTACT	11809	11814	1	5
8472	T	CCTACT	6	8467	8472	CATACT	11619	11624	1	5
8472	T	CCTACT	6	8467	8472	CCTACG	11587	11592	1	5
8472	T	CCTACT	6	8467	8472	CCTACC	11532	11537	1	5
8472	T	CCTACT	6	8467	8472	ACTACT	11290	11295	1	5
8472	T	CCTACT	6	8467	8472	TCTACT	11287	11292	1	5
8472	T	CCTACT	6	8467	8472	CCTAGT	11218	11223	1	5
8472	T	CCTACT	6	8467	8472	CCAACT	8371	8376	1	5
8472	T	CCTACT	6	8467	8472	CCCACT	8293	8298	1	5
8472	T	CCTACT	6	8467	8472	CCTACG	7825	7830	1	5
8472	T	CCTACT	6	8467	8472	TCTACT	3753	3758	1	5
8472	T	CCTACT	6	8467	8472	GCTACT	3438	3443	1	5
8472	T	CCTACT	6	8467	8472	CCTACG	3431	3436	1	5
8472	T	CCTACT	6	8467	8472	CCTAAT	3363	3368	1	5
8472	T	CCTACT	6	8467	8472	CCTATT	2948	2953	1	5
8472	T	CCTACT	6	8467	8472	CTTACT	1699	1704	1	5
8472	T	CCTACT	6	8467	8472	CCTACG	1533	1538	1	5
8472	T	CCTACT	6	8467	8472	CCTCCT	1494	1499	1	5
8472	T	CCTACT	6	8467	8472	CCCACT	13881	13886	1	5
8472	T	CCTACT	6	8467	8472	CCTCCT	13989	13994	1	5
8472	T	CCTACT	6	8467	8472	CCTAAT	14136	14141	1	5
8472	T	CCTACT	6	8467	8472	ACTACT	14213	14218	1	5
8472	T	CCTACT	6	8467	8472	CATACT	14346	14351	1	5
8472	T	CCTACT	6	8467	8472	CCCACT	14390	14395	1	5
8472	T	CCTACT	6	8467	8472	ACTACT	14907	14912	1	5
8472	T	CCTACT	6	8467	8472	TCTACT	15069	15074	1	5
8472	T	CCTACT	6	8467	8472	GCTACT	15246	15251	1	5
8472	T	CCTACT	6	8467	8472	CTTACT	15411	15416	1	5
8472	T	CCTACT	6	8467	8472	CCTATT	15568	15573	1	5
8472	T	CCTACT	6	8467	8472	CCTACA	15576	15581	1	5
8472	T	CCTACT	6	8467	8472	CCTATT	15625	15630	1	5
8472	T	CCTACT	6	8467	8472	CCCACT	15700	15705	1	5
8472	T	CCTACT	6	8467	8472	CGTACT	15811	15816	1	5
8472	T	CCTACT	6	8467	8472	CCTAAT	15832	15837	1	5
8472	T	CCTACT	6	8467	8472	TCTACT	3555	3560	1	5
8472	T	CCTACT	6	8467	8472	CCTATT	3969	3974	1	5
8472	T	CCTACT	6	8467	8472	CCTAGT	7801	7806	1	5
8472	T	CCTACT	6	8467	8472	CCTACC	4185	4190	1	5
8472	T	CCTACT	6	8467	8472	CCTAGT	7693	7698	1	5
8472	T	CCTACT	6	8467	8472	CCTACC	7405	7410	1	5
8472	T	CCTACT	6	8467	8472	CCTAAT	7349	7354	1	5
8472	T	CCTACT	6	8467	8472	CCTATT	7097	7102	1	5
8472	T	CCTACT	6	8467	8472	CGTACT	6998	7003	1	5
8472	T	CCTACT	6	8467	8472	ACTACT	6682	6687	1	5
8472	T	CCTACT	6	8467	8472	CCTACC	6644	6649	1	5
8472	T	CCTACT	6	8467	8472	ACTACT	6527	6532	1	5
8472	T	CCTACT	6	8467	8472	CCTAAT	6467	6472	1	5
8472	T	CCTACT	6	8467	8472	CCTGCT	6236	6241	1	5
8472	T	CCTACT	6	8467	8472	CCTAAT	6155	6160	1	5
8472	T	CCTACT	6	8467	8472	CCCACT	5897	5902	1	5
8472	T	CCTACT	6	8467	8472	CCTAAT	5707	5712	1	5
8472	T	CCTACT	6	8467	8472	CTTACT	5653	5658	1	5
8472	T	CCTACT	6	8467	8472	CCCACT	5602	5607	1	5
8472	T	CCTACT	6	8467	8472	GCTACT	5471	5476	1	5
8472	T	CCTACT	6	8467	8472	CCTAAT	5354	5359	1	5
8472	T	CCTACT	6	8467	8472	CCTCCT	5210	5215	1	5
8472	T	CCTACT	6	8467	8472	ACTACT	5153	5158	1	5
8472	T	CCTACT	6	8467	8472	CATACT	5008	5013	1	5
8472	T	CCTACT	6	8467	8472	CCTTCT	4925	4930	1	5
8472	T	CCTACT	6	8467	8472	CCTTCT	4676	4681	1	5
8472	T	CCTACT	6	8467	8472	CGTACT	4463	4468	1	5
8472	T	CCTACT	6	8467	8472	CCTCCT	12094	12099	1	5
8472	T	CTTCCC	6	8471	8476	CTTCGC	9485	9490	1	5
8472	T	TTCCC	5	8472	8476	TTCCC	454	458	0	5
8472	T	TACTTC	6	8469	8474	TAATTC	9682	9687	1	5
8472	T	TACTTC	6	8469	8474	CACTTC	9170	9175	1	5
8472	T	TACTTC	6	8469	8474	TACTGC	9018	9023	1	5
8472	T	TACTTC	6	8469	8474	TACTCC	8412	8417	1	5
8472	T	TACTTC	6	8469	8474	TACTAC	8159	8164	1	5
8472	T	TACTTC	6	8469	8474	TACATC	8047	8052	1	5
8472	T	TACTTC	6	8469	8474	TACTAC	7000	7005	1	5
8472	T	TACTTC	6	8469	8474	TATTTC	6813	6818	1	5
8472	T	TACTTC	6	8469	8474	TACTAC	6681	6686	1	5
8472	T	TACTTC	6	8469	8474	TACTAC	6526	6531	1	5
8472	T	TACTTC	6	8469	8474	TACTTA	5567	5572	1	5
8472	T	TACTTC	6	8469	8474	TACTCC	5010	5015	1	5
8472	T	TACTTC	6	8469	8474	CACTTC	4803	4808	1	5
8472	T	TACTTC	6	8469	8474	TCCTTC	4675	4680	1	5
8472	T	TACTTC	6	8469	8474	TATTTC	4324	4329	1	5
8472	T	TACTTC	6	8469	8474	TACTTT	4286	4291	1	5
8472	T	TACTTC	6	8469	8474	TACTTA	4205	4210	1	5
8472	T	TACTTC	6	8469	8474	TTCTTC	3973	3978	1	5
8472	T	TACTTC	6	8469	8474	TTCTTC	9483	9488	1	5
8472	T	TACTTC	6	8469	8474	TATTTC	9877	9882	1	5
8472	T	ACTTCC	6	8470	8475	AATTCC	3288	3293	1	5
8472	T	TACTTC	6	8469	8474	AACTTC	10062	10067	1	5
8472	T	TACTTC	6	8469	8474	TACATC	14666	14671	1	5
8472	T	TACTTC	6	8469	8474	TACTCC	14441	14446	1	5
8472	T	TACTTC	6	8469	8474	TTCTTC	14107	14112	1	5
8472	T	TACTTC	6	8469	8474	TATTTC	13897	13902	1	5
8472	T	TACTTC	6	8469	8474	GACTTC	13826	13831	1	5
8472	T	TACTTC	6	8469	8474	TTCTTC	13616	13621	1	5
8472	T	TACTTC	6	8469	8474	TAATTC	13613	13618	1	5
8472	T	TACTTC	6	8469	8474	CACTTC	13440	13445	1	5
8472	T	TACTTC	6	8469	8474	TACCTC	13433	13438	1	5
8472	T	TACTTC	6	8469	8474	TCCTTC	12787	12792	1	5
8472	T	TACTTC	6	8469	8474	TTCTTC	12685	12690	1	5
8472	T	TACTTC	6	8469	8474	GACTTC	11835	11840	1	5
8472	T	TACTTC	6	8469	8474	GACTTC	11799	11804	1	5
8472	T	TACTTC	6	8469	8474	TACCTC	11379	11384	1	5
8472	T	TACTTC	6	8469	8474	CACTTC	10513	10518	1	5
8472	T	TACTTC	6	8469	8474	TTCTTC	10221	10226	1	5
8472	T	TACTTC	6	8469	8474	TACTAC	10102	10107	1	5
8472	T	TACTTC	6	8469	8474	TACTCC	3827	3832	1	5
8472	T	TACTTC	6	8469	8474	GACTTC	2860	2865	1	5
8472	T	TACTTC	6	8469	8474	TACTTT	2661	2666	1	5
8472	T	TACTTC	6	8469	8474	TAGTTC	2038	2043	1	5
8472	T	ACTTCC	6	8470	8475	ACTTCT	10514	10519	1	5
8472	T	ACTTCC	6	8470	8475	ACTACC	10127	10132	1	5
8472	T	ACTTCC	6	8470	8475	GCTTCC	9811	9816	1	5
8472	T	ACTTCC	6	8470	8475	ATTTCC	9768	9773	1	5
8472	T	ACTTCC	6	8470	8475	ACATCC	9606	9611	1	5
8472	T	ACTTCC	6	8470	8475	ACCTCC	9288	9293	1	5
8472	T	ACTTCC	6	8470	8475	ACTTCT	9171	9176	1	5
8472	T	ACTTCC	6	8470	8475	ACTTCT	8906	8911	1	5
8472	T	ACTTCC	6	8470	8475	ACCTCC	8623	8628	1	5
8472	T	ACTTCC	6	8470	8475	ACTACC	8460	8465	1	5
8472	T	ACTTCC	6	8470	8475	ACTTTC	8132	8137	1	5
8472	T	ACTTCC	6	8470	8475	ACATCC	7255	7260	1	5
8472	T	ACTTCC	6	8470	8475	ACTTTC	7189	7194	1	5
8472	T	ACTTCC	6	8470	8475	ACCTCC	6819	6824	1	5
8472	T	ACTTCC	6	8470	8475	GCTTCC	6745	6750	1	5
8472	T	ACTTCC	6	8470	8475	ACATCC	4842	4847	1	5
8472	T	ACTTCC	6	8470	8475	ACTTCT	4804	4809	1	5
8472	T	ACTTCC	6	8470	8475	ACTACC	10964	10969	1	5
8472	T	ACTTCC	6	8470	8475	ACTCCC	11404	11409	1	5
8472	T	ACTTCC	6	8470	8475	CCTTCC	11538	11543	1	5
8472	T	ACTTCC	6	8470	8475	GCTTCC	14305	14310	1	5
8472	T	TACTTC	6	8469	8474	TGCTTC	1180	1185	1	5
8472	T	TACTTC	6	8469	8474	TACTAC	471	476	1	5
8472	T	ACTTCC	6	8470	8475	TCTTCC	15447	15452	1	5
8472	T	ACTTCC	6	8470	8475	CCTTCC	15402	15407	1	5
8472	T	ACTTCC	6	8470	8475	ACTTCA	15291	15296	1	5
8472	T	ACTTCC	6	8470	8475	TCTTCC	15027	15032	1	5
8472	T	ACTTCC	6	8470	8475	ACTTCG	14841	14846	1	5
8472	T	ACTTCC	6	8470	8475	ACTACC	13850	13855	1	5
8472	T	ACTTCC	6	8470	8475	ACTTCA	11800	11805	1	5
8472	T	ACTTCC	6	8470	8475	ACTTCT	13827	13832	1	5
8472	T	ACTTCC	6	8470	8475	CCTTCC	13766	13771	1	5
8472	T	ACTTCC	6	8470	8475	ACTTCA	13441	13446	1	5
8472	T	ACTTCC	6	8470	8475	ACTTCA	13252	13257	1	5
8472	T	ACTTCC	6	8470	8475	GCTTCC	13121	13126	1	5
8472	T	ACTTCC	6	8470	8475	TCTTCC	12704	12709	1	5
8472	T	ACTTCC	6	8470	8475	ACTTCT	11836	11841	1	5
8472	T	TACTTC	6	8469	8474	TATTTC	14725	14730	1	5
8472	T	TACTTC	6	8469	8474	AACTTC	14840	14845	1	5
8472	T	TACTTC	6	8469	8474	CACTTC	15290	15295	1	5
8472	T	CTACTT	6	8468	8473	CTAGTT	10030	10035	1	5
8472	T	CTACTT	6	8468	8473	CTACTC	12697	12702	1	5
8472	T	CTACTT	6	8468	8473	CTACTA	12350	12355	1	5
8472	T	CTACTT	6	8468	8473	CAACTT	12264	12269	1	5
8472	T	CTACTT	6	8468	8473	CTACAT	11983	11988	1	5
8472	T	CTACTT	6	8468	8473	GTACTT	11447	11452	1	5
8472	T	CTACTT	6	8468	8473	CCACTT	11395	11400	1	5
8472	T	CTACTT	6	8468	8473	CTACTC	11291	11296	1	5
8472	T	CTACTT	6	8468	8473	CTAATT	11249	11254	1	5
8472	T	CTACTT	6	8468	8473	CTCCTT	11071	11076	1	5
8472	T	CTACTT	6	8468	8473	CCACTT	11005	11010	1	5
8472	T	CTACTT	6	8468	8473	CTACCT	10965	10970	1	5
8472	T	CTACTT	6	8468	8473	CTATTT	10877	10882	1	5
8472	T	CTACTT	6	8468	8473	CTACTA	10874	10879	1	5
8472	T	CTACTT	6	8468	8473	CTACGT	10733	10738	1	5
8472	T	CTACTT	6	8468	8473	CTACTC	10600	10605	1	5
8472	T	CTACTT	6	8468	8473	CTTCTT	10223	10228	1	5
8472	T	CTACTT	6	8468	8473	CTACAT	10145	10150	1	5
8472	T	CTACTT	6	8468	8473	CTACTA	12973	12978	1	5
8472	T	CTACTT	6	8468	8473	CTTCTT	13107	13112	1	5
8472	T	CTACTT	6	8468	8473	CTATTT	13351	13356	1	5
8472	T	CTACTT	6	8468	8473	CTAATT	16004	16009	1	5
8472	T	CCTACT	6	8467	8472	ACTACT	472	477	1	5
8472	T	CCTACT	6	8467	8472	CATACT	469	474	1	5
8472	T	CCTACT	6	8467	8472	CCCACT	461	466	1	5
8472	T	CCTACT	6	8467	8472	CCAACT	437	442	1	5
8472	T	CCTACT	6	8467	8472	CCTATT	150	155	1	5
8472	T	CCTACT	6	8467	8472	CCTATT	18	23	1	5
8472	T	CTACTT	6	8468	8473	ATACTT	16139	16144	1	5
8472	T	CTACTT	6	8468	8473	CTCCTT	15457	15462	1	5
8472	T	CTACTT	6	8468	8473	CTACTC	13420	13425	1	5
8472	T	CTACTT	6	8468	8473	CTACTC	15247	15252	1	5
8472	T	CTACTT	6	8468	8473	CTACTC	15070	15075	1	5
8472	T	CTACTT	6	8468	8473	CTACTC	14908	14913	1	5
8472	T	CTACTT	6	8468	8473	CTCCTT	14852	14857	1	5
8472	T	CTACTT	6	8468	8473	CTACTA	14214	14219	1	5
8472	T	CTACTT	6	8468	8473	CTACCT	13851	13856	1	5
8472	T	CTACTT	6	8468	8473	CTACCT	13788	13793	1	5
8472	T	CTACTT	6	8468	8473	CTACTA	10104	10109	1	5
8472	T	CTACTT	6	8468	8473	CTATTT	9719	9724	1	5
8472	T	TACTTC	6	8469	8474	TACTAC	15413	15418	1	5
8472	T	CTACTT	6	8468	8473	CTGCTT	9693	9698	1	5
8472	T	CTACTT	6	8468	8473	CTCCTT	3780	3785	1	5
8472	T	CTACTT	6	8468	8473	CTACTA	3754	3759	1	5
8472	T	CTACTT	6	8468	8473	CTACTA	3556	3561	1	5
8472	T	CTACTT	6	8468	8473	CTTCTT	3295	3300	1	5
8472	T	CTACTT	6	8468	8473	CAACTT	3189	3194	1	5
8472	T	CTACTT	6	8468	8473	CTACNT	3103	3108	1	5
8472	T	CTACTT	6	8468	8473	CTACTA	2881	2886	1	5
8472	T	CTACTT	6	8468	8473	CTACCT	2221	2226	1	5
8472	T	CTACTT	6	8468	8473	CAACTT	2043	2048	1	5
8472	T	CTACTT	6	8468	8473	CTACCT	1919	1924	1	5
8472	T	CTACTT	6	8468	8473	CAACTT	1649	1654	1	5
8472	T	CTACTT	6	8468	8473	CTACAT	1363	1368	1	5
8472	T	CTACTT	6	8468	8473	CTACTA	473	478	1	5
8472	T	CTACTT	6	8468	8473	CCACTT	261	266	1	5
8472	T	TACTTC	6	8469	8474	TACTTG	16140	16145	1	5
8472	T	TACTTC	6	8469	8474	TATTTC	16090	16095	1	5
8472	T	TACTTC	6	8469	8474	TATTTC	15693	15698	1	5
8472	T	CTACTT	6	8468	8473	TTACTT	4204	4209	1	5
8472	T	CTACTT	6	8468	8473	TTACTT	4285	4290	1	5
8472	T	CTACTT	6	8468	8473	CTAATT	4467	4472	1	5
8472	T	CTACTT	6	8468	8473	CTACGT	7016	7021	1	5
8472	T	CTACTT	6	8468	8473	CTACCT	9186	9191	1	5
8472	T	CTACTT	6	8468	8473	CTACTG	9118	9123	1	5
8472	T	CTACTT	6	8468	8473	CTAGTT	8947	8952	1	5
8472	T	CTACTT	6	8468	8473	CTTCTT	8907	8912	1	5
8472	T	CTACTT	6	8468	8473	CTCCTT	8414	8419	1	5
8472	T	CTACTT	6	8468	8473	CCACTT	8130	8135	1	5
8472	T	CTACTT	6	8468	8473	CTCCTT	7988	7993	1	5
8472	T	CTACTT	6	8468	8473	CTACTA	6528	6533	1	5
8472	T	CTACTT	6	8468	8473	CTACTC	4496	4501	1	5
8472	T	CTACTT	6	8468	8473	CTCCTT	6347	6352	1	5
8472	T	CTACTT	6	8468	8473	CCACTT	5632	5637	1	5
8472	T	CTACTT	6	8468	8473	ATACTT	5566	5571	1	5
8472	T	CTACTT	6	8468	8473	CTACCT	5345	5350	1	5
8472	T	CTACTT	6	8468	8473	CTACTA	5154	5159	1	5
8472	T	CTACTT	6	8468	8473	CAACTT	5126	5131	1	5
8472	T	CTACTT	6	8468	8473	CTATTT	5086	5091	1	5
8472	T	ACTTCC	6	8470	8475	TCTTCC	4028	4033	1	5
8472	T	ACTTCC	6	8470	8475	AATTCC	3112	3117	1	5
8472	T	TTCCC	5	8472	8476	TTCCC	6184	6188	0	5
8472	T	TTCCCT	6	8472	8477	TTCCCC	8226	8231	1	5
8472	T	TTCCCT	6	8472	8477	TTTCCT	7711	7716	1	5
8472	T	TTCCCT	6	8472	8477	TGCCCT	7705	7710	1	5
8472	T	TTCCCT	6	8472	8477	TTCCTT	7679	7684	1	5
8472	T	TTCCCT	6	8472	8477	TTTCCT	7678	7683	1	5
8472	T	TTCCCT	6	8472	8477	TTCTCT	7283	7288	1	5
8472	T	TTCCCT	6	8472	8477	TTCACT	7143	7148	1	5
8472	T	TTCCCT	6	8472	8477	TCCCCT	7094	7099	1	5
8472	T	TTCCCT	6	8472	8477	TTCCCC	7093	7098	1	5
8472	T	TTCCCT	6	8472	8477	TTCACT	7084	7089	1	5
8472	T	TTCCCT	6	8472	8477	TTCCCC	6184	6189	1	5
8472	T	TTCCCT	6	8472	8477	TCCCCT	6152	6157	1	5
8472	T	TTCCCT	6	8472	8477	TTCTCT	5925	5930	1	5
8472	T	TTCCCT	6	8472	8477	CTCCCT	5216	5221	1	5
8472	T	TTCCCT	6	8472	8477	TTCACT	4801	4806	1	5
8472	T	TTCCCT	6	8472	8477	TTACCT	4552	4557	1	5
8472	T	TTCCCT	6	8472	8477	TCCCCT	4475	4480	1	5
8472	T	TTCCCT	6	8472	8477	TACCCT	4454	4459	1	5
8472	T	TTCCCT	6	8472	8477	TTCCCG	8109	8114	1	5
8472	T	TTCCCT	6	8472	8477	TCCCCT	8227	8232	1	5
8472	T	ACTTCC	6	8470	8475	ACCTCC	2838	2843	1	5
8472	T	TTCCCT	6	8472	8477	TACCCT	8260	8265	1	5
8472	T	TTCCCT	6	8472	8477	TTCACT	15288	15293	1	5
8472	T	TTCCCT	6	8472	8477	TTACCT	15282	15287	1	5
8472	T	TTCCCT	6	8472	8477	TTCTCT	15066	15071	1	5
8472	T	TTCCCT	6	8472	8477	TTACCT	14020	14025	1	5
8472	T	TTCCCT	6	8472	8477	TCCCCT	13946	13951	1	5
8472	T	TTCCCT	6	8472	8477	CTCCCT	12564	12569	1	5
8472	T	TTCCCT	6	8472	8477	ATCCCT	11551	11556	1	5
8472	T	TTCCCT	6	8472	8477	CTCCCT	11405	11410	1	5
8472	T	TTCCCT	6	8472	8477	CTCCCT	11227	11232	1	5
8472	T	TTCCCT	6	8472	8477	CTCCCT	11059	11064	1	5
8472	T	TTCCCT	6	8472	8477	TTACCT	10237	10242	1	5
8472	T	TTCCCT	6	8472	8477	TTCACT	9880	9885	1	5
8472	T	TTCCCT	6	8472	8477	TCCCCT	9581	9586	1	5
8472	T	TTCCCT	6	8472	8477	TTCACT	9310	9315	1	5
8472	T	TTCCCT	6	8472	8477	TGCCCT	8895	8900	1	5
8472	T	TTCCCT	6	8472	8477	TCCCCT	8843	8848	1	5
8472	T	TTCCCT	6	8472	8477	TTCGCT	8542	8547	1	5
8472	T	TTCCCT	6	8472	8477	TACCCT	2925	2930	1	5
8472	T	TTCCCT	6	8472	8477	TTCCTT	2609	2614	1	5
8472	T	TTCCCT	6	8472	8477	TCCCCT	2075	2080	1	5
8472	T	TTCCCT	6	8472	8477	TTCCCC	454	459	1	5
8472	T	ACTTC	5	8470	8474	ACTTC	15291	15295	0	5
8472	T	ACTTC	5	8470	8474	ACTTC	14841	14845	0	5
8472	T	ACTTC	5	8470	8474	ACTTC	13827	13831	0	5
8472	T	ACTTC	5	8470	8474	ACTTC	13441	13445	0	5
8472	T	ACTTC	5	8470	8474	ACTTC	11836	11840	0	5
8472	T	ACTTC	5	8470	8474	ACTTC	11800	11804	0	5
8472	T	ACTTC	5	8470	8474	ACTTC	10514	10518	0	5
8472	T	ACTTC	5	8470	8474	ACTTC	9171	9175	0	5
8472	T	ACTTC	5	8470	8474	ACTTC	4804	4808	0	5
8472	T	CTTCC	5	8471	8475	CTTCC	15403	15407	0	5
8472	T	CTTCC	5	8471	8475	CTTCC	13767	13771	0	5
8472	T	CTTCC	5	8471	8475	CTTCC	13122	13126	0	5
8472	T	CTTCC	5	8471	8475	CTTCC	12705	12709	0	5
8472	T	CTTCC	5	8471	8475	CTTCC	9812	9816	0	5
8472	T	CTTCC	5	8471	8475	CTTCC	6746	6750	0	5
8472	T	CTTCC	5	8471	8475	CTTCC	4029	4033	0	5
8472	T	TTCCC	5	8472	8476	TTCCC	16544	16548	0	5
8472	T	TACTT	5	8469	8473	TACTT	4205	4209	0	5
8472	T	TACTT	5	8469	8473	TACTT	4286	4290	0	5
8472	T	TACTT	5	8469	8473	TACTT	5567	5571	0	5
8472	T	CTACT	5	8468	8472	CTACT	11291	11295	0	5
8472	T	CTACT	5	8468	8472	CTACT	15247	15251	0	5
8472	T	CTACT	5	8468	8472	CTACT	15070	15074	0	5
8472	T	CTACT	5	8468	8472	CTACT	14908	14912	0	5
8472	T	CTACT	5	8468	8472	CTACT	14214	14218	0	5
8472	T	CTACT	5	8468	8472	CTACT	13420	13424	0	5
8472	T	CTACT	5	8468	8472	CTACT	12973	12977	0	5
8472	T	CTACT	5	8468	8472	CTACT	12350	12354	0	5
8472	T	CTACT	5	8468	8472	CTACT	10874	10878	0	5
8472	T	TACTT	5	8469	8473	TACTT	16140	16144	0	5
8472	T	CTACT	5	8468	8472	CTACT	10104	10108	0	5
8472	T	CTACT	5	8468	8472	CTACT	9118	9122	0	5
8472	T	CTACT	5	8468	8472	CTACT	6528	6532	0	5
8472	T	CTACT	5	8468	8472	CTACT	5154	5158	0	5
8472	T	CTACT	5	8468	8472	CTACT	3754	3758	0	5
8472	T	CTACT	5	8468	8472	CTACT	3556	3560	0	5
8472	T	CTACT	5	8468	8472	CTACT	473	477	0	5
8472	T	TTCCCT	6	8472	8477	TGCCCT	15300	15305	1	5
8472	T	TTCCCT	6	8472	8477	TACCCT	15514	15519	1	5
8472	T	TTCCCT	6	8472	8477	TTTCCT	15565	15570	1	5
8472	T	CTTCCC	6	8471	8476	CATCCC	8841	8846	1	5
8472	T	CTTCCC	6	8471	8476	CTGCCC	13978	13983	1	5
8472	T	CTTCCC	6	8471	8476	CTTCCA	13767	13772	1	5
8472	T	CTTCCC	6	8471	8476	CATCCC	13760	13765	1	5
8472	T	CTTCCC	6	8471	8476	CTTCTC	13618	13623	1	5
8472	T	CTTCCC	6	8471	8476	CTTCTC	13245	13250	1	5
8472	T	CTTCCC	6	8471	8476	CTTCCA	13122	13127	1	5
8472	T	CTTCCC	6	8471	8476	CTTCCT	12705	12710	1	5
8472	T	CTTCCC	6	8471	8476	CTTACC	12394	12399	1	5
8472	T	CTTCCC	6	8471	8476	CTTACC	11863	11868	1	5
8472	T	CTTCCC	6	8471	8476	CTTCAC	11683	11688	1	5
8472	T	CTTCCC	6	8471	8476	CTACCC	11533	11538	1	5
8472	T	CTTCCC	6	8471	8476	CTACCC	10976	10981	1	5
8472	T	CTTCCC	6	8471	8476	GTTCCC	10914	10919	1	5
8472	T	CTTCCC	6	8471	8476	CGTCCC	10774	10779	1	5
8472	T	CTTCCC	6	8471	8476	CTTCCA	9812	9817	1	5
8472	T	CCTACT	6	8467	8472	GCTACT	16438	16443	1	5
8472	T	CTTCCC	6	8471	8476	CTTCAC	9102	9107	1	5
8472	T	CTTCCC	6	8471	8476	CCTCCC	14262	14267	1	5
8472	T	CTTCCC	6	8471	8476	ATTCCC	14486	14491	1	5
8472	T	CTTCCC	6	8471	8476	CTCCCC	14807	14812	1	5
8472	T	CTTCCC	6	8471	8476	CTACCC	16287	16292	1	5
8472	T	ACTTCC	6	8470	8475	ACTACC	2784	2789	1	5
8472	T	ACTTCC	6	8470	8475	ACTTAC	1630	1635	1	5
8472	T	ACTTCC	6	8470	8475	ACTCCC	464	469	1	5
8472	T	ACTTCC	6	8470	8475	ATTTCC	291	296	1	5
8472	T	CTTCCC	6	8471	8476	GTTCCC	16543	16548	1	5
8472	T	CTTCCC	6	8471	8476	CGTCCC	16360	16365	1	5
8472	T	CTTCCC	6	8471	8476	CTTCTC	16355	16360	1	5
8472	T	CTTCCC	6	8471	8476	CTCCCC	16188	16193	1	5
8472	T	CTTCCC	6	8471	8476	CCTCCC	15142	15147	1	5
8472	T	CTTCCC	6	8471	8476	CCTCCC	16187	16192	1	5
8472	T	CTTCCC	6	8471	8476	CTTGCC	15620	15625	1	5
8472	T	CTTCCC	6	8471	8476	CTCCCC	15540	15545	1	5
8472	T	CTTCCC	6	8471	8476	CCTCCC	15539	15544	1	5
8472	T	CTTCCC	6	8471	8476	CTTCCA	15403	15408	1	5
8472	T	CTTCCC	6	8471	8476	CTTGCC	15298	15303	1	5
8472	T	CTTCCC	6	8471	8476	CATCCC	15202	15207	1	5
8472	T	CTTCCC	6	8471	8476	CTTACC	8910	8915	1	5
8472	T	CTTCCC	6	8471	8476	CTACCC	8575	8580	1	5
8472	T	TTCCCT	6	8472	8477	TGCCCT	15622	15627	1	5
8472	T	CTTCCC	6	8471	8476	CTACCC	8278	8283	1	5
8472	T	CTTCCC	6	8471	8476	CTGCCC	2684	2689	1	5
8472	T	CTTCCC	6	8471	8476	CTGCCC	2544	2549	1	5
8472	T	CTTCCC	6	8471	8476	CTTACC	2484	2489	1	5
8472	T	CTTCCC	6	8471	8476	CTACCC	1372	1377	1	5
8472	T	CTTCCC	6	8471	8476	CTCCCC	960	965	1	5
8472	T	CTTCCC	6	8471	8476	CCTCCC	959	964	1	5
8472	T	CTTCCC	6	8471	8476	CATCCC	702	707	1	5
8472	T	CTTCCC	6	8471	8476	CTACCC	506	511	1	5
8472	T	CTTCCC	6	8471	8476	CCTCCC	458	463	1	5
8472	T	CTTCCC	6	8471	8476	TTTCCC	453	458	1	5
8472	T	CTTCCC	6	8471	8476	CTCCCC	309	314	1	5
8472	T	CTTCCC	6	8471	8476	CCTCCC	308	313	1	5
8472	T	TTCCCT	6	8472	8477	TCCCCT	16545	16550	1	5
8472	T	TTCCCT	6	8472	8477	TTCCCC	16544	16549	1	5
8472	T	TTCCCT	6	8472	8477	GTCCCT	16391	16396	1	5
8472	T	TTCCCT	6	8472	8477	ATCCCT	16351	16356	1	5
8472	T	TTCCCT	6	8472	8477	TTCTCT	16017	16022	1	5
8472	T	CTTCCC	6	8471	8476	CTTACC	3370	3375	1	5
8472	T	CTTCCC	6	8471	8476	CTTCAC	3471	3476	1	5
8472	T	CTTCCC	6	8471	8476	CCTCCC	3570	3575	1	5
8472	T	CTTCCC	6	8471	8476	CCTCCC	5444	5449	1	5
8472	T	CTTCCC	6	8471	8476	CCTCCC	7816	7821	1	5
8472	T	CTTCCC	6	8471	8476	CTGCCC	7787	7792	1	5
8472	T	CTTCCC	6	8471	8476	CTTCCT	7690	7695	1	5
8472	T	CTTCCC	6	8471	8476	CTTCCT	6746	6751	1	5
8472	T	CTTCCC	6	8471	8476	CTTCTC	6344	6349	1	5
8472	T	CTTCCC	6	8471	8476	TTTCCC	6183	6188	1	5
8472	T	CTTCCC	6	8471	8476	CTTACC	5463	5468	1	5
8472	T	CTTCCC	6	8471	8476	CATCCC	5300	5305	1	5
8472	T	CTTCCC	6	8471	8476	CTCCCC	3571	3576	1	5
8472	T	CTTCCC	6	8471	8476	CTGCCC	5229	5234	1	5
8472	T	CTTCCC	6	8471	8476	CTTCTC	4926	4931	1	5
8472	T	CTTCCC	6	8471	8476	CTTCTC	4857	4862	1	5
8472	T	CTTCCC	6	8471	8476	ATTCCC	4246	4251	1	5
8472	T	CTTCCC	6	8471	8476	CTTCCT	4029	4034	1	5
8472	T	CTTCCC	6	8471	8476	CTTCGC	3963	3968	1	5
8472	T	CTTCCC	6	8471	8476	CTTGCC	3904	3909	1	5
8472	T	CCTACT	6	8467	8472	CCTTCT	16354	16359	1	5
8472	T	CCTACT	6	8467	8472	CCTACC	505	510	1	5
8472	T	CCTACT	6	8467	8472	CCCACT	1084	1089	1	5
8472	T	CTACT	5	8468	8472	ATACT	7740	7744	1	4
8472	T	CTACT	5	8468	8472	CTATT	5922	5926	1	4
8472	T	CTACT	5	8468	8472	CTAAT	7737	7741	1	4
8472	T	CTACT	5	8468	8472	CTACA	7610	7614	1	4
8472	T	CTACT	5	8468	8472	TTACT	7220	7224	1	4
8472	T	CTACT	5	8468	8472	CTACA	7109	7113	1	4
8472	T	CTACT	5	8468	8472	CCACT	7034	7038	1	4
8472	T	CTACT	5	8468	8472	CTACA	7002	7006	1	4
8472	T	CTACT	5	8468	8472	CTGCT	6907	6911	1	4
8472	T	CTACT	5	8468	8472	CTCCT	6368	6372	1	4
8472	T	CTACT	5	8468	8472	ATACT	6525	6529	1	4
8472	T	CTACT	5	8468	8472	CTGCT	6511	6515	1	4
8472	T	CTACT	5	8468	8472	CTCCT	6489	6493	1	4
8472	T	CTACT	5	8468	8472	CTACA	5929	5933	1	4
8472	T	CTACT	5	8468	8472	CTGCT	6247	6251	1	4
8472	T	CTACT	5	8468	8472	CTCCT	6234	6238	1	4
8472	T	CTACT	5	8468	8472	CAACT	6140	6144	1	4
8472	T	CTACT	5	8468	8472	CTACG	7921	7925	1	4
8472	T	CTACT	5	8468	8472	CTACA	6062	6066	1	4
8472	T	CTACT	5	8468	8472	GTACT	7897	7901	1	4
8472	T	CTACT	5	8468	8472	GTACT	8587	8591	1	4
8472	T	CTACT	5	8468	8472	CTAAT	7931	7935	1	4
8472	T	CTACT	5	8468	8472	CAACT	7939	7943	1	4
8472	T	CTACT	5	8468	8472	TTACT	9017	9021	1	4
8472	T	CTACT	5	8468	8472	CTAGT	9175	9179	1	4
8472	T	CTACT	5	8468	8472	CAACT	5614	5618	1	4
8472	T	CTACT	5	8468	8472	CTCCT	8785	8789	1	4
8472	T	CTACT	5	8468	8472	CAACT	8768	8772	1	4
8472	T	CTACT	5	8468	8472	CTAGT	8740	8744	1	4
8472	T	CTACT	5	8468	8472	ATACT	8737	8741	1	4
8472	T	CTACT	5	8468	8472	CTAAT	8671	8675	1	4
8472	T	CTACT	5	8468	8472	CTAAT	8650	8654	1	4
8472	T	CTACT	5	8468	8472	CTATT	8611	8615	1	4
8472	T	CTACT	5	8468	8472	CTATT	8423	8427	1	4
8472	T	CTACT	5	8468	8472	ATACT	8379	8383	1	4
8472	T	CTACT	5	8468	8472	CTACG	8161	8165	1	4
8472	T	CTACT	5	8468	8472	ATACT	8158	8162	1	4
8472	T	CTACT	5	8468	8472	CTACA	8142	8146	1	4
8472	T	CTACT	5	8468	8472	GTACT	8012	8016	1	4
8472	T	CTACT	5	8468	8472	CGACT	7985	7989	1	4
8472	T	CTACT	5	8468	8472	CAACT	5713	5717	1	4
8472	T	CTACT	5	8468	8472	CTAAT	3346	3350	1	4
8472	T	CTACT	5	8468	8472	CTAAT	5499	5503	1	4
8472	T	CTACT	5	8468	8472	CTACG	3403	3407	1	4
8472	T	CTACT	5	8468	8472	CTATT	3023	3027	1	4
8472	T	CTACT	5	8468	8472	ATACT	2886	2890	1	4
8472	T	CTACT	5	8468	8472	CTACA	2386	2390	1	4
8472	T	CTACT	5	8468	8472	CTCCT	2326	2330	1	4
8472	T	CTACT	5	8468	8472	CTAAT	2295	2299	1	4
8472	T	CTACT	5	8468	8472	CTCCT	2252	2256	1	4
8472	T	CTACT	5	8468	8472	GTACT	1576	1580	1	4
8472	T	CTACT	5	8468	8472	CTACG	1385	1389	1	4
8472	T	CTACT	5	8468	8472	CTACA	1290	1294	1	4
8472	T	CTACT	5	8468	8472	CTACG	1143	1147	1	4
8472	T	CTACT	5	8468	8472	CTGCT	1128	1132	1	4
8472	T	CTACT	5	8468	8472	CTACG	1020	1024	1	4
8472	T	CTACT	5	8468	8472	ATACT	860	864	1	4
8472	T	CTACT	5	8468	8472	CTATT	670	674	1	4
8472	T	CTACT	5	8468	8472	CTGCT	527	531	1	4
8472	T	CTACT	5	8468	8472	CTAAT	476	480	1	4
8472	T	CTACT	5	8468	8472	CTCCT	9330	9334	1	4
8472	T	CTACT	5	8468	8472	CAACT	3400	3404	1	4
8472	T	CTACT	5	8468	8472	TTACT	3645	3649	1	4
8472	T	CTACT	5	8468	8472	ATACT	5496	5500	1	4
8472	T	CTACT	5	8468	8472	CTACG	3684	3688	1	4
8472	T	CTACT	5	8468	8472	CTCCT	5475	5479	1	4
8472	T	CTACT	5	8468	8472	CTCCT	5012	5016	1	4
8472	T	CTACT	5	8468	8472	CTACG	4992	4996	1	4
8472	T	CTACT	5	8468	8472	CTCCT	4929	4933	1	4
8472	T	CTACT	5	8468	8472	ATACT	4745	4749	1	4
8472	T	CTACT	5	8468	8472	ATACT	4732	4736	1	4
8472	T	CTACT	5	8468	8472	ATACT	4704	4708	1	4
8472	T	CTACT	5	8468	8472	CTAAT	4680	4684	1	4
8472	T	CTACT	5	8468	8472	CCACT	4189	4193	1	4
8472	T	CTACT	5	8468	8472	CTACA	4068	4072	1	4
8472	T	CTACT	5	8468	8472	CTACA	4022	4026	1	4
8472	T	CTACT	5	8468	8472	CCACT	4019	4023	1	4
8472	T	CTACT	5	8468	8472	CTAGT	3925	3929	1	4
8472	T	CTACT	5	8468	8472	CTCCT	3829	3833	1	4
8472	T	CTACT	5	8468	8472	TTACT	3826	3830	1	4
8472	T	CTACT	5	8468	8472	CTAAT	3769	3773	1	4
8472	T	CTACT	5	8468	8472	TTACT	3766	3770	1	4
8472	T	CTACT	5	8468	8472	CCACT	9317	9321	1	4
8472	T	ACTTC	5	8470	8474	TCTTC	9101	9105	1	4
8472	T	CTACT	5	8468	8472	CCACT	9512	9516	1	4
8472	T	CTACT	5	8468	8472	CTATT	13565	13569	1	4
8472	T	CTACT	5	8468	8472	ATACT	14440	14444	1	4
8472	T	CTACT	5	8468	8472	CTATT	14315	14319	1	4
8472	T	CTACT	5	8468	8472	CTAAT	14217	14221	1	4
8472	T	CTACT	5	8468	8472	CTCCT	14134	14138	1	4
8472	T	CTACT	5	8468	8472	CTATT	14017	14021	1	4
8472	T	CTACT	5	8468	8472	CAACT	13848	13852	1	4
8472	T	CTACT	5	8468	8472	TTACT	13739	13743	1	4
8472	T	CTACT	5	8468	8472	TTACT	13568	13572	1	4
8472	T	CTACT	5	8468	8472	CAACT	13261	13265	1	4
8472	T	CTACT	5	8468	8472	CTCCT	9597	9601	1	4
8472	T	CTACT	5	8468	8472	CCACT	13187	13191	1	4
8472	T	CTACT	5	8468	8472	CTAAT	13150	13154	1	4
8472	T	CTACT	5	8468	8472	CTAAT	12953	12957	1	4
8472	T	CTACT	5	8468	8472	CTAAT	12721	12725	1	4
8472	T	CTACT	5	8468	8472	CAACT	12319	12323	1	4
8472	T	CTACT	5	8468	8472	CTGCT	12224	12228	1	4
8472	T	CTACT	5	8468	8472	CTCCT	12092	12096	1	4
8472	T	CTACT	5	8468	8472	ATACT	11974	11978	1	4
8472	T	CTACT	5	8468	8472	CTCCT	14443	14447	1	4
8472	T	CTACT	5	8468	8472	CTATT	14511	14515	1	4
8472	T	CTACT	5	8468	8472	ATACT	14580	14584	1	4
8472	T	CTACT	5	8468	8472	TTACT	14634	14638	1	4
8472	T	TACTT	5	8469	8473	CACTT	16465	16469	1	4
8472	T	CTACT	5	8468	8472	CAACT	16239	16243	1	4
8472	T	CTACT	5	8468	8472	CAACT	16225	16229	1	4
8472	T	CTACT	5	8468	8472	TTACT	16101	16105	1	4
8472	T	CTACT	5	8468	8472	CTATT	16014	16018	1	4
8472	T	CTACT	5	8468	8472	CTAAT	15904	15908	1	4
8472	T	CTACT	5	8468	8472	ATACT	15872	15876	1	4
8472	T	CTACT	5	8468	8472	CTCCT	15725	15729	1	4
8472	T	CTACT	5	8468	8472	TTACT	15629	15633	1	4
8472	T	CTACT	5	8468	8472	CTATT	15476	15480	1	4
8472	T	CTACT	5	8468	8472	CTACA	15415	15419	1	4
8472	T	CTACT	5	8468	8472	CAACT	15111	15115	1	4
8472	T	CTACT	5	8468	8472	CTATT	14891	14895	1	4
8472	T	CTACT	5	8468	8472	CCACT	14791	14795	1	4
8472	T	CTACT	5	8468	8472	CTACA	14733	14737	1	4
8472	T	CTACT	5	8468	8472	CAACT	14730	14734	1	4
8472	T	CTACT	5	8468	8472	CTACA	14688	14692	1	4
8472	T	CTACT	5	8468	8472	CTAGT	11960	11964	1	4
8472	T	CTACT	5	8468	8472	CTCCT	11917	11921	1	4
8472	T	CTACT	5	8468	8472	CTAGT	11903	11907	1	4
8472	T	CTACT	5	8468	8472	ATACT	10578	10582	1	4
8472	T	CTACT	5	8468	8472	ATACT	10524	10528	1	4
8472	T	CTACT	5	8468	8472	ATACT	10494	10498	1	4
8472	T	CTACT	5	8468	8472	CGACT	10436	10440	1	4
8472	T	CTACT	5	8468	8472	CTACA	10377	10381	1	4
8472	T	CTACT	5	8468	8472	CTAAT	10314	10318	1	4
8472	T	CTACT	5	8468	8472	CCACT	10311	10315	1	4
8472	T	CTACT	5	8468	8472	CAACT	10300	10304	1	4
8472	T	CTACT	5	8468	8472	CTATT	10234	10238	1	4
8472	T	CTACT	5	8468	8472	CAACT	10134	10138	1	4
8472	T	CTACT	5	8468	8472	CTAAT	10107	10111	1	4
8472	T	CTACT	5	8468	8472	CTATT	9974	9978	1	4
8472	T	CTACT	5	8468	8472	ATACT	9926	9930	1	4
8472	T	CTACT	5	8468	8472	CTAAT	9873	9877	1	4
8472	T	CTACT	5	8468	8472	CTACG	9782	9786	1	4
8472	T	CTACT	5	8468	8472	TTACT	9708	9712	1	4
8472	T	CTACT	5	8468	8472	CTAAT	9657	9661	1	4
8472	T	CTACT	5	8468	8472	TTACT	9615	9619	1	4
8472	T	CTACT	5	8468	8472	CTAGT	10527	10531	1	4
8472	T	CTACT	5	8468	8472	CTAGT	10659	10663	1	4
8472	T	CTACT	5	8468	8472	CTATT	11874	11878	1	4
8472	T	CTACT	5	8468	8472	CTAGT	10701	10705	1	4
8472	T	CTACT	5	8468	8472	CTAAT	11819	11823	1	4
8472	T	CTACT	5	8468	8472	CTACG	11758	11762	1	4
8472	T	CTACT	5	8468	8472	CTATT	11735	11739	1	4
8472	T	CTACT	5	8468	8472	TTACT	11732	11736	1	4
8472	T	CTACT	5	8468	8472	GTACT	11546	11550	1	4
8472	T	CTACT	5	8468	8472	GTACT	11459	11463	1	4
8472	T	CTACT	5	8468	8472	CTCCT	11323	11327	1	4
8472	T	CTACT	5	8468	8472	CTACA	11212	11216	1	4
8472	T	CTACT	5	8468	8472	CTAAT	11102	11106	1	4
8472	T	CTACT	5	8468	8472	CTAAT	11054	11058	1	4
8472	T	CTACT	5	8468	8472	ATACT	11051	11055	1	4
8472	T	CTACT	5	8468	8472	CCACT	11021	11025	1	4
8472	T	CTACT	5	8468	8472	CTCCT	10973	10977	1	4
8472	T	CTACT	5	8468	8472	ATACT	10958	10962	1	4
8472	T	CTACT	5	8468	8472	CCACT	10796	10800	1	4
8472	T	CTACT	5	8468	8472	TTACT	10790	10794	1	4
8472	T	CTACT	5	8468	8472	CTAAT	10769	10773	1	4
8472	T	CTACT	5	8468	8472	CCACT	26	30	1	4
8472	T	TACTT	5	8469	8473	TACAT	16330	16334	1	4
8472	T	ACTTC	5	8470	8474	ACTTA	9093	9097	1	4
8472	T	CTTCC	5	8471	8475	CTTCT	6206	6210	1	4
8472	T	CTTCC	5	8471	8475	CATCC	4394	4398	1	4
8472	T	CTTCC	5	8471	8475	CTACC	4501	4505	1	4
8472	T	CTTCC	5	8471	8475	ATTCC	4590	4594	1	4
8472	T	CTTCC	5	8471	8475	GTTCC	4621	4625	1	4
8472	T	CTTCC	5	8471	8475	CTGCC	4633	4637	1	4
8472	T	CTTCC	5	8471	8475	CATCC	4666	4670	1	4
8472	T	CTTCC	5	8471	8475	CTTCA	4694	4698	1	4
8472	T	CTTCC	5	8471	8475	CTTTC	4799	4803	1	4
8472	T	CTTCC	5	8471	8475	CTACC	5049	5053	1	4
8472	T	CTTCC	5	8471	8475	ATTCC	5114	5118	1	4
8472	T	CTTCC	5	8471	8475	CATCC	5203	5207	1	4
8472	T	CTTCC	5	8471	8475	ATTCC	5441	5445	1	4
8472	T	CTTCC	5	8471	8475	CTTCA	5542	5546	1	4
8472	T	CTTCC	5	8471	8475	CTTCA	5720	5724	1	4
8472	T	CTTCC	5	8471	8475	CTTCG	5787	5791	1	4
8472	T	CTTCC	5	8471	8475	ATTCC	4143	4147	1	4
8472	T	CTTCC	5	8471	8475	CTTCA	3975	3979	1	4
8472	T	CTTCC	5	8471	8475	CTTCA	3936	3940	1	4
8472	T	CTTCC	5	8471	8475	CTTCA	1182	1186	1	4
8472	T	CTTCC	5	8471	8475	CATCC	147	151	1	4
8472	T	CTTCC	5	8471	8475	CTTCT	317	321	1	4
8472	T	CTTCC	5	8471	8475	CTGCC	345	349	1	4
8472	T	CTTCC	5	8471	8475	CATCC	502	506	1	4
8472	T	CTTCC	5	8471	8475	CTTTC	666	670	1	4
8472	T	CTTCC	5	8471	8475	GTTCC	709	713	1	4
8472	T	CTTCC	5	8471	8475	CTTGC	1244	1248	1	4
8472	T	CTTCC	5	8471	8475	CTTCG	3897	3901	1	4
8472	T	CTTCC	5	8471	8475	CTTCA	1268	1272	1	4
8472	T	CTTCC	5	8471	8475	CCTCC	2328	2332	1	4
8472	T	CTTCC	5	8471	8475	GTTCC	2608	2612	1	4
8472	T	CTTCC	5	8471	8475	ATTCC	3360	3364	1	4
8472	T	CTTCC	5	8471	8475	CTTCT	3553	3557	1	4
8472	T	CTTCC	5	8471	8475	CTGCC	3832	3836	1	4
8472	T	CTTCC	5	8471	8475	CTTCA	6104	6108	1	4
8472	T	CTTCC	5	8471	8475	CCTCC	6325	6329	1	4
8472	T	CTTCC	5	8471	8475	CATCC	11665	11669	1	4
8472	T	CTTCC	5	8471	8475	CTTAC	6350	6354	1	4
8472	T	CTTCC	5	8471	8475	CTTCA	8546	8550	1	4
8472	T	CTTCC	5	8471	8475	CTTTC	8874	8878	1	4
8472	T	CTTCC	5	8471	8475	CTTCG	9441	9445	1	4
8472	T	CTTCC	5	8471	8475	CTTCA	9860	9864	1	4
8472	T	CTTCC	5	8471	8475	CATCC	9863	9867	1	4
8472	T	CTTCC	5	8471	8475	CTTCG	9908	9912	1	4
8472	T	CTTCC	5	8471	8475	CTTAC	10165	10169	1	4
8472	T	CTTCC	5	8471	8475	CTTCG	10178	10182	1	4
8472	T	CTTCC	5	8471	8475	CTTTC	10207	10211	1	4
8472	T	CTTCC	5	8471	8475	CTGCC	10308	10312	1	4
8472	T	CTTCC	5	8471	8475	CATCC	10346	10350	1	4
8472	T	CTTCC	5	8471	8475	CCTCC	10929	10933	1	4
8472	T	CTTCC	5	8471	8475	CTTCG	11122	11126	1	4
8472	T	CTTCC	5	8471	8475	CTTAC	11352	11356	1	4
8472	T	CTTCC	5	8471	8475	CTGCC	11584	11588	1	4
8472	T	CTTCC	5	8471	8475	ATTCC	8425	8429	1	4
8472	T	CTTCC	5	8471	8475	CTTAC	8417	8421	1	4
8472	T	CTTCC	5	8471	8475	CGTCC	8212	8216	1	4
8472	T	CTTCC	5	8471	8475	CTTCG	7333	7337	1	4
8472	T	CTTCC	5	8471	8475	CTGCC	6424	6428	1	4
8472	T	CTTCC	5	8471	8475	CTTCG	6452	6456	1	4
8472	T	CTTCC	5	8471	8475	CGTCC	6464	6468	1	4
8472	T	CTTCC	5	8471	8475	CTTCG	6653	6657	1	4
8472	T	CTTCC	5	8471	8475	CTACC	6826	6830	1	4
8472	T	CTTCC	5	8471	8475	CTTTC	6938	6942	1	4
8472	T	CTTCC	5	8471	8475	CCTCC	7366	7370	1	4
8472	T	CTTCC	5	8471	8475	CTTGC	8062	8066	1	4
8472	T	CTTCC	5	8471	8475	CCTCC	7499	7503	1	4
8472	T	CTTCC	5	8471	8475	CTTTC	7651	7655	1	4
8472	T	CTTCC	5	8471	8475	CATCC	7798	7802	1	4
8472	T	CTTCC	5	8471	8475	CATCC	7831	7835	1	4
8472	T	CTTCC	5	8471	8475	CTTCA	7936	7940	1	4
8472	T	CTTCC	5	8471	8475	ATTCC	7963	7967	1	4
8472	T	CTTCC	5	8471	8475	CTGCC	141	145	1	4
8472	T	CTTCC	5	8471	8475	ATTCC	137	141	1	4
8472	T	TTCCC	5	8472	8476	ATCCC	16423	16427	1	4
8472	T	TTCCC	5	8472	8476	TCCCC	16362	16366	1	4
8472	T	TTCCC	5	8472	8476	TTGCC	10651	10655	1	4
8472	T	TTCCC	5	8472	8476	TTGCC	10666	10670	1	4
8472	T	TTCCC	5	8472	8476	TTCCA	10810	10814	1	4
8472	T	TTCCC	5	8472	8476	TTCAC	11087	11091	1	4
8472	T	TTCCC	5	8472	8476	ATCCC	11138	11142	1	4
8472	T	TTCCC	5	8472	8476	TCCCC	11139	11143	1	4
8472	T	TTCCC	5	8472	8476	TTCTC	11505	11509	1	4
8472	T	TTCCC	5	8472	8476	TTCTC	11661	11665	1	4
8472	T	TTCCC	5	8472	8476	TTCTC	11700	11704	1	4
8472	T	TTCCC	5	8472	8476	TTCTC	11915	11919	1	4
8472	T	TTCCC	5	8472	8476	TTACC	11991	11995	1	4
8472	T	TTCCC	5	8472	8476	TTCAC	12047	12051	1	4
8472	T	TTCCC	5	8472	8476	ATCCC	12082	12086	1	4
8472	T	TTCCC	5	8472	8476	TCCCC	12083	12087	1	4
8472	T	TTCCC	5	8472	8476	TTCTC	12090	12094	1	4
8472	T	TTCCC	5	8472	8476	TTACC	10504	10508	1	4
8472	T	TTCCC	5	8472	8476	TGCCC	10471	10475	1	4
8472	T	TTCCC	5	8472	8476	TTACC	10463	10467	1	4
8472	T	TTCCC	5	8472	8476	ATCCC	9580	9584	1	4
8472	T	TTCCC	5	8472	8476	TCCCC	8618	8622	1	4
8472	T	TTCCC	5	8472	8476	TTGCC	8762	8766	1	4
8472	T	TTCCC	5	8472	8476	ATCCC	8938	8942	1	4
8472	T	TTCCC	5	8472	8476	TCCCC	8939	8943	1	4
8472	T	TTCCC	5	8472	8476	TTCAC	9166	9170	1	4
8472	T	TTCCC	5	8472	8476	TTACC	9509	9513	1	4
8472	T	TTCCC	5	8472	8476	GTCCC	9591	9595	1	4
8472	T	TTCCC	5	8472	8476	TACCC	10276	10280	1	4
8472	T	TTCCC	5	8472	8476	TTACC	9724	9728	1	4
8472	T	TTCCC	5	8472	8476	TTCCG	9770	9774	1	4
8472	T	TTCCC	5	8472	8476	TCCCC	10191	10195	1	4
8472	T	TTCCC	5	8472	8476	TTCTC	10209	10213	1	4
8472	T	TTCCC	5	8472	8476	TTGCC	10264	10268	1	4
8472	T	TTCCC	5	8472	8476	TTACC	10275	10279	1	4
8472	T	TTCCC	5	8472	8476	TTACC	12120	12124	1	4
8472	T	TTCCC	5	8472	8476	TTACC	12202	12206	1	4
8472	T	TTCCC	5	8472	8476	TGCCC	12235	12239	1	4
8472	T	TTCCC	5	8472	8476	TTCGC	15572	15576	1	4
8472	T	TTCCC	5	8472	8476	TTCAC	14354	14358	1	4
8472	T	TTCCC	5	8472	8476	TTCTC	14676	14680	1	4
8472	T	TTCCC	5	8472	8476	TTCCT	14894	14898	1	4
8472	T	TTCCC	5	8472	8476	GTCCC	15261	15265	1	4
8472	T	TTCCC	5	8472	8476	TTCCG	15388	15392	1	4
8472	T	TTCCC	5	8472	8476	TTCTC	15479	15483	1	4
8472	T	TTCCC	5	8472	8476	TTCTC	15585	15589	1	4
8472	T	TTCCC	5	8472	8476	TTCAC	14034	14038	1	4
8472	T	TTCCC	5	8472	8476	ATCCC	15656	15660	1	4
8472	T	TTCCC	5	8472	8476	TCCCC	15657	15661	1	4
8472	T	TTCCC	5	8472	8476	TTCGC	15696	15700	1	4
8472	T	TTCCC	5	8472	8476	TTACC	15786	15790	1	4
8472	T	TTCCC	5	8472	8476	TTCCA	15943	15947	1	4
8472	T	TTCCC	5	8472	8476	TTACC	16324	16328	1	4
8472	T	TTCCC	5	8472	8476	TTACC	14325	14329	1	4
8472	T	TTCCC	5	8472	8476	ATCCC	13945	13949	1	4
8472	T	TTCCC	5	8472	8476	TTCTC	12260	12264	1	4
8472	T	TTCCC	5	8472	8476	TACCC	13326	13330	1	4
8472	T	TTCCC	5	8472	8476	TACCC	12430	12434	1	4
8472	T	TTCCC	5	8472	8476	TTCTC	12643	12647	1	4
8472	T	TTCCC	5	8472	8476	TTACC	12731	12735	1	4
8472	T	TTCCC	5	8472	8476	TTCCA	12748	12752	1	4
8472	T	TTCCC	5	8472	8476	TTCGC	13195	13199	1	4
8472	T	TTCCC	5	8472	8476	TTCCT	13312	13316	1	4
8472	T	TTCCC	5	8472	8476	TTCGC	13723	13727	1	4
8472	T	TTCCC	5	8472	8476	TTCTC	13900	13904	1	4
8472	T	TTCCC	5	8472	8476	TTCTC	13733	13737	1	4
8472	T	TTCCC	5	8472	8476	TCCCC	13762	13766	1	4
8472	T	TTCCC	5	8472	8476	ATCCC	13780	13784	1	4
8472	T	TTCCC	5	8472	8476	TCCCC	13781	13785	1	4
8472	T	TTCCC	5	8472	8476	ATCCC	13878	13882	1	4
8472	T	TTCCC	5	8472	8476	TCCCC	13879	13883	1	4
8472	T	CTTCC	5	8471	8475	CTTCA	11625	11629	1	4
8472	T	CTTCC	5	8471	8475	CTTAC	11720	11724	1	4
8472	T	TACTT	5	8469	8473	TACAT	16311	16315	1	4
8472	T	ACTTC	5	8470	8474	ACCTC	5367	5371	1	4
8472	T	ACTTC	5	8470	8474	ACCTC	3788	3792	1	4
8472	T	ACTTC	5	8470	8474	ACCTC	3818	3822	1	4
8472	T	ACTTC	5	8470	8474	CCTTC	3896	3900	1	4
8472	T	ACTTC	5	8470	8474	GCTTC	3935	3939	1	4
8472	T	ACTTC	5	8470	8474	ACATC	3941	3945	1	4
8472	T	ACTTC	5	8470	8474	CCTTC	3962	3966	1	4
8472	T	ACTTC	5	8470	8474	ACTAC	4021	4025	1	4
8472	T	ACTTC	5	8470	8474	AATTC	4122	4126	1	4
8472	T	ACTTC	5	8470	8474	AATTC	4368	4372	1	4
8472	T	ACTTC	5	8470	8474	AGTTC	4595	4599	1	4
8472	T	ACTTC	5	8470	8474	TCTTC	4693	4697	1	4
8472	T	ACTTC	5	8470	8474	AGTTC	5045	5049	1	4
8472	T	ACTTC	5	8470	8474	ACTTA	5128	5132	1	4
8472	T	ACTTC	5	8470	8474	ACTCC	5134	5138	1	4
8472	T	ACTTC	5	8470	8474	AATTC	5275	5279	1	4
8472	T	ACTTC	5	8470	8474	ACTGC	3702	3706	1	4
8472	T	ACTTC	5	8470	8474	ACTAC	3683	3687	1	4
8472	T	ACTTC	5	8470	8474	ACCTC	3628	3632	1	4
8472	T	ACTTC	5	8470	8474	ACTTT	3269	3273	1	4
8472	T	ACTTC	5	8470	8474	ACCTC	2820	2824	1	4
8472	T	ACTTC	5	8470	8474	ACTTG	2905	2909	1	4
8472	T	ACTTC	5	8470	8474	ACCTC	2984	2988	1	4
8472	T	ACTTC	5	8470	8474	AGTTC	3069	3073	1	4
8472	T	ACTTC	5	8470	8474	ACTTA	3191	3195	1	4
8472	T	ACTTC	5	8470	8474	ACTTA	3262	3266	1	4
8472	T	ACTTC	5	8470	8474	TCTTC	3294	3298	1	4
8472	T	ACTTC	5	8470	8474	ACCTC	3596	3600	1	4
8472	T	ACTTC	5	8470	8474	AATTC	3384	3388	1	4
8472	T	ACTTC	5	8470	8474	ACTAC	3402	3406	1	4
8472	T	ACTTC	5	8470	8474	CCTTC	3449	3453	1	4
8472	T	ACTTC	5	8470	8474	TCTTC	3470	3474	1	4
8472	T	ACTTC	5	8470	8474	ACATC	3499	3503	1	4
8472	T	ACTTC	5	8470	8474	TCTTC	3552	3556	1	4
8472	T	ACTTC	5	8470	8474	ACCTC	5335	5339	1	4
8472	T	ACTTC	5	8470	8474	CCTTC	5541	5545	1	4
8472	T	CTTCC	5	8471	8475	CTGCC	11740	11744	1	4
8472	T	ACTTC	5	8470	8474	ATTTC	5573	5577	1	4
8472	T	ACTTC	5	8470	8474	ATTTC	7281	7285	1	4
8472	T	ACTTC	5	8470	8474	CCTTC	7327	7331	1	4
8472	T	ACTTC	5	8470	8474	GCTTC	7332	7336	1	4
8472	T	ACTTC	5	8470	8474	ACTTT	7507	7511	1	4
8472	T	ACTTC	5	8470	8474	ATTTC	7535	7539	1	4
8472	T	ACTTC	5	8470	8474	ACTTT	7543	7547	1	4
8472	T	ACTTC	5	8470	8474	ACATC	7746	7750	1	4
8472	T	ACTTC	5	8470	8474	TCTTC	7935	7939	1	4
8472	T	ACTTC	5	8470	8474	ACTCC	7987	7991	1	4
8472	T	ACTTC	5	8470	8474	ACGTC	8058	8062	1	4
8472	T	ACTTC	5	8470	8474	ACGTC	8116	8120	1	4
8472	T	ACTTC	5	8470	8474	ACTTA	8308	8312	1	4
8472	T	ACTTC	5	8470	8474	ACCTC	8350	8354	1	4
8472	T	ACTTC	5	8470	8474	GCTTC	8545	8549	1	4
8472	T	ACTTC	5	8470	8474	ACTCC	8784	8788	1	4
8472	T	ACTTC	5	8470	8474	ATTTC	7141	7145	1	4
8472	T	ACTTC	5	8470	8474	GCTTC	7078	7082	1	4
8472	T	ACTTC	5	8470	8474	ACATC	6994	6998	1	4
8472	T	ACTTC	5	8470	8474	ACCTC	5816	5820	1	4
8472	T	ACTTC	5	8470	8474	ACTGC	5592	5596	1	4
8472	T	ACTTC	5	8470	8474	ACTTT	5634	5638	1	4
8472	T	ACTTC	5	8470	8474	ACTTA	5670	5674	1	4
8472	T	ACTTC	5	8470	8474	ACTTA	5686	5690	1	4
8472	T	ACTTC	5	8470	8474	GCTTC	5719	5723	1	4
8472	T	ACTTC	5	8470	8474	AATTC	5799	5803	1	4
8472	T	ACTTC	5	8470	8474	ACATC	6058	6062	1	4
8472	T	ACTTC	5	8470	8474	ACTCC	6881	6885	1	4
8472	T	ACTTC	5	8470	8474	TCTTC	6100	6104	1	4
8472	T	ACTTC	5	8470	8474	GCTTC	6205	6209	1	4
8472	T	ACTTC	5	8470	8474	ATTTC	6391	6395	1	4
8472	T	ACTTC	5	8470	8474	TCTTC	6451	6455	1	4
8472	T	ACTTC	5	8470	8474	ACCTC	6544	6548	1	4
8472	T	ACTTC	5	8470	8474	GCTTC	6652	6656	1	4
8472	T	ACTTC	5	8470	8474	ATTTC	2805	2809	1	4
8472	T	ACTTC	5	8470	8474	ACTTG	2604	2608	1	4
8472	T	ACTTC	5	8470	8474	ACCTC	2512	2516	1	4
8472	T	ACTTC	5	8470	8474	ACATC	2507	2511	1	4
8472	T	CTTCC	5	8471	8475	CTTTC	14352	14356	1	4
8472	T	CTTCC	5	8471	8475	CATCC	14817	14821	1	4
8472	T	CTTCC	5	8471	8475	CTGCC	14863	14867	1	4
8472	T	CTTCC	5	8471	8475	CCTCC	14872	14876	1	4
8472	T	CTTCC	5	8471	8475	ATTCC	14893	14897	1	4
8472	T	CTTCC	5	8471	8475	CATCC	14980	14984	1	4
8472	T	CTTCC	5	8471	8475	CTGCC	15022	15026	1	4
8472	T	CTTCC	5	8471	8475	CTTGC	15107	15111	1	4
8472	T	CTTCC	5	8471	8475	CTTCA	15127	15131	1	4
8472	T	CTTCC	5	8471	8475	CTTTC	15286	15290	1	4
8472	T	CTTCC	5	8471	8475	CTTCA	15304	15308	1	4
8472	T	CTTCC	5	8471	8475	CTTGC	15343	15347	1	4
8472	T	CTTCC	5	8471	8475	ATTCC	15387	15391	1	4
8472	T	CTTCC	5	8471	8475	CGTCC	15616	15620	1	4
8472	T	CTTCC	5	8471	8475	CATCC	15637	15641	1	4
8472	T	CTTCC	5	8471	8475	CTTCA	14289	14293	1	4
8472	T	CTTCC	5	8471	8475	CATCC	14121	14125	1	4
8472	T	CTTCC	5	8471	8475	CTTTC	14105	14109	1	4
8472	T	CTTCC	5	8471	8475	ATTCC	12747	12751	1	4
8472	T	CTTCC	5	8471	8475	CTTAC	12187	12191	1	4
8472	T	CTTCC	5	8471	8475	CTTTC	12258	12262	1	4
8472	T	CTTCC	5	8471	8475	CATCC	12390	12394	1	4
8472	T	CTTCC	5	8471	8475	CATCC	12458	12462	1	4
8472	T	CTTCC	5	8471	8475	CTTCA	12573	12577	1	4
8472	T	CTTCC	5	8471	8475	CTTCA	12687	12691	1	4
8472	T	CTTCC	5	8471	8475	CTTGC	12792	12796	1	4
8472	T	CTTCC	5	8471	8475	CTTAC	13963	13967	1	4
8472	T	CTTCC	5	8471	8475	CATCC	12882	12886	1	4
8472	T	CTTCC	5	8471	8475	CATCC	13116	13120	1	4
8472	T	CTTCC	5	8471	8475	CTTAC	13213	13217	1	4
8472	T	CTTCC	5	8471	8475	ATTCC	13311	13315	1	4
8472	T	CTTCC	5	8471	8475	CTTCA	13338	13342	1	4
8472	T	CTTCC	5	8471	8475	CATCC	13374	13378	1	4
8472	T	CTTCC	5	8471	8475	CATCC	15643	15647	1	4
8472	T	CTTCC	5	8471	8475	CATCC	15661	15665	1	4
8472	T	CTTCC	5	8471	8475	CCTCC	15664	15668	1	4
8472	T	ACTTC	5	8470	8474	ACTTA	1636	1640	1	4
8472	T	ACTTC	5	8470	8474	ACTAC	1142	1146	1	4
8472	T	ACTTC	5	8470	8474	ACCTC	1232	1236	1	4
8472	T	ACTTC	5	8470	8474	TCTTC	1267	1271	1	4
8472	T	ACTTC	5	8470	8474	ACTAC	1384	1388	1	4
8472	T	ACTTC	5	8470	8474	ACTTA	1404	1408	1	4
8472	T	ACTTC	5	8470	8474	ACTTG	1590	1594	1	4
8472	T	ACTTC	5	8470	8474	ATTTC	1645	1649	1	4
8472	T	ACTTC	5	8470	8474	ACCTC	1104	1108	1	4
8472	T	ACTTC	5	8470	8474	ACTTA	1651	1655	1	4
8472	T	ACTTC	5	8470	8474	ACTTG	1656	1660	1	4
8472	T	ACTTC	5	8470	8474	ACTCC	1692	1696	1	4
8472	T	ACTTC	5	8470	8474	ACTTT	1874	1878	1	4
8472	T	ACTTC	5	8470	8474	ACTTT	2045	2049	1	4
8472	T	ACTTC	5	8470	8474	ACTCC	2251	2255	1	4
8472	T	ACTTC	5	8470	8474	ACTGC	1127	1131	1	4
8472	T	ACTTC	5	8470	8474	ACTAC	1019	1023	1	4
8472	T	CTTCC	5	8471	8475	CATCC	15807	15811	1	4
8472	T	ACTTC	5	8470	8474	GCTTC	316	320	1	4
8472	T	CTTCC	5	8471	8475	CTTTC	16026	16030	1	4
8472	T	CTTCC	5	8471	8475	CTTAC	16197	16201	1	4
8472	T	CTTCC	5	8471	8475	CATCC	16404	16408	1	4
8472	T	CTTCC	5	8471	8475	CCTCC	16407	16411	1	4
8472	T	CTTCC	5	8471	8475	GTTCC	16504	16508	1	4
8472	T	ACTTC	5	8470	8474	ACATC	276	280	1	4
8472	T	ACTTC	5	8470	8474	ACTTA	331	335	1	4
8472	T	ACTTC	5	8470	8474	ACTCC	998	1002	1	4
8472	T	ACTTC	5	8470	8474	ACATC	339	343	1	4
8472	T	ACTTC	5	8470	8474	ATTTC	390	394	1	4
8472	T	ACTTC	5	8470	8474	ACTTT	419	423	1	4
8472	T	ACTTC	5	8470	8474	ACATC	631	635	1	4
8472	T	ACTTC	5	8470	8474	AGTTC	718	722	1	4
8472	T	ACTTC	5	8470	8474	ATTTC	882	886	1	4
8472	T	TTCCC	5	8472	8476	ATCCC	8617	8621	1	4
8472	T	TTCCC	5	8472	8476	TGCCC	8556	8560	1	4
8472	T	TTCCC	5	8472	8476	TTGCC	8555	8559	1	4
8472	T	TACTT	5	8469	8473	TACTA	5655	5659	1	4
8472	T	TACTT	5	8469	8473	TACAT	7431	7435	1	4
8472	T	TACTT	5	8469	8473	TAATT	7306	7310	1	4
8472	T	TACTT	5	8469	8473	TACTC	7221	7225	1	4
8472	T	TACTT	5	8469	8473	CACTT	7188	7192	1	4
8472	T	TACTT	5	8469	8473	AACTT	7172	7176	1	4
8472	T	TACTT	5	8469	8473	TATTT	7060	7064	1	4
8472	T	TACTT	5	8469	8473	TTCTT	6940	6944	1	4
8472	T	TACTT	5	8469	8473	TATTT	6862	6866	1	4
8472	T	TACTT	5	8469	8473	TATTT	6778	6782	1	4
8472	T	TACTT	5	8469	8473	TACAT	6711	6715	1	4
8472	T	TACTT	5	8469	8473	AACTT	6677	6681	1	4
8472	T	TACTT	5	8469	8473	TTCTT	6637	6641	1	4
8472	T	TACTT	5	8469	8473	TACCT	5958	5962	1	4
8472	T	TACTT	5	8469	8473	TAGTT	5689	5693	1	4
8472	T	TACTT	5	8469	8473	CACTT	5685	5689	1	4
8472	T	TACTT	5	8469	8473	GACTT	7506	7510	1	4
8472	T	TACTT	5	8469	8473	AACTT	7542	7546	1	4
8472	T	TACTT	5	8469	8473	TACTA	7741	7745	1	4
8472	T	TACTT	5	8469	8473	TACTA	8738	8742	1	4
8472	T	TACTT	5	8469	8473	TACTG	9709	9713	1	4
8472	T	TACTT	5	8469	8473	TACTC	9616	9620	1	4
8472	T	TACTT	5	8469	8473	TACTA	9337	9341	1	4
8472	T	TACTT	5	8469	8473	CACTT	9092	9096	1	4
8472	T	TACTT	5	8469	8473	TACTA	8945	8949	1	4
8472	T	TACTT	5	8469	8473	TCCTT	8746	8750	1	4
8472	T	TACTT	5	8469	8473	TACTG	8588	8592	1	4
8472	T	TACTT	5	8469	8473	TCCTT	7833	7837	1	4
8472	T	TACTT	5	8469	8473	TAATT	8400	8404	1	4
8472	T	TACTT	5	8469	8473	AACTT	8307	8311	1	4
8472	T	TACTT	5	8469	8473	TATTT	8256	8260	1	4
8472	T	TACTT	5	8469	8473	TAATT	8043	8047	1	4
8472	T	TACTT	5	8469	8473	TACTG	7898	7902	1	4
8472	T	TACTT	5	8469	8473	TACAT	7838	7842	1	4
8472	T	TACTT	5	8469	8473	GACTT	5669	5673	1	4
8472	T	TACTT	5	8469	8473	TAATT	5638	5642	1	4
8472	T	TTCCC	5	8472	8476	TTCCT	8426	8430	1	4
8472	T	TACTT	5	8469	8473	TAATT	5571	5575	1	4
8472	T	TACTT	5	8469	8473	CACTT	2603	2607	1	4
8472	T	TACTT	5	8469	8473	AACTT	1873	1877	1	4
8472	T	TACTT	5	8469	8473	TACCT	1843	1847	1	4
8472	T	TACTT	5	8469	8473	AACTT	1655	1659	1	4
8472	T	TACTT	5	8469	8473	CACTT	1635	1639	1	4
8472	T	TACTT	5	8469	8473	CACTT	1589	1593	1	4
8472	T	TACTT	5	8469	8473	TACTG	1577	1581	1	4
8472	T	TACTT	5	8469	8473	TAGTT	1452	1456	1	4
8472	T	TACTT	5	8469	8473	TGCTT	1448	1452	1	4
8472	T	TACTT	5	8469	8473	AACTT	1403	1407	1	4
8472	T	TACTT	5	8469	8473	TGCTT	1091	1095	1	4
8472	T	TACTT	5	8469	8473	TACTA	861	865	1	4
8472	T	TACTT	5	8469	8473	TATTT	450	454	1	4
8472	T	TACTT	5	8469	8473	CACTT	418	422	1	4
8472	T	TACTT	5	8469	8473	CACTT	330	334	1	4
8472	T	TACTT	5	8469	8473	TAATT	2739	2743	1	4
8472	T	TACTT	5	8469	8473	TACCT	2759	2763	1	4
8472	T	TACTT	5	8469	8473	TACAT	2850	2854	1	4
8472	T	TACTT	5	8469	8473	TTCTT	4114	4118	1	4
8472	T	TACTT	5	8469	8473	TACTA	5497	5501	1	4
8472	T	TACTT	5	8469	8473	TAATT	5078	5082	1	4
8472	T	TACTT	5	8469	8473	TTCTT	5074	5078	1	4
8472	T	TACTT	5	8469	8473	TACTC	4746	4750	1	4
8472	T	TACTT	5	8469	8473	TACTC	4705	4709	1	4
8472	T	TACTT	5	8469	8473	TACTA	4465	4469	1	4
8472	T	TACTT	5	8469	8473	TATTT	4078	4082	1	4
8472	T	TACTT	5	8469	8473	TACTC	2887	2891	1	4
8472	T	TACTT	5	8469	8473	TACTA	3767	3771	1	4
8472	T	TACTT	5	8469	8473	TACTC	3646	3650	1	4
8472	T	TACTT	5	8469	8473	TGCTT	3368	3372	1	4
8472	T	TACTT	5	8469	8473	AACTT	3268	3272	1	4
8472	T	TACTT	5	8469	8473	AACTT	3261	3265	1	4
8472	T	TACTT	5	8469	8473	AACTT	2904	2908	1	4
8472	T	TACTT	5	8469	8473	CACTT	9882	9886	1	4
8472	T	TACTT	5	8469	8473	CACTT	9900	9904	1	4
8472	T	TACTT	5	8469	8473	TACTG	9927	9931	1	4
8472	T	TACTT	5	8469	8473	TACTC	9990	9994	1	4
8472	T	TACTT	5	8469	8473	TAATT	14784	14788	1	4
8472	T	TACTT	5	8469	8473	TACTA	14635	14639	1	4
8472	T	TACTT	5	8469	8473	TACTA	14581	14585	1	4
8472	T	TACTT	5	8469	8473	TACTC	14348	14352	1	4
8472	T	TACTT	5	8469	8473	AACTT	14090	14094	1	4
8472	T	TACTT	5	8469	8473	TAATT	14084	14088	1	4
8472	T	TACTT	5	8469	8473	TACTC	13910	13914	1	4
8472	T	TACTT	5	8469	8473	AACTT	13865	13869	1	4
8472	T	TACTT	5	8469	8473	CACTT	13815	13819	1	4
8472	T	TACTT	5	8469	8473	TACTA	13740	13744	1	4
8472	T	TACTT	5	8469	8473	TACTA	13656	13660	1	4
8472	T	TACTT	5	8469	8473	TACTC	13569	13573	1	4
8472	T	TACTT	5	8469	8473	TACCT	13484	13488	1	4
8472	T	TACTT	5	8469	8473	TACTA	13349	13353	1	4
8472	T	TACTT	5	8469	8473	TAGTT	13277	13281	1	4
8472	T	TACTT	5	8469	8473	TTCTT	15014	15018	1	4
8472	T	TACTT	5	8469	8473	TAATT	15180	15184	1	4
8472	T	TACTT	5	8469	8473	AACTT	15188	15192	1	4
8472	T	TACTT	5	8469	8473	TACTC	15873	15877	1	4
8472	T	TACTT	5	8469	8473	TACAT	16304	16308	1	4
8472	T	TACTT	5	8469	8473	TGCTT	16195	16199	1	4
8472	T	TACTT	5	8469	8473	TACAT	16157	16161	1	4
8472	T	TACTT	5	8469	8473	TACAT	16097	16101	1	4
8472	T	TACTT	5	8469	8473	TTCTT	16024	16028	1	4
8472	T	TACTT	5	8469	8473	TCCTT	15889	15893	1	4
8472	T	TACTT	5	8469	8473	TACTA	15813	15817	1	4
8472	T	TACTT	5	8469	8473	TACTA	15192	15196	1	4
8472	T	TACTT	5	8469	8473	CACTT	15714	15718	1	4
8472	T	TACTT	5	8469	8473	TACTA	15630	15634	1	4
8472	T	TACTT	5	8469	8473	TCCTT	15618	15622	1	4
8472	T	TACTT	5	8469	8473	TTCTT	15341	15345	1	4
8472	T	TACTT	5	8469	8473	TTCTT	15278	15282	1	4
8472	T	TACTT	5	8469	8473	TACAT	15209	15213	1	4
8472	T	TACTT	5	8469	8473	TGCTT	13171	13175	1	4
8472	T	TACTT	5	8469	8473	TACTC	13112	13116	1	4
8472	T	TACTT	5	8469	8473	TAGTT	13091	13095	1	4
8472	T	TACTT	5	8469	8473	TACAT	10482	10486	1	4
8472	T	TACTT	5	8469	8473	GACTT	10806	10810	1	4
8472	T	TACTT	5	8469	8473	TACAT	10738	10742	1	4
8472	T	TACTT	5	8469	8473	TACTA	10657	10661	1	4
8472	T	TACTT	5	8469	8473	TACTA	10579	10583	1	4
8472	T	TACTT	5	8469	8473	TACTA	10525	10529	1	4
8472	T	TACTT	5	8469	8473	TACTA	10495	10499	1	4
8472	T	TACTT	5	8469	8473	TATTT	10460	10464	1	4
8472	T	TACTT	5	8469	8473	TACTA	10959	10963	1	4
8472	T	TACTT	5	8469	8473	TAGTT	10412	10416	1	4
8472	T	TACTT	5	8469	8473	TAGTT	10318	10322	1	4
8472	T	TACTT	5	8469	8473	TATTT	10249	10253	1	4
8472	T	TACTT	5	8469	8473	TACAT	10118	10122	1	4
8472	T	TACTT	5	8469	8473	TAATT	10111	10115	1	4
8472	T	TACTT	5	8469	8473	TAATT	10072	10076	1	4
8472	T	TACTT	5	8469	8473	TAATT	10824	10828	1	4
8472	T	TACTT	5	8469	8473	TACTA	11052	11056	1	4
8472	T	TACTT	5	8469	8473	TAGTT	12728	12732	1	4
8472	T	TACTT	5	8469	8473	TACTA	11958	11962	1	4
8472	T	TACTT	5	8469	8473	TACTA	12719	12723	1	4
8472	T	TACTT	5	8469	8473	TACAT	12624	12628	1	4
8472	T	TACTT	5	8469	8473	TCCTT	12392	12396	1	4
8472	T	TACTT	5	8469	8473	TATTT	12199	12203	1	4
8472	T	TACTT	5	8469	8473	TAGTT	12145	12149	1	4
8472	T	TACTT	5	8469	8473	TATTT	11988	11992	1	4
8472	T	TACTT	5	8469	8473	TACTA	11733	11737	1	4
8472	T	TACTT	5	8469	8473	TAATT	11076	11080	1	4
8472	T	TACTT	5	8469	8473	TACTC	11621	11625	1	4
8472	T	TACTT	5	8469	8473	TAATT	11565	11569	1	4
8472	T	TACTT	5	8469	8473	TACTA	11547	11551	1	4
8472	T	TACTT	5	8469	8473	TACTC	11460	11464	1	4
8472	T	TACTT	5	8469	8473	CACTT	11133	11137	1	4
8472	T	TACTT	5	8469	8473	TATTT	11109	11113	1	4
8472	T	TACTT	5	8469	8473	TGCTT	220	224	1	4
8472	T	TACTT	5	8469	8473	TAATT	213	217	1	4
8472	T	TACTT	5	8469	8473	TAATT	209	213	1	4
8472	T	ACTTC	5	8470	8474	ACTCC	9514	9518	1	4
8472	T	TTCCC	5	8472	8476	TACCC	2486	2490	1	4
8472	T	TTCCC	5	8472	8476	TTACC	2498	2502	1	4
8472	T	TTCCC	5	8472	8476	TTACC	2924	2928	1	4
8472	T	TTCCC	5	8472	8476	TTCCT	3114	3118	1	4
8472	T	TTCCC	5	8472	8476	TTCCT	3290	3294	1	4
8472	T	TTCCC	5	8472	8476	TACCC	3308	3312	1	4
8472	T	TTCCC	5	8472	8476	TACCC	3338	3342	1	4
8472	T	TTCCC	5	8472	8476	TTCCT	3361	3365	1	4
8472	T	TTCCC	5	8472	8476	TACCC	3578	3582	1	4
8472	T	TTCCC	5	8472	8476	TACCC	4135	4139	1	4
8472	T	TTCCC	5	8472	8476	TTCCG	4144	4148	1	4
8472	T	TTCCC	5	8472	8476	TACCC	4226	4230	1	4
8472	T	TTCCC	5	8472	8476	TTCTC	4370	4374	1	4
8472	T	TTCCC	5	8472	8476	TACCC	4434	4438	1	4
8472	T	TTCCC	5	8472	8476	ATCCC	4474	4478	1	4
8472	T	TTCCC	5	8472	8476	TTCTC	2324	2328	1	4
8472	T	TTCCC	5	8472	8476	ATCCC	2232	2236	1	4
8472	T	TTCCC	5	8472	8476	ATCCC	2074	2078	1	4
8472	T	TTCCC	5	8472	8476	TCCCC	704	708	1	4
8472	T	ACTTC	5	8470	8474	ACTCC	9319	9323	1	4
8472	T	ACTTC	5	8470	8474	ATTTC	9308	9312	1	4
8472	T	ACTTC	5	8470	8474	AATTC	9108	9112	1	4
8472	T	TTCCC	5	8472	8476	TTCCT	138	142	1	4
8472	T	TTCCC	5	8472	8476	TTCCA	293	297	1	4
8472	T	TTCCC	5	8472	8476	TACCC	539	543	1	4
8472	T	TTCCC	5	8472	8476	TTCCA	710	714	1	4
8472	T	TTCCC	5	8472	8476	TGCCC	2055	2059	1	4
8472	T	TTCCC	5	8472	8476	TTCAC	720	724	1	4
8472	T	TTCCC	5	8472	8476	TACCC	1081	1085	1	4
8472	T	TTCCC	5	8472	8476	TACCC	1308	1312	1	4
8472	T	TTCCC	5	8472	8476	TTACC	1729	1733	1	4
8472	T	TTCCC	5	8472	8476	TACCC	1730	1734	1	4
8472	T	TTCCC	5	8472	8476	TTGCC	2054	2058	1	4
8472	T	TTCCC	5	8472	8476	TTCCA	4591	4595	1	4
8472	T	TTCCC	5	8472	8476	TTCCA	4622	4626	1	4
8472	T	TTCCC	5	8472	8476	GTCCC	4812	4816	1	4
8472	T	TTCCC	5	8472	8476	GTCCC	8078	8082	1	4
8472	T	TTCCC	5	8472	8476	TTGCC	7063	7067	1	4
8472	T	TTCCC	5	8472	8476	TTCTC	7101	7105	1	4
8472	T	TTCCC	5	8472	8476	TTCTC	7192	7196	1	4
8472	T	TTCCC	5	8472	8476	TGCCC	7210	7214	1	4
8472	T	TTCCC	5	8472	8476	TGCCC	7395	7399	1	4
8472	T	TTCCC	5	8472	8476	TTCCT	7964	7968	1	4
8472	T	TTCCC	5	8472	8476	TCCCC	8079	8083	1	4
8472	T	TTCCC	5	8472	8476	TCCCC	6844	6848	1	4
8472	T	TTCCC	5	8472	8476	TTCAC	8135	8139	1	4
8472	T	TTCCC	5	8472	8476	TGCCC	8205	8209	1	4
8472	T	TTCCC	5	8472	8476	TTACC	8259	8263	1	4
8472	T	TTCCC	5	8472	8476	TGCCC	8367	8371	1	4
8472	T	TTCCC	5	8472	8476	TTACC	8403	8407	1	4
8472	T	TTCCC	5	8472	8476	TACCC	8404	8408	1	4
8472	T	TTCCC	5	8472	8476	TTCAC	6945	6949	1	4
8472	T	TTCCC	5	8472	8476	ATCCC	6843	6847	1	4
8472	T	TTCCC	5	8472	8476	TTACC	4822	4826	1	4
8472	T	TTCCC	5	8472	8476	TTCAC	5277	5281	1	4
8472	T	TTCCC	5	8472	8476	TACCC	4823	4827	1	4
8472	T	TTCCC	5	8472	8476	TTACC	5020	5024	1	4
8472	T	TTCCC	5	8472	8476	TACCC	5021	5025	1	4
8472	T	TTCCC	5	8472	8476	TTCCT	5115	5119	1	4
8472	T	TTCCC	5	8472	8476	TTGCC	5250	5254	1	4
8472	T	TTCCC	5	8472	8476	TGCCC	5251	5255	1	4
8472	T	TTCCC	5	8472	8476	TCCCC	5302	5306	1	4
8472	T	TTCCC	5	8472	8476	TTCAC	6816	6820	1	4
8472	T	TTCCC	5	8472	8476	TTCCT	5442	5446	1	4
8472	T	TTCCC	5	8472	8476	TTCGC	5907	5911	1	4
8472	T	TTCCC	5	8472	8476	TACCC	6115	6119	1	4
8472	T	TTCCC	5	8472	8476	TGCCC	6167	6171	1	4
8472	T	TTCCC	5	8472	8476	CTCCC	6498	6502	1	4
8472	T	TTCCC	5	8472	8476	CTCCC	6665	6669	1	4
8472	T	ACTTC	5	8470	8474	CCTTC	9440	9444	1	4
8472	T	ACTTC	5	8470	8474	ACTCC	9596	9600	1	4
8472	T	TACTT	5	8469	8473	TACTA	196	200	1	4
8472	T	ACTTC	5	8470	8474	ACTGC	9692	9696	1	4
8472	T	ACTTC	5	8470	8474	ATTTC	15064	15068	1	4
8472	T	ACTTC	5	8470	8474	ACATC	15036	15040	1	4
8472	T	ACTTC	5	8470	8474	ACATC	14949	14953	1	4
8472	T	ACTTC	5	8470	8474	ACTCC	14851	14855	1	4
8472	T	ACTTC	5	8470	8474	ACATC	14823	14827	1	4
8472	T	ACTTC	5	8470	8474	ACTAC	14732	14736	1	4
8472	T	ACTTC	5	8470	8474	ACTAC	14687	14691	1	4
8472	T	ACTTC	5	8470	8474	AATTC	14538	14542	1	4
8472	T	ACTTC	5	8470	8474	ACCTC	14411	14415	1	4
8472	T	ACTTC	5	8470	8474	ACTTT	14091	14095	1	4
8472	T	ACTTC	5	8470	8474	ACCTC	14065	14069	1	4
8472	T	ACTTC	5	8470	8474	ATTTC	14032	14036	1	4
8472	T	ACTTC	5	8470	8474	ACTTA	13866	13870	1	4
8472	T	ACTTC	5	8470	8474	ACCTC	13844	13848	1	4
8472	T	ACTTC	5	8470	8474	ATTTC	13731	13735	1	4
8472	T	ACTTC	5	8470	8474	ACATC	15087	15091	1	4
8472	T	ACTTC	5	8470	8474	CCTTC	15126	15130	1	4
8472	T	ACTTC	5	8470	8474	CCTTC	15303	15307	1	4
8472	T	ACTTC	5	8470	8474	ACTGC	16241	16245	1	4
8472	T	TACTT	5	8469	8473	TATTT	155	159	1	4
8472	T	TACTT	5	8469	8473	TATTT	55	59	1	4
8472	T	ACTTC	5	8470	8474	ACATC	16559	16563	1	4
8472	T	ACTTC	5	8470	8474	ACATC	16497	16501	1	4
8472	T	ACTTC	5	8470	8474	ACTTG	16466	16470	1	4
8472	T	ACTTC	5	8470	8474	ACTCC	16247	16251	1	4
8472	T	ACTTC	5	8470	8474	ACATC	16235	16239	1	4
8472	T	ACTTC	5	8470	8474	ACTCC	15328	15332	1	4
8472	T	ACTTC	5	8470	8474	ACATC	16175	16179	1	4
8472	T	ACTTC	5	8470	8474	ACTCC	15974	15978	1	4
8472	T	ACTTC	5	8470	8474	ACTCC	15724	15728	1	4
8472	T	ACTTC	5	8470	8474	ACTTT	15715	15719	1	4
8472	T	ACTTC	5	8470	8474	AATTC	15583	15587	1	4
8472	T	ACTTC	5	8470	8474	ACATC	15546	15550	1	4
8472	T	ACTTC	5	8470	8474	ACCTC	13638	13642	1	4
8472	T	ACTTC	5	8470	8474	ACATC	13517	13521	1	4
8472	T	ACTTC	5	8470	8474	ACATC	13319	13323	1	4
8472	T	ACTTC	5	8470	8474	ACTAC	10376	10380	1	4
8472	T	ACTTC	5	8470	8474	TCTTC	11118	11122	1	4
8472	T	ACTTC	5	8470	8474	ACTTA	11007	11011	1	4
8472	T	ACTTC	5	8470	8474	ACTCC	10972	10976	1	4
8472	T	ACTTC	5	8470	8474	ACTAC	10732	10736	1	4
8472	T	ACTTC	5	8470	8474	ACCTC	10543	10547	1	4
8472	T	ACTTC	5	8470	8474	ATTTC	10432	10436	1	4
8472	T	ACTTC	5	8470	8474	AATTC	10219	10223	1	4
8472	T	ACTTC	5	8470	8474	ACTCC	11322	11326	1	4
8472	T	ACTTC	5	8470	8474	GCTTC	10177	10181	1	4
8472	T	ACTTC	5	8470	8474	GCTTC	9907	9911	1	4
8472	T	ACTTC	5	8470	8474	ACTTT	9901	9905	1	4
8472	T	ACTTC	5	8470	8474	ACATC	9896	9900	1	4
8472	T	ACTTC	5	8470	8474	ACTTT	9883	9887	1	4
8472	T	ACTTC	5	8470	8474	ACGTC	9826	9830	1	4
8472	T	ACTTC	5	8470	8474	ACTTA	11134	11138	1	4
8472	T	ACTTC	5	8470	8474	ACTCC	11392	11396	1	4
8472	T	ACTTC	5	8470	8474	ACATC	13226	13230	1	4
8472	T	ACTTC	5	8470	8474	ACTTT	12266	12270	1	4
8472	T	ACTTC	5	8470	8474	TCTTC	13106	13110	1	4
8472	T	ACTTC	5	8470	8474	ACTCC	12911	12915	1	4
8472	T	ACTTC	5	8470	8474	AGTTC	12683	12687	1	4
8472	T	ACTTC	5	8470	8474	AATTC	12641	12645	1	4
8472	T	ACTTC	5	8470	8474	GCTTC	12572	12576	1	4
8472	T	ACTTC	5	8470	8474	ACTCC	12321	12325	1	4
8472	T	ACTTC	5	8470	8474	ACTGC	12223	12227	1	4
8472	T	ACTTC	5	8470	8474	ACTTA	11397	11401	1	4
8472	T	ACTTC	5	8470	8474	ACATC	12158	12162	1	4
8472	T	ACTTC	5	8470	8474	ACATC	12114	12118	1	4
8472	T	ACTTC	5	8470	8474	ACCTC	11856	11860	1	4
8472	T	ACTTC	5	8470	8474	ACTAC	11757	11761	1	4
8472	T	ACTTC	5	8470	8474	GCTTC	11682	11686	1	4
8472	T	ACTTC	5	8470	8474	TCTTC	11624	11628	1	4
8472	T	ACTTC	5	8470	8474	ACTTA	11337	11341	1	4
8472	T	CTACT	5	8468	8472	CAACT	16245	16249	1	4
