pos	nuc	motif.seq	motif.length	motif.start	motif.end	repeat.seq	repeat.start	repeat.end	repeat.hamming.distance	effective.length
8473	G	CTACCACCTACCGCCC	16	8461	8476	CTAGCCCCTACCCCCC	9522	9537	3	13
8473	G	TACCACCTACCGCCCT	16	8462	8477	TACCAACTATCTCCCT	15843	15858	3	13
8473	G	CACCTACCGCCCTCAC	16	8465	8480	CACCTTCCACCCTTAC	15400	15415	3	13
8473	G	CCTACCGCCCTCACCA	16	8467	8482	TCAACCTCCCTCACCA	13444	13459	3	13
8473	G	CTACCGCCCTCACCAA	16	8468	8483	CAACCTCCCTCACCAT	13445	13460	3	13
8473	G	ACCGCCCTCACCAAAG	16	8470	8485	ACCTCCCTCACCATTG	13447	13462	3	13
8473	G	CGCCCTCACCAAAGCC	16	8472	8487	CGCCTTCTTCAAAGCC	13332	13347	3	13
8473	G	CTACCGCCCTCACCA	15	8468	8482	CAACCTCCCTCACCA	13445	13459	2	13
8473	G	ACTACCACCTACCGCC	16	8460	8475	ACAACCACCCACAGCC	10838	10853	3	13
8473	G	ACCGCCCTCACCAAA	15	8470	8484	ACCCCCCTCCCCATA	3565	3579	3	12
8473	G	CTACCGCCCTCACCA	15	8468	8482	CTACCTCCCTGACAA	13580	13594	3	12
8473	G	CACCTACCGCCCTCA	15	8465	8479	CACCTACACCCCTTA	8924	8938	3	12
8473	G	ACCACCTACCGCCCT	15	8463	8477	ATCACCTTCCACCCT	15398	15412	3	12
8473	G	ACCGCCCTCACCA	13	8470	8482	AACACCCTCACCA	4009	4021	2	11
8473	G	CGCCCTCACCAAA	13	8472	8484	CTCCCTCACTAAA	4906	4918	2	11
8473	G	ACCGCCCTCACCA	13	8470	8482	ATCGCCCTTACCA	5457	5469	2	11
8473	G	CACCTACCGCCC	12	8465	8476	CACCTATCCCCC	12077	12088	2	10
8473	G	CGCCCTCACCAA	12	8472	8483	CACCCTCACCAC	4011	4022	2	10
8473	G	CGCCCTCACCAA	12	8472	8483	CGCCCTTACCAC	5459	5470	2	10
8473	G	CGCCCTCACCAA	12	8472	8483	CCCCCGCACCAA	14244	14255	2	10
8473	G	CCGCCCTCACCA	12	8471	8482	CCTCCCTTACCA	7863	7874	2	10
8473	G	ACCGCCCTCACC	12	8470	8481	ACCGCCCCGACC	3523	3534	2	10
8473	G	ACCGCCCTCACC	12	8470	8481	ACCACCCTAACC	12358	12369	2	10
8473	G	TACCGCCCTCAC	12	8469	8480	TCCCACCCTCAC	15262	15273	2	10
8473	G	CCTACCGCCCTC	12	8467	8478	CTTACCTCCCTC	6215	6226	2	10
8473	G	CCTACCGCCCTC	12	8467	8478	CTTACCACCCTC	12394	12405	2	10
8473	G	CCTACCGCCCTC	12	8467	8478	CCTACCTCCATC	14372	14383	2	10
8473	G	CACCTACCGCCC	12	8465	8476	CACCAACCACCC	8804	8815	2	10
8473	G	TACCGCCCTCAC	12	8469	8480	TACCTCCCTCTC	6217	6228	2	10
8473	G	CGCCCTCACCAA	12	8472	8483	CCCCCTCCCCAA	956	967	2	10
8473	G	GCCCTCACCA	10	8473	8482	GCTCTCACCA	3538	3547	1	9
8473	G	ACCGCCCTCA	10	8470	8479	ACCCCCCTCA	16374	16383	1	9
8473	G	TACCGCCCTC	10	8469	8478	TACCGCCATC	1259	1268	1	9
8473	G	GCCCTCACCAA	11	8473	8483	GCTCTCACCAT	3538	3548	2	9
8473	G	GCCCTCACCAA	11	8473	8483	GCCCTCAGTAA	5549	5559	2	9
8473	G	GCCCTCACCAA	11	8473	8483	ACACTCACCAA	14399	14409	2	9
8473	G	GCCCTCACCAA	11	8473	8483	CCCCTCACCCA	16259	16269	2	9
8473	G	CGCCCTCACCA	11	8472	8482	CAACCTCACCA	1230	1240	2	9
8473	G	CCTACCGCCCT	11	8467	8477	GCTACCTCCCT	13579	13589	2	9
8473	G	TACCGCCCTCA	11	8469	8479	TACCACCCTCG	12396	12406	2	9
8473	G	TACCGCCCTCA	11	8469	8479	GACCCCCCTCA	16373	16383	2	9
8473	G	CTACCGCCCTC	11	8468	8478	ATACCGCCATC	1258	1268	2	9
8473	G	CTACCGCCCTC	11	8468	8478	CTACCGCATTC	5107	5117	2	9
8473	G	CTACCGCCCTC	11	8468	8478	CAACCCCCCTC	10944	10954	2	9
8473	G	CCTACCGCCCT	11	8467	8477	CCTACCCCCCA	9528	9538	2	9
8473	G	ACCTACCGCCC	11	8466	8476	ACACACCGCCC	1478	1488	2	9
8473	G	TACCGCCCTCA	11	8469	8479	TACCGCCATCT	1259	1269	2	9
8473	G	ACCTACCGCCC	11	8466	8476	ACCTACCGAGC	1995	2005	2	9
8473	G	ACCTACCGCCC	11	8466	8476	ACCTATCTCCC	5480	5490	2	9
8473	G	ACCTACCGCCC	11	8466	8476	ACCAAACGCCC	6439	6449	2	9
8473	G	ACCTACCGCCC	11	8466	8476	ACCTACCCACC	16285	16295	2	9
8473	G	CCACCTACCGC	11	8464	8474	CCAGCCACCGC	890	900	2	9
8473	G	CCACCTACCGC	11	8464	8474	CCACCTATCAC	4379	4389	2	9
8473	G	TACCGCCCTCA	11	8469	8479	TCACGCCCTCA	7660	7670	2	9
8473	G	ACCGCCCTCAC	11	8470	8480	ACCCCCCTCAG	16374	16384	2	9
8473	G	CGCCCTCACCA	11	8472	8482	AGCTCTCACCA	3537	3547	2	9
8473	G	CCGCCCTCACC	11	8471	8481	CCACCATCACC	5317	5327	2	9
8473	G	CGCCCTCACCA	11	8472	8482	CGCTATCACCA	13179	13189	2	9
8473	G	CGCCCTCACCA	11	8472	8482	CGACCTCCCCA	14803	14813	2	9
8473	G	CGCCCTCACCA	11	8472	8482	CGCCCACATCA	14944	14954	2	9
8473	G	CGCCCTCACCA	11	8472	8482	CCCCCTCCCCA	16184	16194	2	9
8473	G	CCGCCCTCACC	11	8471	8481	CCCCCCTCCCC	304	314	2	9
8473	G	CCGCCCTCACC	11	8471	8481	CCGCCATCATC	7791	7801	2	9
8473	G	ACCGCCCTCAC	11	8470	8480	ACAGCCCTCGC	13801	13811	2	9
8473	G	CCGCCCTCACC	11	8471	8481	CCGACCACACC	14558	14568	2	9
8473	G	CCGCCCTCACC	11	8471	8481	CCACCCTCACA	15264	15274	2	9
8473	G	CCGCCCTCACC	11	8471	8481	CACCCCTCACC	16257	16267	2	9
8473	G	ACCGCCCTCAC	11	8470	8480	ACCGCGGTCAC	896	906	2	9
8473	G	ACCGCCCTCAC	11	8470	8480	ATCGCCCTCCC	7811	7821	2	9
8473	G	ACCGCCCTCAC	11	8470	8480	AACGCACTCAC	11763	11773	2	9
8473	G	CGCCCTCACCA	11	8472	8482	CGCCCTCATAA	7663	7673	2	9
8473	G	CGCCCTCAC	9	8472	8480	CGCCCTTAC	13209	13217	1	8
8473	G	CACCTACCG	9	8465	8473	AACCTACCG	1994	2002	1	8
8473	G	GCCCTCACCA	10	8473	8482	GACTTCACCA	2860	2869	2	8
8473	G	GCCCTCACCA	10	8473	8482	GCCCTTACTA	5650	5659	2	8
8473	G	GCCCTCACCA	10	8473	8482	GCCCCCAACA	9554	9563	2	8
8473	G	GCCCTCACCA	10	8473	8482	GAGCTCACCA	9643	9652	2	8
8473	G	GCCCTCACCA	10	8473	8482	CCCTTCACCA	9759	9768	2	8
8473	G	GCCCTCACCA	10	8473	8482	ACCCTCAACA	10611	10620	2	8
8473	G	GCCCTCACCA	10	8473	8482	CCCCTCACAA	10979	10988	2	8
8473	G	GCCCTCACCA	10	8473	8482	GCCTTCTCCA	13243	13252	2	8
8473	G	GCCCTCACCA	10	8473	8482	CCCCTCCCCA	15537	15546	2	8
8473	G	CGCCCTCACC	10	8472	8481	CGCCTTCCCC	3162	3171	2	8
8473	G	GCCCTCACCA	10	8473	8482	GCCCCCACAA	8557	8566	2	8
8473	G	CGCCCTCACC	10	8472	8481	CGCCCTGATC	3687	3696	2	8
8473	G	CGCCCTCACC	10	8472	8481	CGCACTCTCC	4050	4059	2	8
8473	G	CGCCCTCACC	10	8472	8481	CGCCCTCCCA	7813	7822	2	8
8473	G	CGCCCTCACC	10	8472	8481	CGCTCACACC	10536	10545	2	8
8473	G	CTACCGCCCT	10	8468	8477	CTAACACCCT	5187	5196	2	8
8473	G	CTACCGCCCT	10	8468	8477	CTCCCACCCT	6311	6320	2	8
8473	G	CTACCGCCCT	10	8468	8477	CTACCTCTCT	11041	11050	2	8
8473	G	CTACCGCCCT	10	8468	8477	CTAACCCCCT	14766	14775	2	8
8473	G	CTACCGCCCT	10	8468	8477	CAACCGCCTT	14925	14934	2	8
8473	G	CCTACCGCCC	10	8467	8476	CCTACCACTC	4185	4194	2	8
8473	G	CCTACCGCCC	10	8467	8476	CCTACCACAC	7405	7414	2	8
8473	G	CCTACCGCCC	10	8467	8476	CCTACCCGCC	8574	8583	2	8
8473	G	CCTACCGCCC	10	8467	8476	CCTACCCCTC	10975	10984	2	8
8473	G	CCTACCGCCC	10	8467	8476	CCTAAAGCCC	11408	11417	2	8
8473	G	CCTACCGCCC	10	8467	8476	CTTACCCCCC	11863	11872	2	8
8473	G	ACCTACCGCC	10	8466	8475	ATATACCGCC	1256	1265	2	8
8473	G	ACCTACCGCC	10	8466	8475	ACCTAGCCCC	1676	1685	2	8
8473	G	ACCTACCGCC	10	8466	8475	ACCTCCGGCC	9288	9297	2	8
8473	G	ACCTACCGCC	10	8466	8475	TCCTACCTCC	14371	14380	2	8
8473	G	CACCTACCGC	10	8465	8474	CACACACCGC	518	527	2	8
8473	G	CACCTACCGC	10	8465	8474	AACCTACCGA	1994	2003	2	8
8473	G	CACCTACCGC	10	8465	8474	CTACTACCGC	5104	5113	2	8
8473	G	CACCTACCGC	10	8465	8474	CATCTACGGC	9779	9788	2	8
8473	G	CACCTACCGC	10	8465	8474	CTCCTACCCC	10973	10982	2	8
8473	G	CACCTACCGC	10	8465	8474	CACCCACCAC	12016	12025	2	8
8473	G	CACCTACCGC	10	8465	8474	CACACACCGC	13932	13941	2	8
8473	G	CACCTACCGC	10	8465	8474	CACCCACAGC	14356	14365	2	8
8473	G	CACCTACCGC	10	8465	8474	CAACAACCGC	16076	16085	2	8
8473	G	CCACCTACCG	10	8464	8473	AAACCTACCG	1993	2002	2	8
8473	G	CCACCTACCG	10	8464	8473	CCACCTACTC	9027	9036	2	8
8473	G	CCACCTACCG	10	8464	8473	CCATTTACCG	16320	16329	2	8
8473	G	CTACCGCCCT	10	8468	8477	CTACAACCCT	3442	3451	2	8
8473	G	CTACCGCCCT	10	8468	8477	CTATCACCCT	2276	2285	2	8
8473	G	CTACCGCCCT	10	8468	8477	CTATCACCCT	11	20	2	8
8473	G	ACCGCCCTCA	10	8470	8479	ACCGCTCTGA	1661	1670	2	8
8473	G	CGCCCTCACC	10	8472	8481	CGCACTCACA	11765	11774	2	8
8473	G	CGCCCTCACC	10	8472	8481	CTCACTCACC	12010	12019	2	8
8473	G	CGCCCTCACC	10	8472	8481	CGCCCTTACA	13209	13218	2	8
8473	G	CGCCCTCACC	10	8472	8481	CGCCCTCGGC	15430	15439	2	8
8473	G	CCGCCCTCAC	10	8471	8480	TCTCCCTCAC	4905	4914	2	8
8473	G	CCGCCCTCAC	10	8471	8480	ACGCCCTCAT	7662	7671	2	8
8473	G	CCGCCCTCAC	10	8471	8480	CCTGCCTCAC	8787	8796	2	8
8473	G	CCGCCCTCAC	10	8471	8480	GCGCCCTTAC	13208	13217	2	8
8473	G	CCGCCCTCAC	10	8471	8480	CCACCCTTAC	13649	13658	2	8
8473	G	CCGCCCTCAC	10	8471	8480	CCGCCATCCC	15198	15207	2	8
8473	G	ACCGCCCTCA	10	8470	8479	ACCCCCCACA	567	576	2	8
8473	G	ACCGCCCTCA	10	8470	8479	ACCCTCCTCA	1492	1501	2	8
8473	G	ACCGCCCTCA	10	8470	8479	AAAGCCCTCA	5546	5555	2	8
8473	G	TACCGCCCTC	10	8469	8478	CACAGCCCTC	13800	13809	2	8
8473	G	ACCGCCCTCA	10	8470	8479	ACCGGCGTCA	6849	6858	2	8
8473	G	ACCGCCCTCA	10	8470	8479	CCCGCCATCA	7790	7799	2	8
8473	G	ACCGCCCTCA	10	8470	8479	ACCCCCCTCC	10946	10955	2	8
8473	G	ACCGCCCTCA	10	8470	8479	AACACCCTCA	12059	12068	2	8
8473	G	ACCGCCCTCA	10	8470	8479	ACTCCCCTCA	13032	13041	2	8
8473	G	ACCGCCCTCA	10	8470	8479	ACCTCCATCA	14053	14062	2	8
8473	G	ACCGCCCTCA	10	8470	8479	ACCTCCCCCA	14527	14536	2	8
8473	G	ACCGCCCTCA	10	8470	8479	ATCGCCCACA	14942	14951	2	8
8473	G	ACCGCCCTCA	10	8470	8479	ACAGCCTTCA	15122	15131	2	8
8473	G	TACCGCCCTC	10	8469	8478	AACCCCCCTC	3564	3573	2	8
8473	G	TACCGCCCTC	10	8469	8478	CATCGCCCTC	7810	7819	2	8
8473	G	TACCGCCCTC	10	8469	8478	TACCCCCCAC	11865	11874	2	8
8473	G	GCCCTCACCA	10	8473	8482	GACCTAACCA	6333	6342	2	8
8473	G	CGCCCTCA	8	8472	8479	CCCCCTCA	4249	4256	1	7
8473	G	CCGCCCTC	8	8471	8478	CCACCCTC	5206	5213	1	7
8473	G	GCCCTCAC	8	8473	8480	GCCCACAC	16535	16542	1	7
8473	G	ACCTACCG	8	8466	8473	ACCTACTG	11880	11887	1	7
8473	G	ACCTACCG	8	8466	8473	ACCAACCG	3883	3890	1	7
8473	G	CCTACCGC	8	8467	8474	CCTACCCC	11532	11539	1	7
8473	G	CTACCGCC	8	8468	8475	CTACCCCC	8278	8285	1	7
8473	G	CTACCGCC	8	8468	8475	CTCCCGCC	5733	5740	1	7
8473	G	TACCGCCC	8	8469	8476	TACCACCC	16050	16057	1	7
8473	G	TACCGCCC	8	8469	8476	CACCGCCC	3522	3529	1	7
8473	G	ACCGCCCT	8	8470	8477	ACAGCCCT	13834	13841	1	7
8473	G	GCCCTCAC	8	8473	8480	GCCCTCTC	9267	9274	1	7
8473	G	ACCGCCCT	8	8470	8477	ACCTCCCT	4105	4112	1	7
8473	G	ACCGCCCT	8	8470	8477	ACCGCCCG	1482	1489	1	7
8473	G	CCGCCCTC	8	8471	8478	ACGCCCTC	15429	15436	1	7
8473	G	CCGCCCTC	8	8471	8478	CCGCCCGC	10195	10202	1	7
8473	G	CCGCCCTC	8	8471	8478	CAGCCCTC	9274	9281	1	7
8473	G	ACCGCCCT	8	8470	8477	ACAGCCCT	11966	11973	1	7
8473	G	GCCCTCAC	8	8473	8480	ACCCTCAC	2412	2419	1	7
8473	G	CCGCCCT	7	8471	8477	CCACCCT	3794	3800	1	6
8473	G	CCGCCCT	7	8471	8477	ACGCCCT	3686	3692	1	6
8473	G	CCGCCCT	7	8471	8477	CCGACCT	3529	3535	1	6
8473	G	CGCCCTC	7	8472	8478	CTCCCTC	11977	11983	1	6
8473	G	CCGCCCT	7	8471	8477	TCGCCCT	3965	3971	1	6
8473	G	CCGCCCT	7	8471	8477	CCTCCCT	3116	3122	1	6
8473	G	CCGCCCT	7	8471	8477	CCGCCCA	497	503	1	6
8473	G	CGCCCTC	7	8472	8478	CGCCCAC	15698	15704	1	6
8473	G	CGCCCTC	7	8472	8478	CCCCCTC	13782	13788	1	6
8473	G	ACCGCCC	7	8470	8476	ACCGCAC	13937	13943	1	6
8473	G	CGCCCTC	7	8472	8478	CGCCCAC	11710	11716	1	6
8473	G	CGCCCTC	7	8472	8478	AGCCCTC	11641	11647	1	6
8473	G	CGCCCTC	7	8472	8478	CTCCCTC	10625	10631	1	6
8473	G	CGCCCTC	7	8472	8478	TGCCCTC	10265	10271	1	6
8473	G	CGCCCTC	7	8472	8478	CACCCTC	10088	10094	1	6
8473	G	CGCCCTC	7	8472	8478	GGCCCTC	9266	9272	1	6
8473	G	CGCCCTC	7	8472	8478	CCCCCTC	8605	8611	1	6
8473	G	CCGCCCT	7	8471	8477	CCTCCCT	6291	6297	1	6
8473	G	CGCCCTC	7	8472	8478	CCCCCTC	8281	8287	1	6
8473	G	CCGCCCT	7	8471	8477	CCGGCCT	4846	4852	1	6
8473	G	ACCGCCC	7	8470	8476	ACCACCC	8656	8662	1	6
8473	G	CCGCCCT	7	8471	8477	CCGTCCT	6463	6469	1	6
8473	G	CCGCCCT	7	8471	8477	CCACCCT	7401	7407	1	6
8473	G	CGCCCTC	7	8472	8478	CACCCTC	5324	5330	1	6
8473	G	ACCGCCC	7	8470	8476	ATCGCCC	11708	11714	1	6
8473	G	ACCGCCC	7	8470	8476	ACTGCCC	11303	11309	1	6
8473	G	ACCGCCC	7	8470	8476	ACCCCCC	7465	7471	1	6
8473	G	ACCGCCC	7	8470	8476	ACAGCCC	6078	6084	1	6
8473	G	ACCGCCC	7	8470	8476	ACCGCCT	2539	2545	1	6
8473	G	ACCGCCC	7	8470	8476	ACAGCCC	2374	2380	1	6
8473	G	ACCGCCC	7	8470	8476	CCCGCCC	496	502	1	6
8473	G	ACCGCCC	7	8470	8476	ACCCCCC	432	438	1	6
8473	G	ACCGCCC	7	8470	8476	ACCCCCC	302	308	1	6
8473	G	CCGCCCT	7	8471	8477	CCACCCT	16291	16297	1	6
8473	G	CCGCCCT	7	8471	8477	CAGCCCT	15315	15321	1	6
8473	G	CCGCCCT	7	8471	8477	CCACCCT	13679	13685	1	6
8473	G	CCGCCCT	7	8471	8477	CAGCCCT	13067	13073	1	6
8473	G	CCGCCCT	7	8471	8477	CCTCCCT	10552	10558	1	6
8473	G	CCGCCCT	7	8471	8477	CCGGCCT	9292	9298	1	6
8473	G	CCGCCCT	7	8471	8477	CCACCCT	9056	9062	1	6
8473	G	CGCCCTC	7	8472	8478	CCCCCTC	8272	8278	1	6
8473	G	CGCCCT	6	8472	8477	CGCCCT	3966	3971	0	6
8473	G	CGCCCTC	7	8472	8478	CGCCCTA	3966	3972	1	6
8473	G	GCCCTCA	7	8473	8479	GCCCTAA	1097	1103	1	6
8473	G	GCCCTCA	7	8473	8479	GCCTTCA	5540	5546	1	6
8473	G	GCCCTCA	7	8473	8479	GCCCCCA	4878	4884	1	6
8473	G	GCCCTCA	7	8473	8479	GCCATCA	4635	4641	1	6
8473	G	GCCCTCA	7	8473	8479	GCCATCA	3834	3840	1	6
8473	G	GCCCTCA	7	8473	8479	GCCATCA	3745	3751	1	6
8473	G	GCCCTCA	7	8473	8479	GCCCACA	2056	2062	1	6
8473	G	GCCCTCA	7	8473	8479	GCCCTGA	1464	1470	1	6
8473	G	GCCCTCA	7	8473	8479	GCCCTTA	1393	1399	1	6
8473	G	CTACCG	6	8468	8473	CTACCG	8382	8387	0	6
8473	G	CGCCCTC	7	8472	8478	CACCCTC	3510	3516	1	6
8473	G	CTACCG	6	8468	8473	CTACCG	5049	5054	0	6
8473	G	TACCGC	6	8469	8474	TACCGC	12732	12737	0	6
8473	G	TACCGC	6	8469	8474	TACCGC	1783	1788	0	6
8473	G	ACCGCC	6	8470	8475	ACCGCC	2539	2544	0	6
8473	G	CCGCCC	6	8471	8476	CCGCCC	497	502	0	6
8473	G	GCCCTC	6	8473	8478	GCCCTC	11642	11647	0	6
8473	G	GCCCTC	6	8473	8478	GCCCTC	10266	10271	0	6
8473	G	ACCGCCC	7	8470	8476	ACCACCC	14336	14342	1	6
8473	G	GCCCTCA	7	8473	8479	GCCATCA	6384	6390	1	6
8473	G	GCCCTCA	7	8473	8479	GCCATCA	7065	7071	1	6
8473	G	GCCCTCA	7	8473	8479	GTCCTCA	7805	7811	1	6
8473	G	GCCCTCA	7	8473	8479	GCCCCCA	8027	8033	1	6
8473	G	CGCCCTC	7	8472	8478	CGACCTC	2982	2988	1	6
8473	G	CGCCCTC	7	8472	8478	CGACCTC	2818	2824	1	6
8473	G	CGCCCTC	7	8472	8478	CACCCTC	1491	1497	1	6
8473	G	CGCCCTC	7	8472	8478	CACCCTC	722	728	1	6
8473	G	GCCCTCA	7	8473	8479	ACCCTCA	16220	16226	1	6
8473	G	GCCCTCA	7	8473	8479	GACCTCA	14410	14416	1	6
8473	G	GCCCTCA	7	8473	8479	GACCTCA	13843	13849	1	6
8473	G	GCCCTCA	7	8473	8479	GCCCCCA	12236	12242	1	6
8473	G	GCCCTCA	7	8473	8479	TCCCTCA	12101	12107	1	6
8473	G	GCCCTCA	7	8473	8479	ACCCTCA	12040	12046	1	6
8473	G	GCCCTCA	7	8473	8479	GCCCTCG	11642	11648	1	6
8473	G	GCCCTCA	7	8473	8479	GCCCCCA	11426	11432	1	6
8473	G	GCCCTCA	7	8473	8479	CCCCTCA	10473	10479	1	6
8473	G	GCCCTCA	7	8473	8479	GCCCTAA	10353	10359	1	6
8473	G	GCCCTCA	7	8473	8479	GCCCTCC	10266	10272	1	6
8473	G	GCCCTCA	7	8473	8479	GCCCTCC	9276	9282	1	6
8473	G	GCCCTCA	7	8473	8479	GCACTCA	8065	8071	1	6
8473	G	ACCGCCC	7	8470	8476	AACGCCC	14223	14229	1	6
8473	G	ACCGCCC	7	8470	8476	CCCGCCC	10194	10200	1	6
8473	G	ACCGCCC	7	8470	8476	ACCTCCC	15380	15386	1	6
8473	G	TACCGCC	7	8469	8475	TACCTCC	589	595	1	6
8473	G	CCTACCG	7	8467	8473	TCTACCG	5048	5054	1	6
8473	G	CTACCGC	7	8468	8474	CTATCGC	10581	10587	1	6
8473	G	CTACCGC	7	8468	8474	CTACCAC	10793	10799	1	6
8473	G	CTACCGC	7	8468	8474	TTACCGC	12731	12737	1	6
8473	G	CCTACCG	7	8467	8473	CCTACCC	505	511	1	6
8473	G	CCTACCG	7	8467	8473	CTTACCG	3370	3376	1	6
8473	G	CCTACCG	7	8467	8473	CCTACGG	3431	3437	1	6
8473	G	CCTACCG	7	8467	8473	CCTACCT	5477	5483	1	6
8473	G	TACCGCC	7	8469	8475	TACCGCA	1783	1789	1	6
8473	G	CCTACCG	7	8467	8473	CCGACCG	5911	5917	1	6
8473	G	CCTACCG	7	8467	8473	CCTACCA	6644	6650	1	6
8473	G	CCTACCG	7	8467	8473	CCCACCG	6846	6852	1	6
8473	G	CCTACCG	7	8467	8473	ACTACCG	8381	8387	1	6
8473	G	CCTACCG	7	8467	8473	CCTACCA	10280	10286	1	6
8473	G	CCTACCG	7	8467	8473	CCTCCCG	14262	14268	1	6
8473	G	CTACCGC	7	8468	8474	CTACCAC	10128	10134	1	6
8473	G	CTACCGC	7	8468	8474	CTACCAC	8461	8467	1	6
8473	G	CTACCGC	7	8468	8474	CTACGGC	7921	7927	1	6
8473	G	CTACCGC	7	8468	8474	CTACCCC	7229	7235	1	6
8473	G	CTACCGC	7	8468	8474	CTACCGT	5049	5055	1	6
8473	G	CTACCGC	7	8468	8474	CAACCGC	4660	4666	1	6
8473	G	CTACCGC	7	8468	8474	GTACCGC	1782	1788	1	6
8473	G	CTACCGC	7	8468	8474	CTACCCC	1372	1378	1	6
8473	G	TACCGCC	7	8469	8475	TACTGCC	16102	16108	1	6
8473	G	TACCGCC	7	8469	8475	TACCGCT	12732	12738	1	6
8473	G	TACCGCC	7	8469	8475	TACCCCC	12430	12436	1	6
8473	G	TACCGCC	7	8469	8475	TGCCGCC	10667	10673	1	6
8473	G	TACCGCC	7	8469	8475	TACCACC	8462	8468	1	6
8473	G	TACCGCC	7	8469	8475	TACCCCC	8404	8410	1	6
8473	G	TACCGCC	7	8469	8475	TACCCCC	4135	4141	1	6
8473	G	TACCGCC	7	8469	8475	CACCGCC	2538	2544	1	6
8473	G	CCTACCG	7	8467	8473	CCTCCCG	15142	15148	1	6
8473	G	CTACCGC	7	8468	8474	CTACCGT	8382	8388	1	6
8473	G	ACCGCC	6	8470	8475	ACCCCC	8271	8276	1	5
8473	G	CTACCG	6	8468	8473	CTACCT	13851	13856	1	5
8473	G	ACCGCC	6	8470	8475	ACCGAC	7916	7921	1	5
8473	G	ACCGCC	6	8470	8475	ACCCCC	10935	10940	1	5
8473	G	ACCGCC	6	8470	8475	ACCGGC	11687	11692	1	5
8473	G	ACCGCC	6	8470	8475	ACCCCC	11672	11677	1	5
8473	G	ACCGCC	6	8470	8475	ACAGCC	11654	11659	1	5
8473	G	ACCGCC	6	8470	8475	ACCCCC	11511	11516	1	5
8473	G	ACCGCC	6	8470	8475	AACGCC	11181	11186	1	5
8473	G	ACCGCC	6	8470	8475	ACAGCC	11090	11095	1	5
8473	G	ACCGCC	6	8470	8475	AACGCC	11001	11006	1	5
8473	G	ACCGCC	6	8470	8475	GCCGCC	9918	9923	1	5
8473	G	ACCGCC	6	8470	8475	ACCTCC	8623	8628	1	5
8473	G	ACCGCC	6	8470	8475	GCCGCC	9915	9920	1	5
8473	G	ACCGCC	6	8470	8475	TCCGCC	9865	9870	1	5
8473	G	ACCGCC	6	8470	8475	ACCACC	9422	9427	1	5
8473	G	ACCGCC	6	8470	8475	AGCGCC	9052	9057	1	5
8473	G	ACCGCC	6	8470	8475	ACCGCT	9007	9012	1	5
8473	G	ACCGCC	6	8470	8475	ACCTCC	8774	8779	1	5
8473	G	ACCGCC	6	8470	8475	ACCGAC	8645	8650	1	5
8473	G	ACCGCC	6	8470	8475	ACCGCT	8138	8143	1	5
8473	G	ACCGCC	6	8470	8475	ACCGTC	7772	7777	1	5
8473	G	ACCGCC	6	8470	8475	ACCGCA	13528	13533	1	5
8473	G	CCGCCC	6	8471	8476	CCCCCC	12385	12390	1	5
8473	G	CCGCCC	6	8471	8476	CCACCC	16256	16261	1	5
8473	G	CCGCCC	6	8471	8476	TCGCCC	15697	15702	1	5
8473	G	CCGCCC	6	8471	8476	CCGTCC	15594	15599	1	5
8473	G	CCGCCC	6	8471	8476	CCACCC	14811	14816	1	5
8473	G	CCGCCC	6	8471	8476	CTGCCC	13978	13983	1	5
8473	G	CCGCCC	6	8471	8476	CCACCC	13125	13130	1	5
8473	G	CCGCCC	6	8471	8476	CCACCC	13055	13060	1	5
8473	G	CCGCCC	6	8471	8476	CCACCC	13023	13028	1	5
8473	G	CCGCCC	6	8471	8476	CAGCCC	13007	13012	1	5
8473	G	CCGCCC	6	8471	8476	ACGCCC	12812	12817	1	5
8473	G	CCGCCC	6	8471	8476	CCGACC	10932	10937	1	5
8473	G	ACCGCC	6	8470	8475	ACAGCC	257	262	1	5
8473	G	CCGCCC	6	8471	8476	CCGCCT	10669	10674	1	5
8473	G	CCGCCC	6	8471	8476	CCACCC	10159	10164	1	5
8473	G	CCGCCC	6	8471	8476	CCGCCT	9919	9924	1	5
8473	G	CCGCCC	6	8471	8476	CCGCCG	9916	9921	1	5
8473	G	CCGCCC	6	8471	8476	CCGCCA	9866	9871	1	5
8473	G	CCGCCC	6	8471	8476	CAGCCC	9245	9250	1	5
8473	G	CCGCCC	6	8471	8476	CCGCCG	8579	8584	1	5
8473	G	CCGCCC	6	8471	8476	CTGCCC	7787	7792	1	5
8473	G	CCGCCC	6	8471	8476	CCCCCC	7397	7402	1	5
8473	G	CCGCCC	6	8471	8476	CCGCCG	6568	6573	1	5
8473	G	CCGCCC	6	8471	8476	CCGCAC	16426	16431	1	5
8473	G	ACCGCC	6	8470	8475	ACCCCC	493	498	1	5
8473	G	ACCGCC	6	8470	8475	ACCTCC	6819	6824	1	5
8473	G	ACCGCC	6	8470	8475	ACCCCC	3892	3897	1	5
8473	G	ACCGCC	6	8470	8475	CCCGCC	6567	6572	1	5
8473	G	ACCGCC	6	8470	8475	ACCACC	6552	6557	1	5
8473	G	ACCGCC	6	8470	8475	ACCGCA	6538	6543	1	5
8473	G	ACCGCC	6	8470	8475	ACCCCC	6419	6424	1	5
8473	G	ACCGCC	6	8470	8475	ACCCCC	5894	5899	1	5
8473	G	ACCGCC	6	8470	8475	GCCGCC	5738	5743	1	5
8473	G	ACCGCC	6	8470	8475	ACCGGC	5241	5246	1	5
8473	G	ACCGCC	6	8470	8475	ACCGCA	4662	4667	1	5
8473	G	ACCGCC	6	8470	8475	ACCCCC	4317	4322	1	5
8473	G	ACCGCC	6	8470	8475	ACCTCC	4166	4171	1	5
8473	G	ACCGCC	6	8470	8475	ACCCCC	3584	3589	1	5
8473	G	ACCGCC	6	8470	8475	ACCGCT	523	528	1	5
8473	G	ACCGCC	6	8470	8475	CCCGCC	3493	3498	1	5
8473	G	ACCGCC	6	8470	8475	ACCTCC	3320	3325	1	5
8473	G	ACCGCC	6	8470	8475	AGCGCC	3160	3165	1	5
8473	G	ACCGCC	6	8470	8475	ACCTCC	2838	2843	1	5
8473	G	ACCGCC	6	8470	8475	ACGGCC	2565	2570	1	5
8473	G	ACCGCC	6	8470	8475	CCCGCC	2489	2494	1	5
8473	G	ACCGCC	6	8470	8475	ACCCCC	1900	1905	1	5
8473	G	ACCGCC	6	8470	8475	ACCACC	1237	1242	1	5
8473	G	ACCGCC	6	8470	8475	ACCCCC	955	960	1	5
8473	G	ACCGCC	6	8470	8475	ACCCCC	801	806	1	5
8473	G	ACCGCC	6	8470	8475	ACCCCC	13127	13132	1	5
8473	G	ACCGCC	6	8470	8475	ACCACC	16399	16404	1	5
8473	G	ACCGCC	6	8470	8475	AACGCC	13549	13554	1	5
8473	G	CTACCG	6	8468	8473	CTATCG	4422	4427	1	5
8473	G	CTACCG	6	8468	8473	CTACCA	2785	2790	1	5
8473	G	CTACCG	6	8468	8473	CTACCT	2221	2226	1	5
8473	G	CTACCG	6	8468	8473	CTACCT	1919	1924	1	5
8473	G	CTACCG	6	8468	8473	CTACCA	1703	1708	1	5
8473	G	TACCGC	6	8469	8474	TCCCGC	16424	16429	1	5
8473	G	TACCGC	6	8469	8474	TACCGT	16325	16330	1	5
8473	G	TACCGC	6	8469	8474	TACAGC	16209	16214	1	5
8473	G	TACCGC	6	8469	8474	CACCGC	14565	14570	1	5
8473	G	CTACCG	6	8468	8473	CTACCC	13920	13925	1	5
8473	G	TACCGC	6	8469	8474	TACCAC	14326	14331	1	5
8473	G	TACCGC	6	8469	8474	AACCGC	13527	13532	1	5
8473	G	TACCGC	6	8469	8474	TACCTC	13433	13438	1	5
8473	G	TACCGC	6	8469	8474	TACCGA	12203	12208	1	5
8473	G	TACCGC	6	8469	8474	TACCGG	12121	12126	1	5
8473	G	TACCGC	6	8469	8474	TACCAC	11992	11997	1	5
8473	G	CTACCG	6	8468	8473	CTACCA	3503	3508	1	5
8473	G	CTACCG	6	8468	8473	CTACCA	4501	4506	1	5
8473	G	ACCGCC	6	8470	8475	AGCGCC	13594	13599	1	5
8473	G	CTACCG	6	8468	8473	CTACCA	4735	4740	1	5
8473	G	CTACCG	6	8468	8473	CAACCG	12858	12863	1	5
8473	G	CTACCG	6	8468	8473	TTACCG	12202	12207	1	5
8473	G	CTACCG	6	8468	8473	TTACCG	12120	12125	1	5
8473	G	CTACCG	6	8468	8473	CTACCT	10965	10970	1	5
8473	G	CTACCG	6	8468	8473	GTACCG	10009	10014	1	5
8473	G	CTACCG	6	8468	8473	CAACCG	9668	9673	1	5
8473	G	CTACCG	6	8468	8473	CTACCT	9186	9191	1	5
8473	G	CTACCG	6	8468	8473	CTACTG	9118	9123	1	5
8473	G	CTACCG	6	8468	8473	CAACCG	8643	8648	1	5
8473	G	CTACCG	6	8468	8473	CTACGG	8161	8166	1	5
8473	G	CTACCG	6	8468	8473	CGACCG	8147	8152	1	5
8473	G	CTACCG	6	8468	8473	CTCCCG	8015	8020	1	5
8473	G	CTACCG	6	8468	8473	CTACCA	6826	6831	1	5
8473	G	CTACCG	6	8468	8473	CTACCC	6287	6292	1	5
8473	G	CTACCG	6	8468	8473	CTACCT	5345	5350	1	5
8473	G	TACCGC	6	8469	8474	TGCCGC	11452	11457	1	5
8473	G	TACCGC	6	8469	8474	TACCTC	11379	11384	1	5
8473	G	TACCGC	6	8469	8474	TATCGC	10533	10538	1	5
8473	G	TACCGC	6	8469	8474	TACCCC	10276	10281	1	5
8473	G	TACCGC	6	8469	8474	TATCGC	159	164	1	5
8473	G	CTACCG	6	8468	8473	CTACCT	13788	13793	1	5
8473	G	ACCGCC	6	8470	8475	ACCCCC	16183	16188	1	5
8473	G	ACCGCC	6	8470	8475	ACCACC	16146	16151	1	5
8473	G	ACCGCC	6	8470	8475	ACCGCT	16081	16086	1	5
8473	G	ACCGCC	6	8470	8475	ACCTCC	15738	15743	1	5
8473	G	ACCGCC	6	8470	8475	ACCTCC	15489	15494	1	5
8473	G	ACCGCC	6	8470	8475	ACCCCC	15366	15371	1	5
8473	G	ACCGCC	6	8470	8475	ACCTCC	15333	15338	1	5
8473	G	ACCGCC	6	8470	8475	TCCGCC	15197	15202	1	5
8473	G	ACCGCC	6	8470	8475	ACCCCC	14587	14592	1	5
8473	G	ACCGCC	6	8470	8475	ACCGCT	14566	14571	1	5
8473	G	ACCGCC	6	8470	8475	ACCCCC	14424	14429	1	5
8473	G	ACCGCC	6	8470	8475	ACCACC	14333	14338	1	5
8473	G	ACCGCC	6	8470	8475	AACGCC	13700	13705	1	5
8473	G	TACCGC	6	8469	8474	TACCCC	539	544	1	5
8473	G	TACCGC	6	8469	8474	TACCCC	1081	1086	1	5
8473	G	CCGCCC	6	8471	8476	CCGCCG	5736	5741	1	5
8473	G	TACCGC	6	8469	8474	TACCAC	8912	8917	1	5
8473	G	TACCGC	6	8469	8474	TACCGT	10010	10015	1	5
8473	G	TACCGC	6	8469	8474	TACCAC	9510	9515	1	5
8473	G	TACCGC	6	8469	8474	TACCTC	9467	9472	1	5
8473	G	TACCGC	6	8469	8474	TAACGC	9325	9330	1	5
8473	G	TACCGC	6	8469	8474	TACTGC	9018	9023	1	5
8473	G	TACCGC	6	8469	8474	AACCGC	9006	9011	1	5
8473	G	TACCGC	6	8469	8474	CACCGC	8137	8142	1	5
8473	G	TACCGC	6	8469	8474	GACCGC	1660	1665	1	5
8473	G	TACCGC	6	8469	8474	GACCGC	6537	6542	1	5
8473	G	TACCGC	6	8469	8474	TACCTC	5888	5893	1	5
8473	G	TACCGC	6	8469	8474	TACCCC	4434	4439	1	5
8473	G	TACCGC	6	8469	8474	TTCCGC	4144	4149	1	5
8473	G	TACCGC	6	8469	8474	TACCGA	3372	3377	1	5
8473	G	TACCGC	6	8469	8474	TACCCC	2486	2491	1	5
8473	G	CCGCCC	6	8471	8476	CCGCCG	5739	5744	1	5
8473	G	CGCCCT	6	8472	8477	CCCCCT	10936	10941	1	5
8473	G	CCGCCC	6	8471	8476	CCTCCC	5444	5449	1	5
8473	G	GCCCT	5	8473	8477	GCCCT	8896	8900	0	5
8473	G	GCCCT	5	8473	8477	GCCCT	10290	10294	0	5
8473	G	GCCCT	5	8473	8477	GCCCT	10695	10699	0	5
8473	G	GCCCT	5	8473	8477	GCCCT	12940	12944	0	5
8473	G	GCCCT	5	8473	8477	GCCCT	13558	13562	0	5
8473	G	GCCCT	5	8473	8477	GCCCT	15301	15305	0	5
8473	G	GCCCT	5	8473	8477	GCCCT	15623	15627	0	5
8473	G	CGCCC	5	8472	8476	CGCCC	12813	12817	0	5
8473	G	CCGCC	5	8471	8475	CCGCC	2490	2494	0	5
8473	G	CCGCC	5	8471	8475	CCGCC	3494	3498	0	5
8473	G	CCGCC	5	8471	8475	CCGCC	5739	5743	0	5
8473	G	CCGCC	5	8471	8475	CCGCC	6568	6572	0	5
8473	G	CCGCC	5	8471	8475	CCGCC	9866	9870	0	5
8473	G	CCGCC	5	8471	8475	CCGCC	9916	9920	0	5
8473	G	CCGCC	5	8471	8475	CCGCC	9919	9923	0	5
8473	G	ACCGC	5	8470	8474	ACCGC	6538	6542	0	5
8473	G	GCCCT	5	8473	8477	GCCCT	8989	8993	0	5
8473	G	GCCCT	5	8473	8477	GCCCT	7706	7710	0	5
8473	G	GCCCTC	6	8473	8478	CCCCTC	14281	14286	1	5
8473	G	GCCCT	5	8473	8477	GCCCT	6924	6928	0	5
8473	G	GCCCTC	6	8473	8478	GCCTTC	13958	13963	1	5
8473	G	GCCCTC	6	8473	8478	GCCCTA	13837	13842	1	5
8473	G	GCCCTC	6	8473	8478	GCACTC	13604	13609	1	5
8473	G	GCCCTC	6	8473	8478	GCCCTA	13558	13563	1	5
8473	G	GCCCTC	6	8473	8478	GCCCAC	13145	13150	1	5
8473	G	GCCCTC	6	8473	8478	GCCCTA	13069	13074	1	5
8473	G	GCCCTC	6	8473	8478	GGCCTC	12979	12984	1	5
8473	G	GCCCTC	6	8473	8478	GCCCTT	12940	12945	1	5
8473	G	GCCCTC	6	8473	8478	GCTCTC	12561	12566	1	5
8473	G	GCCCTC	6	8473	8478	GCCCTA	11969	11974	1	5
8473	G	GCCCTC	6	8473	8478	TCCCTC	10869	10874	1	5
8473	G	GCCCTC	6	8473	8478	GCCCTA	10695	10700	1	5
8473	G	GCCCTC	6	8473	8478	TCCCTC	10329	10334	1	5
8473	G	GCCCTC	6	8473	8478	GCCCTA	10290	10295	1	5
8473	G	CTACCG	6	8468	8473	CTACCC	15778	15783	1	5
8473	G	ACCGC	5	8470	8474	ACCGC	8138	8142	0	5
8473	G	ACCGC	5	8470	8474	ACCGC	9007	9011	0	5
8473	G	ACCGC	5	8470	8474	ACCGC	13528	13532	0	5
8473	G	ACCGC	5	8470	8474	ACCGC	14566	14570	0	5
8473	G	GCCCTC	6	8473	8478	GCCTTC	7326	7331	1	5
8473	G	GCCCTC	6	8473	8478	ACCCTC	7364	7369	1	5
8473	G	GCCCTC	6	8473	8478	GCCCCC	7396	7401	1	5
8473	G	GCCCTC	6	8473	8478	GGCCTC	7497	7502	1	5
8473	G	GCCCTC	6	8473	8478	GCCCTT	7706	7711	1	5
8473	G	GCCCTC	6	8473	8478	GCCCGC	7789	7794	1	5
8473	G	GCCCTC	6	8473	8478	TCCCTC	7861	7866	1	5
8473	G	GCCCTC	6	8473	8478	GCCCAC	8292	8297	1	5
8473	G	GCCCTC	6	8473	8478	GCCCAC	8392	8397	1	5
8473	G	GCCCTC	6	8473	8478	GCCATC	8839	8844	1	5
8473	G	GCCCTC	6	8473	8478	GCCCTA	8896	8901	1	5
8473	G	GCCCTC	6	8473	8478	GCCCAC	8902	8907	1	5
8473	G	GCCCTC	6	8473	8478	GCCCTG	8989	8994	1	5
8473	G	GCCCTC	6	8473	8478	TCCCTC	9084	9089	1	5
8473	G	GCCCTC	6	8473	8478	GACCTC	9287	9292	1	5
8473	G	GCCCTC	6	8473	8478	GCCCAC	7026	7031	1	5
8473	G	GCCCTC	6	8473	8478	GCCCTA	6924	6929	1	5
8473	G	GCCCTC	6	8473	8478	CCCCTC	6447	6452	1	5
8473	G	GCCCTC	6	8473	8478	ACCCTC	2065	2070	1	5
8473	G	TACCG	5	8469	8473	TACCG	10010	10014	0	5
8473	G	TACCG	5	8469	8473	TACCG	12121	12125	0	5
8473	G	TACCG	5	8469	8473	TACCG	12203	12207	0	5
8473	G	GCCCTC	6	8473	8478	GCTCTC	38	43	1	5
8473	G	GCCCTC	6	8473	8478	CCCCTC	456	461	1	5
8473	G	GCCCTC	6	8473	8478	TCCCTC	1189	1194	1	5
8473	G	GCCCTC	6	8473	8478	GGCCTC	3607	3612	1	5
8473	G	GCCCTC	6	8473	8478	ACCCTC	6289	6294	1	5
8473	G	GCCCTC	6	8473	8478	ACCCTC	4615	4620	1	5
8473	G	GCCCTC	6	8473	8478	GCCCCC	4794	4799	1	5
8473	G	GCCCTC	6	8473	8478	CCCCTC	4834	4839	1	5
8473	G	GCCCTC	6	8473	8478	GCCTTC	4924	4929	1	5
8473	G	GCCCTC	6	8473	8478	GCCCCC	5231	5236	1	5
8473	G	GCCCTC	6	8473	8478	GCCCCC	6168	6173	1	5
8473	G	GCCCTC	6	8473	8478	GCCCCC	14243	14248	1	5
8473	G	GCCCTC	6	8473	8478	GCCATC	14453	14458	1	5
8473	G	CCGCCC	6	8471	8476	CCACCC	5434	5439	1	5
8473	G	CGCCCT	6	8472	8477	AGCCCT	12939	12944	1	5
8473	G	CGCCCT	6	8472	8477	CGCCCG	12813	12818	1	5
8473	G	CGCCCT	6	8472	8477	CTCCCT	12564	12569	1	5
8473	G	CGCCCT	6	8472	8477	CGCCTT	11860	11865	1	5
8473	G	CGCCCT	6	8472	8477	CCCCCT	11673	11678	1	5
8473	G	CGCCCT	6	8472	8477	CCCCCT	11512	11517	1	5
8473	G	CGCCCT	6	8472	8477	CTCCCT	11405	11410	1	5
8473	G	CGCCCT	6	8472	8477	CACCCT	11266	11271	1	5
8473	G	CGCCCT	6	8472	8477	CGCACT	11245	11250	1	5
8473	G	CGCCCT	6	8472	8477	CTCCCT	11227	11232	1	5
8473	G	CGCCCT	6	8472	8477	CACCCT	11215	11220	1	5
8473	G	CGCCCT	6	8472	8477	CTCCCT	11059	11064	1	5
8473	G	CGCCCT	6	8472	8477	AGCCCT	10694	10699	1	5
8473	G	CGCCCT	6	8472	8477	AGCCCT	10352	10357	1	5
8473	G	CGCCCT	6	8472	8477	AGCCCT	10289	10294	1	5
8473	G	CGCCCT	6	8472	8477	CGCCTT	10067	10072	1	5
8473	G	CGCCCT	6	8472	8477	CGCCTT	12888	12893	1	5
8473	G	CGCCCT	6	8472	8477	CCCCCT	13128	13133	1	5
8473	G	GCCCTC	6	8473	8478	GTCCTC	15140	15145	1	5
8473	G	CGCCCT	6	8472	8477	AGCCCT	13557	13562	1	5
8473	G	CCGCCC	6	8471	8476	CTGCCC	5229	5234	1	5
8473	G	CCGCCC	6	8471	8476	CCGCCA	3494	3499	1	5
8473	G	CCGCCC	6	8471	8476	CCACCC	3211	3216	1	5
8473	G	CCGCCC	6	8471	8476	CTGCCC	2684	2689	1	5
8473	G	CCGCCC	6	8471	8476	CTGCCC	2544	2549	1	5
8473	G	CCGCCC	6	8471	8476	CCGCCT	2490	2495	1	5
8473	G	CCGCCC	6	8471	8476	CCTCCC	458	463	1	5
8473	G	CGCCCT	6	8472	8477	TGCCCT	15622	15627	1	5
8473	G	CGCCCT	6	8472	8477	CGTCCT	15616	15621	1	5
8473	G	CGCCCT	6	8472	8477	CCCCCT	15367	15372	1	5
8473	G	CGCCCT	6	8472	8477	TGCCCT	15300	15305	1	5
8473	G	CGCCCT	6	8472	8477	CCCCCT	14489	14494	1	5
8473	G	CGCCCT	6	8472	8477	CGCCCA	14225	14230	1	5
8473	G	CGCCCT	6	8472	8477	CCCCCT	13763	13768	1	5
8473	G	CGCCCT	6	8472	8477	CACCCT	13623	13628	1	5
8473	G	CGCCCT	6	8472	8477	CTCCCT	9757	9762	1	5
8473	G	CGCCCT	6	8472	8477	CGCCTT	9144	9149	1	5
8473	G	CGCCCT	6	8472	8477	AGCCCT	8988	8993	1	5
8473	G	CGCCCT	6	8472	8477	TGCCCT	8895	8900	1	5
8473	G	CGCCCT	6	8472	8477	CCCCCT	3893	3898	1	5
8473	G	CGCCCT	6	8472	8477	CACCCT	3738	3743	1	5
8473	G	CGCCCT	6	8472	8477	CGCACT	3699	3704	1	5
8473	G	CGCCCT	6	8472	8477	CCCCCT	3585	3590	1	5
8473	G	CGCCCT	6	8472	8477	CGCTCT	3549	3554	1	5
8473	G	CGCCCT	6	8472	8477	CGCCAT	3459	3464	1	5
8473	G	CGCCCT	6	8472	8477	GGCCCT	1463	1468	1	5
8473	G	CGCCCT	6	8472	8477	AGCCCT	1392	1397	1	5
8473	G	CGCCCT	6	8472	8477	AGCCCT	1096	1101	1	5
8473	G	CGCCCT	6	8472	8477	CACCCT	110	115	1	5
8473	G	GCCCTC	6	8473	8478	GACCTC	15737	15742	1	5
8473	G	GCCCTC	6	8473	8478	GCCCTA	15623	15628	1	5
8473	G	GCCCTC	6	8473	8478	GACCTC	15488	15493	1	5
8473	G	GCCCTC	6	8473	8478	GCCCTA	15317	15322	1	5
8473	G	GCCCTC	6	8473	8478	GCCCTT	15301	15306	1	5
8473	G	CGCCCT	6	8472	8477	CGACCT	3900	3905	1	5
8473	G	CGCCCT	6	8472	8477	CACCCT	4194	4199	1	5
8473	G	CGCCCT	6	8472	8477	CCCCCT	4318	4323	1	5
8473	G	CGCCCT	6	8472	8477	AGCCCT	6923	6928	1	5
8473	G	CGCCCT	6	8472	8477	CGCTCT	8878	8883	1	5
8473	G	CGCCCT	6	8472	8477	CGTCCT	8212	8217	1	5
8473	G	CGCCCT	6	8472	8477	CGACCT	7978	7983	1	5
8473	G	CGCCCT	6	8472	8477	TGCCCT	7705	7710	1	5
8473	G	CGCCCT	6	8472	8477	CGGCCT	7196	7201	1	5
8473	G	CGCCCT	6	8472	8477	CACCCT	7112	7117	1	5
8473	G	CGCCCT	6	8472	8477	CACCCT	6621	6626	1	5
8473	G	CGCCCT	6	8472	8477	CGCACT	4540	4545	1	5
8473	G	CGCCCT	6	8472	8477	CGCCCC	6445	6450	1	5
8473	G	CGCCCT	6	8472	8477	CCCCCT	6420	6425	1	5
8473	G	CGCCCT	6	8472	8477	CACCCT	5704	5709	1	5
8473	G	CGCCCT	6	8472	8477	AGCCCT	5649	5654	1	5
8473	G	CGCCCT	6	8472	8477	CTCCCT	5216	5221	1	5
8473	G	CGCCCT	6	8472	8477	CCCCCT	4795	4800	1	5
8473	G	CTACCG	6	8468	8473	CTACCT	14986	14991	1	5
8473	G	GCCCTC	6	8473	8478	GCCTTC	9439	9444	1	5
8473	G	GCCCTC	6	8473	8478	ACCCTC	9726	9731	1	5
8473	G	TACCG	5	8469	8473	TACTG	1577	1581	1	4
8473	G	TACCG	5	8469	8473	TACCC	2575	2579	1	4
8473	G	TACCG	5	8469	8473	TACCC	2925	2929	1	4
8473	G	TACCG	5	8469	8473	TACCT	2759	2763	1	4
8473	G	TACCG	5	8469	8473	AACCG	2581	2585	1	4
8473	G	TACCG	5	8469	8473	TACCC	2411	2415	1	4
8473	G	TACCG	5	8469	8473	TAACG	2563	2567	1	4
8473	G	TACCG	5	8469	8473	TACCA	2499	2503	1	4
8473	G	TACCG	5	8469	8473	TACCT	1843	1847	1	4
8473	G	TACCG	5	8469	8473	TACCC	1730	1734	1	4
8473	G	TACCG	5	8469	8473	GACCG	3075	3079	1	4
8473	G	TACCG	5	8469	8473	TCCCG	3006	3010	1	4
8473	G	TACCG	5	8469	8473	TACCC	4454	4458	1	4
8473	G	TACCG	5	8469	8473	TACCC	3202	3206	1	4
8473	G	TACCG	5	8469	8473	TACAG	3273	3277	1	4
8473	G	TACCG	5	8469	8473	TACCC	3308	3312	1	4
8473	G	TACCG	5	8469	8473	TACCC	3338	3342	1	4
8473	G	TACCG	5	8469	8473	TACCC	3578	3582	1	4
8473	G	TACCG	5	8469	8473	TGCCG	3906	3910	1	4
8473	G	TACCG	5	8469	8473	TACCC	4226	4230	1	4
8473	G	TACCG	5	8469	8473	TACCT	4553	4557	1	4
8473	G	TACCG	5	8469	8473	TCCCG	4460	4464	1	4
8473	G	TACCG	5	8469	8473	TACCC	4823	4827	1	4
8473	G	TACCG	5	8469	8473	TACAG	180	184	1	4
8473	G	TACCG	5	8469	8473	TACCC	1308	1312	1	4
8473	G	ACCGC	5	8470	8474	ACCTC	14065	14069	1	4
8473	G	ACCGC	5	8470	8474	ACTGC	16241	16245	1	4
8473	G	ACCGC	5	8470	8474	ACCGG	15924	15928	1	4
8473	G	ACCGC	5	8470	8474	ACCCC	13676	13680	1	4
8473	G	TACCG	5	8469	8473	TACCC	5021	5025	1	4
8473	G	ACCGC	5	8470	8474	ACCCC	13691	13695	1	4
8473	G	ACCGC	5	8470	8474	CCCGC	13756	13760	1	4
8473	G	ACCGC	5	8470	8474	ACAGC	14037	14041	1	4
8473	G	ACCGC	5	8470	8474	ACCCC	14280	14284	1	4
8473	G	ACCGC	5	8470	8474	ACCCC	14339	14343	1	4
8473	G	ACCGC	5	8470	8474	ATCGC	14381	14385	1	4
8473	G	ACCGC	5	8470	8474	ACCCC	14388	14392	1	4
8473	G	ACCGC	5	8470	8474	ACCCC	14417	14421	1	4
8473	G	ACCGC	5	8470	8474	ATCGC	14456	14460	1	4
8473	G	ACCGC	5	8470	8474	ACCCC	14619	14623	1	4
8473	G	ACCGC	5	8470	8474	ACCCC	14628	14632	1	4
8473	G	ACCGC	5	8470	8474	ACCAC	14693	14697	1	4
8473	G	ACCGC	5	8470	8474	ACCCC	14750	14754	1	4
8473	G	ACCGC	5	8470	8474	ACCAC	14790	14794	1	4
8473	G	ACCGC	5	8470	8474	ACCCC	14813	14817	1	4
8473	G	ACCGC	5	8470	8474	TCCGC	14828	14832	1	4
8473	G	ACCGC	5	8470	8474	ACCAC	14882	14886	1	4
8473	G	ACCGC	5	8470	8474	TCCGC	14982	14986	1	4
8473	G	ACCGC	5	8470	8474	ACCCC	15525	15529	1	4
8473	G	ACCGC	5	8470	8474	ACCCC	15536	15540	1	4
8473	G	ACCGC	5	8470	8474	GCCGC	15731	15735	1	4
8473	G	TACCG	5	8469	8473	TACCA	4896	4900	1	4
8473	G	ACCGC	5	8470	8474	ACAGC	814	818	1	4
8473	G	TACCG	5	8469	8473	AACCG	5240	5244	1	4
8473	G	TACCG	5	8469	8473	TACTG	9927	9931	1	4
8473	G	TACCG	5	8469	8473	AACCG	10397	10401	1	4
8473	G	TACCG	5	8469	8473	TACCA	10464	10468	1	4
8473	G	TACCG	5	8469	8473	TACCA	10505	10509	1	4
8473	G	TACCG	5	8469	8473	TACGG	11387	11391	1	4
8473	G	TACCG	5	8469	8473	CACCG	11686	11690	1	4
8473	G	TACCG	5	8469	8473	TACAG	11944	11948	1	4
8473	G	TACCG	5	8469	8473	TACCA	12714	12718	1	4
8473	G	TACCG	5	8469	8473	TATCG	12864	12868	1	4
8473	G	TACCG	5	8469	8473	TATCG	12873	12877	1	4
8473	G	TACCG	5	8469	8473	TACCC	13326	13330	1	4
8473	G	TACCG	5	8469	8473	TACCT	13484	13488	1	4
8473	G	TACCG	5	8469	8473	TAACG	13665	13669	1	4
8473	G	TACCG	5	8469	8473	TACCT	14021	14025	1	4
8473	G	TACCG	5	8469	8473	TACGG	15056	15060	1	4
8473	G	TACCG	5	8469	8473	TACCT	15283	15287	1	4
8473	G	TACCG	5	8469	8473	TTCCG	15388	15392	1	4
8473	G	TACCG	5	8469	8473	TACCC	15514	15518	1	4
8473	G	TACCG	5	8469	8473	TACCA	15787	15791	1	4
8473	G	TACCG	5	8469	8473	AACCG	15923	15927	1	4
8473	G	TACCG	5	8469	8473	TACGG	16126	16130	1	4
8473	G	TACCG	5	8469	8473	TACCA	16131	16135	1	4
8473	G	TACCG	5	8469	8473	TACCA	16276	16280	1	4
8473	G	ACCGC	5	8470	8474	ATCGC	13576	13580	1	4
8473	G	TACCG	5	8469	8473	TACCT	10238	10242	1	4
8473	G	TACCG	5	8469	8473	TTCCG	9770	9774	1	4
8473	G	TACCG	5	8469	8473	TATCG	5267	5271	1	4
8473	G	TACCG	5	8469	8473	TACCC	9725	9729	1	4
8473	G	TACCG	5	8469	8473	TACAG	5528	5532	1	4
8473	G	TACCG	5	8469	8473	TACAG	5860	5864	1	4
8473	G	TACCG	5	8469	8473	TACCT	5958	5962	1	4
8473	G	TACCG	5	8469	8473	TAACG	6050	6054	1	4
8473	G	TACCG	5	8469	8473	TATCG	6071	6075	1	4
8473	G	TACCG	5	8469	8473	TACCC	6115	6119	1	4
8473	G	TACCG	5	8469	8473	TACCA	6438	6442	1	4
8473	G	TACCG	5	8469	8473	TACCA	6594	6598	1	4
8473	G	TACCG	5	8469	8473	TATCG	6758	6762	1	4
8473	G	TACCG	5	8469	8473	TACAG	6782	6786	1	4
8473	G	TACCG	5	8469	8473	CACCG	6947	6951	1	4
8473	G	TACCG	5	8469	8473	AACCG	7771	7775	1	4
8473	G	TACCG	5	8469	8473	TACTG	7898	7902	1	4
8473	G	TACCG	5	8469	8473	CACCG	7915	7919	1	4
8473	G	TACCG	5	8469	8473	TCCCG	8110	8114	1	4
8473	G	TACCG	5	8469	8473	TACCC	8260	8264	1	4
8473	G	TACCG	5	8469	8473	TACAG	8357	8361	1	4
8473	G	TACCG	5	8469	8473	TACTG	8588	8592	1	4
8473	G	TACCG	5	8469	8473	TATCG	8955	8959	1	4
8473	G	TACCG	5	8469	8473	TACCA	9369	9373	1	4
8473	G	TACCG	5	8469	8473	TACCA	9405	9409	1	4
8473	G	TACCG	5	8469	8473	TACGG	9447	9451	1	4
8473	G	TACCG	5	8469	8473	TACTG	9709	9713	1	4
8473	G	ACCGC	5	8470	8474	ACCTC	13638	13642	1	4
8473	G	ACCGC	5	8470	8474	ACCAC	13514	13518	1	4
8473	G	ACCGC	5	8470	8474	AACGC	783	787	1	4
8473	G	GCCCT	5	8473	8477	ACCCT	15515	15519	1	4
8473	G	CGCCC	5	8472	8476	CACCC	11158	11162	1	4
8473	G	CGCCC	5	8472	8476	CGCCA	11003	11007	1	4
8473	G	CGCCC	5	8472	8476	CGTCC	10774	10778	1	4
8473	G	CGCCC	5	8472	8476	CACCC	10619	10623	1	4
8473	G	CGCCC	5	8472	8476	TGCCC	10471	10475	1	4
8473	G	CGCCC	5	8472	8476	CGTCC	10202	10206	1	4
8473	G	CGCCC	5	8472	8476	CCCCC	10192	10196	1	4
8473	G	CGCCC	5	8472	8476	CGACC	10181	10185	1	4
8473	G	CGCCC	5	8472	8476	CACCC	9569	9573	1	4
8473	G	CGCCC	5	8472	8476	GGCCC	9553	9557	1	4
8473	G	CGCCC	5	8472	8476	CGCTC	9328	9332	1	4
8473	G	CGCCC	5	8472	8476	CGCCA	9054	9058	1	4
8473	G	CGCCC	5	8472	8476	CGCCT	9001	9005	1	4
8473	G	CGCCC	5	8472	8476	AGCCC	8901	8905	1	4
8473	G	CGCCC	5	8472	8476	TGCCC	8556	8560	1	4
8473	G	CGCCC	5	8472	8476	AGCCC	8484	8488	1	4
8473	G	CGCCC	5	8472	8476	CACCC	8434	8438	1	4
8473	G	CGCCC	5	8472	8476	GGCCC	8391	8395	1	4
8473	G	CGCCC	5	8472	8476	TGCCC	8367	8371	1	4
8473	G	CGCCC	5	8472	8476	AGCCC	8291	8295	1	4
8473	G	CGCCC	5	8472	8476	CACCC	8270	8274	1	4
8473	G	CGCCC	5	8472	8476	GGCCC	8250	8254	1	4
8473	G	CGCCC	5	8472	8476	TGCCC	8205	8209	1	4
8473	G	CGCCC	5	8472	8476	AGCCC	8026	8030	1	4
8473	G	CGCCC	5	8472	8476	CCCCC	7955	7959	1	4
8473	G	CGCCC	5	8472	8476	CGCTC	7756	7760	1	4
8473	G	CGCCC	5	8472	8476	TGCCC	7395	7399	1	4
8473	G	CGCCC	5	8472	8476	CGCCT	11183	11187	1	4
8473	G	CGCCC	5	8472	8476	AGCCC	11425	11429	1	4
8473	G	CGCCC	5	8472	8476	CGCCT	11492	11496	1	4
8473	G	CGCCC	5	8472	8476	CACCC	14555	14559	1	4
8473	G	CGCCC	5	8472	8476	CACCC	16069	16073	1	4
8473	G	CGCCC	5	8472	8476	CACCC	15987	15991	1	4
8473	G	CGCCC	5	8472	8476	CGCCT	15574	15578	1	4
8473	G	CGCCC	5	8472	8476	AGCCC	15552	15556	1	4
8473	G	CGCCC	5	8472	8476	CACCC	15535	15539	1	4
8473	G	CGCCC	5	8472	8476	CGACC	15499	15503	1	4
8473	G	CGCCC	5	8472	8476	CGCCT	15004	15008	1	4
8473	G	CGCCC	5	8472	8476	CGCCA	14995	14999	1	4
8473	G	CGCCC	5	8472	8476	CGCCT	14920	14924	1	4
8473	G	CGCCC	5	8472	8476	CGCCT	14860	14864	1	4
8473	G	CGCCC	5	8472	8476	CGACC	14697	14701	1	4
8473	G	CGCCC	5	8472	8476	CGCAC	14680	14684	1	4
8473	G	CGCCC	5	8472	8476	AGCCC	14242	14246	1	4
8473	G	CGCCC	5	8472	8476	CGCTC	11610	11614	1	4
8473	G	CGCCC	5	8472	8476	CCCCC	14155	14159	1	4
8473	G	CGCCC	5	8472	8476	CCCCC	13754	13758	1	4
8473	G	CGCCC	5	8472	8476	CGCCT	13702	13706	1	4
8473	G	CGCCC	5	8472	8476	CGCCT	13596	13600	1	4
8473	G	CGCCC	5	8472	8476	CGCCT	13551	13555	1	4
8473	G	CGCCC	5	8472	8476	AGCCC	13144	13148	1	4
8473	G	CGCCC	5	8472	8476	GGCCC	13051	13055	1	4
8473	G	CGCCC	5	8472	8476	CACCC	12966	12970	1	4
8473	G	CGCCC	5	8472	8476	GGCCC	12300	12304	1	4
8473	G	CGCCC	5	8472	8476	TGCCC	12235	12239	1	4
8473	G	CGCCC	5	8472	8476	CGACC	12191	12195	1	4
8473	G	CGCCC	5	8472	8476	CTCCC	11813	11817	1	4
8473	G	CGCCC	5	8472	8476	TGCCC	7210	7214	1	4
8473	G	CGCCC	5	8472	8476	CGCCA	7130	7134	1	4
8473	G	CGCCC	5	8472	8476	AGCCC	7025	7029	1	4
8473	G	CGCCC	5	8472	8476	CTCCC	465	469	1	4
8473	G	CGCCC	5	8472	8476	CACCC	2259	2263	1	4
8473	G	CGCCC	5	8472	8476	CACCC	2215	2219	1	4
8473	G	CGCCC	5	8472	8476	CACCC	2162	2166	1	4
8473	G	CGCCC	5	8472	8476	TGCCC	2055	2059	1	4
8473	G	CGCCC	5	8472	8476	CACCC	1944	1948	1	4
8473	G	CGCCC	5	8472	8476	CACCC	1624	1628	1	4
8473	G	CGCCC	5	8472	8476	AGCCC	1338	1342	1	4
8473	G	CGCCC	5	8472	8476	CGCCA	1133	1137	1	4
8473	G	CGCCC	5	8472	8476	CACCC	954	958	1	4
8473	G	CGCCC	5	8472	8476	CACCC	800	804	1	4
8473	G	CGCCC	5	8472	8476	CACCC	635	639	1	4
8473	G	CGCCC	5	8472	8476	CACCC	566	570	1	4
8473	G	CGCCC	5	8472	8476	CACCC	431	435	1	4
8473	G	CGCCC	5	8472	8476	CACCC	3208	3212	1	4
8473	G	CGCCC	5	8472	8476	CCCCC	311	315	1	4
8473	G	CGCCC	5	8472	8476	CGCAC	162	166	1	4
8473	G	GCCCT	5	8473	8477	CCCCT	16546	16550	1	4
8473	G	GCCCT	5	8473	8477	GCCCA	16457	16461	1	4
8473	G	GCCCT	5	8473	8477	TCCCT	16392	16396	1	4
8473	G	GCCCT	5	8473	8477	TCCCT	16352	16356	1	4
8473	G	GCCCT	5	8473	8477	GCCAT	16319	16323	1	4
8473	G	GCCCT	5	8473	8477	GTCCT	15888	15892	1	4
8473	G	GCCCT	5	8473	8477	GGCCT	15883	15887	1	4
8473	G	GCCCT	5	8473	8477	ACCCT	15780	15784	1	4
8473	G	GCCCT	5	8473	8477	TCCCT	15597	15601	1	4
8473	G	GCCCT	5	8473	8477	GCCCG	15553	15557	1	4
8473	G	CGCCC	5	8472	8476	CCCCC	3168	3172	1	4
8473	G	CGCCC	5	8472	8476	AGCCC	3243	3247	1	4
8473	G	CGCCC	5	8472	8476	CGCCA	6875	6879	1	4
8473	G	CGCCC	5	8472	8476	CGACC	5146	5150	1	4
8473	G	CGCCC	5	8472	8476	CTCCC	6665	6669	1	4
8473	G	CGCCC	5	8472	8476	CGACC	6563	6567	1	4
8473	G	CGCCC	5	8472	8476	CTCCC	6498	6502	1	4
8473	G	CGCCC	5	8472	8476	TGCCC	6167	6171	1	4
8473	G	CGCCC	5	8472	8476	CGACC	6053	6057	1	4
8473	G	CGCCC	5	8472	8476	CGCCG	5909	5913	1	4
8473	G	CGCCC	5	8472	8476	CACCC	5893	5897	1	4
8473	G	CGCCC	5	8472	8476	AGCCC	5762	5766	1	4
8473	G	CGCCC	5	8472	8476	CTCCC	5382	5386	1	4
8473	G	CGCCC	5	8472	8476	CGCCT	5352	5356	1	4
8473	G	CGCCC	5	8472	8476	TGCCC	5251	5255	1	4
8473	G	CGCCC	5	8472	8476	CGCAC	5163	5167	1	4
8473	G	CGCCC	5	8472	8476	AGCCC	4877	4881	1	4
8473	G	CGCCC	5	8472	8476	GGCCC	3412	3416	1	4
8473	G	CGCCC	5	8472	8476	CACCC	4832	4836	1	4
8473	G	CGCCC	5	8472	8476	AGCCC	4793	4797	1	4
8473	G	CGCCC	5	8472	8476	GGCCC	4481	4485	1	4
8473	G	CGCCC	5	8472	8476	GGCCC	4428	4432	1	4
8473	G	CGCCC	5	8472	8476	CACCC	4389	4393	1	4
8473	G	CGCCC	5	8472	8476	CGACC	4152	4156	1	4
8473	G	CGCCC	5	8472	8476	CTCCC	4056	4060	1	4
8473	G	CGCCC	5	8472	8476	GGCCC	3958	3962	1	4
8473	G	CGCCC	5	8472	8476	CGCCG	3951	3955	1	4
8473	G	CGCCC	5	8472	8476	AGCCC	3714	3718	1	4
8473	G	CGCCC	5	8472	8476	AGCCC	3482	3486	1	4
8473	G	CGCCC	5	8472	8476	GGCCC	3427	3431	1	4
8473	G	CGCCC	5	8472	8476	CGTCC	16360	16364	1	4
8473	G	CGCCC	5	8472	8476	CGCTC	16449	16453	1	4
8473	G	CGCCC	5	8472	8476	GGCCC	16456	16460	1	4
8473	G	CCGCC	5	8471	8475	TCGCC	11859	11863	1	4
8473	G	CCGCC	5	8471	8475	CAGCC	13709	13713	1	4
8473	G	CCGCC	5	8471	8475	CAGCC	13464	13468	1	4
8473	G	CCGCC	5	8471	8475	ACGCC	13331	13335	1	4
8473	G	CCGCC	5	8471	8475	CCGCT	13119	13123	1	4
8473	G	CCGCC	5	8471	8475	CAGCC	13040	13044	1	4
8473	G	CCGCC	5	8471	8475	CCTCC	12984	12988	1	4
8473	G	CCGCC	5	8471	8475	CCTCC	12981	12985	1	4
8473	G	CCGCC	5	8471	8475	TCGCC	12887	12891	1	4
8473	G	CCGCC	5	8471	8475	CAGCC	12836	12840	1	4
8473	G	CCGCC	5	8471	8475	CCACC	12461	12465	1	4
8473	G	CCGCC	5	8471	8475	CCGAC	12111	12115	1	4
8473	G	CCGCC	5	8471	8475	CCTCC	12094	12098	1	4
8473	G	CCGCC	5	8471	8475	CTGCC	11740	11744	1	4
8473	G	CCGCC	5	8471	8475	CCTCC	13989	13993	1	4
8473	G	CCGCC	5	8471	8475	CAGCC	11632	11636	1	4
8473	G	CCGCC	5	8471	8475	CTGCC	11584	11588	1	4
8473	G	CCGCC	5	8471	8475	ACGCC	11491	11495	1	4
8473	G	CCGCC	5	8471	8475	CCGCA	11454	11458	1	4
8473	G	CCGCC	5	8471	8475	CAGCC	11174	11178	1	4
8473	G	CCGCC	5	8471	8475	CCACC	11142	11146	1	4
8473	G	CCGCC	5	8471	8475	CCTCC	10929	10933	1	4
8473	G	CCGCC	5	8471	8475	CTGCC	10308	10312	1	4
8473	G	CCGCC	5	8471	8475	CCGCG	10199	10203	1	4
8473	G	CCGCC	5	8471	8475	CCTCC	10091	10095	1	4
8473	G	CCGCC	5	8471	8475	TCGCC	10066	10070	1	4
8473	G	CCGCC	5	8471	8475	CCGAC	9772	9776	1	4
8473	G	CCGCC	5	8471	8475	CCGCA	13757	13761	1	4
8473	G	CCGCC	5	8471	8475	CCACC	14051	14055	1	4
8473	G	CCGCC	5	8471	8475	CCGCT	9573	9577	1	4
8473	G	CCGCC	5	8471	8475	CCACC	15977	15981	1	4
8473	G	ACCGC	5	8470	8474	ACCAC	735	739	1	4
8473	G	ACCGC	5	8470	8474	ACCCC	636	640	1	4
8473	G	ACCGC	5	8470	8474	ACCCC	556	560	1	4
8473	G	ACCGC	5	8470	8474	ACCCC	533	537	1	4
8473	G	ACCGC	5	8470	8474	ACCCC	352	356	1	4
8473	G	ACCGC	5	8470	8474	ACAGC	326	330	1	4
8473	G	ACCGC	5	8470	8474	CCCGC	313	317	1	4
8473	G	ACCGC	5	8470	8474	ACCAC	25	29	1	4
8473	G	CCGCC	5	8471	8475	CCGAC	16494	16498	1	4
8473	G	CCGCC	5	8471	8475	CCTCC	16407	16411	1	4
8473	G	CCGCC	5	8471	8475	CCACC	16111	16115	1	4
8473	G	CCGCC	5	8471	8475	CAGCC	16108	16112	1	4
8473	G	CCGCC	5	8471	8475	CCGCA	15732	15736	1	4
8473	G	CCGCC	5	8471	8475	CCGCA	14829	14833	1	4
8473	G	CCGCC	5	8471	8475	CCTCC	15664	15668	1	4
8473	G	CCGCC	5	8471	8475	TCGCC	15573	15577	1	4
8473	G	CCGCC	5	8471	8475	CCACC	15331	15335	1	4
8473	G	CCGCC	5	8471	8475	CCTCC	15100	15104	1	4
8473	G	CCGCC	5	8471	8475	CTGCC	15022	15026	1	4
8473	G	CCGCC	5	8471	8475	GCGCC	15003	15007	1	4
8473	G	CCGCC	5	8471	8475	ACGCC	14994	14998	1	4
8473	G	CCGCC	5	8471	8475	CCGCT	14983	14987	1	4
8473	G	CCGCC	5	8471	8475	ACGCC	14919	14923	1	4
8473	G	CCGCC	5	8471	8475	CCTCC	14872	14876	1	4
8473	G	CCGCC	5	8471	8475	CTGCC	14863	14867	1	4
8473	G	CCGCC	5	8471	8475	GCGCC	14859	14863	1	4
8473	G	CCGCC	5	8471	8475	CCTCC	9728	9732	1	4
8473	G	CCGCC	5	8471	8475	CAGCC	9518	9522	1	4
8473	G	CGCCC	5	8472	8476	AGCCC	16534	16538	1	4
8473	G	CCGCC	5	8471	8475	CCTCC	2328	2332	1	4
8473	G	CCGCC	5	8471	8475	CCGTC	4489	4493	1	4
8473	G	CCGCC	5	8471	8475	CCGCT	4146	4150	1	4
8473	G	CCGCC	5	8471	8475	CCGCA	3953	3957	1	4
8473	G	CCGCC	5	8471	8475	ACGCC	3950	3954	1	4
8473	G	CCGCC	5	8471	8475	CTGCC	3832	3836	1	4
8473	G	CCGCC	5	8471	8475	CCACC	3626	3630	1	4
8473	G	CCGCC	5	8471	8475	CCTCC	3609	3613	1	4
8473	G	CCGCC	5	8471	8475	ACGCC	3458	3462	1	4
8473	G	CCGCC	5	8471	8475	CCGCT	3020	3024	1	4
8473	G	CCGCC	5	8471	8475	CAGCC	3017	3021	1	4
8473	G	CCGCC	5	8471	8475	CCGCG	2569	2573	1	4
8473	G	CCGCC	5	8471	8475	CCGCA	2331	2335	1	4
8473	G	CCGCC	5	8471	8475	CCACC	2186	2190	1	4
8473	G	CCGCC	5	8471	8475	CCTCC	5210	5214	1	4
8473	G	CCGCC	5	8471	8475	CAGCC	2183	2187	1	4
8473	G	CCGCC	5	8471	8475	CCGTC	1947	1951	1	4
8473	G	CCGCC	5	8471	8475	CCACC	1695	1699	1	4
8473	G	CCGCC	5	8471	8475	CCGTC	1487	1491	1	4
8473	G	CCGCC	5	8471	8475	CAGCC	1250	1254	1	4
8473	G	CCGCC	5	8471	8475	TCGCC	1132	1136	1	4
8473	G	CCGCC	5	8471	8475	CCGGC	931	935	1	4
8473	G	CCGCC	5	8471	8475	CAGCC	378	382	1	4
8473	G	CCGCC	5	8471	8475	CTGCC	345	349	1	4
8473	G	CCGCC	5	8471	8475	CCGCT	314	318	1	4
8473	G	CCGCC	5	8471	8475	CCACC	295	299	1	4
8473	G	CCGCC	5	8471	8475	CTGCC	141	145	1	4
8473	G	CCGCC	5	8471	8475	CTGCC	4633	4637	1	4
8473	G	CCGCC	5	8471	8475	CCGCT	5235	5239	1	4
8473	G	CCGCC	5	8471	8475	CCACC	9413	9417	1	4
8473	G	CCGCC	5	8471	8475	TCGCC	6874	6878	1	4
8473	G	CCGCC	5	8471	8475	CCACC	9212	9216	1	4
8473	G	CCGCC	5	8471	8475	TCGCC	9143	9147	1	4
8473	G	CCGCC	5	8471	8475	ACGCC	9000	9004	1	4
8473	G	CCGCC	5	8471	8475	CAGCC	8967	8971	1	4
8473	G	CCGCC	5	8471	8475	CCACC	8621	8625	1	4
8473	G	CCGCC	5	8471	8475	CCGCA	8582	8586	1	4
8473	G	CCGCC	5	8471	8475	CCACC	8394	8398	1	4
8473	G	CCGCC	5	8471	8475	CCACC	7888	7892	1	4
8473	G	CCGCC	5	8471	8475	CCTCC	7499	7503	1	4
8473	G	CCGCC	5	8471	8475	CCTCC	7366	7370	1	4
8473	G	CCGCC	5	8471	8475	CCGAC	7214	7218	1	4
8473	G	CCGCC	5	8471	8475	ACGCC	7129	7133	1	4
8473	G	CCGCC	5	8471	8475	CCGCT	6823	6827	1	4
8473	G	CCGCC	5	8471	8475	CCACC	5305	5309	1	4
8473	G	CCGCC	5	8471	8475	CTGCC	6424	6428	1	4
8473	G	CCGCC	5	8471	8475	CCTCC	6325	6329	1	4
8473	G	CCGCC	5	8471	8475	CCGCA	6188	6192	1	4
8473	G	CCGCC	5	8471	8475	CAGCC	6030	6034	1	4
8473	G	CCGCC	5	8471	8475	CCTCC	6005	6009	1	4
8473	G	CCGCC	5	8471	8475	TCGCC	5908	5912	1	4
8473	G	CCGCC	5	8471	8475	CAGCC	5879	5883	1	4
8473	G	CCGCC	5	8471	8475	CCGGC	5766	5770	1	4
8473	G	CCGCC	5	8471	8475	CAGCC	5629	5633	1	4
8473	G	CCGCC	5	8471	8475	CCACC	5365	5369	1	4
8473	G	CCGCC	5	8471	8475	ACGCC	5351	5355	1	4
8473	G	CCGCC	5	8471	8475	CCTCC	5327	5331	1	4
8473	G	GCCCT	5	8473	8477	CCCCT	15526	15530	1	4
8473	G	GCCCT	5	8473	8477	GACCT	15221	15225	1	4
8473	G	ACCGC	5	8470	8474	ACCAC	13299	13303	1	4
8473	G	GCCCT	5	8473	8477	GGCCT	15047	15051	1	4
8473	G	ACCGC	5	8470	8474	ACCGT	2582	2586	1	4
8473	G	ACCGC	5	8470	8474	ACAGC	2709	2713	1	4
8473	G	ACCGC	5	8470	8474	ACAGC	2938	2942	1	4
8473	G	ACCGC	5	8470	8474	AGCGC	2940	2944	1	4
8473	G	ACCGC	5	8470	8474	GCCGC	3019	3023	1	4
8473	G	ACCGC	5	8470	8474	ACCGG	3076	3080	1	4
8473	G	ACCGC	5	8470	8474	ATCGC	3252	3256	1	4
8473	G	ACCGC	5	8470	8474	ATCGC	3349	3353	1	4
8473	G	ACCGC	5	8470	8474	ATCGC	3547	3551	1	4
8473	G	ACCGC	5	8470	8474	ACCTC	3596	3600	1	4
8473	G	ACCGC	5	8470	8474	ACCTC	3628	3632	1	4
8473	G	ACCGC	5	8470	8474	ACTGC	3702	3706	1	4
8473	G	ACCGC	5	8470	8474	ACCTC	3788	3792	1	4
8473	G	ACCGC	5	8470	8474	ACCTC	3818	3822	1	4
8473	G	ACCGC	5	8470	8474	ACCGA	3887	3891	1	4
8473	G	ACCGC	5	8470	8474	GCCGC	3952	3956	1	4
8473	G	ACCGC	5	8470	8474	ACAGC	4129	4133	1	4
8473	G	ACCGC	5	8470	8474	ACCCC	4390	4394	1	4
8473	G	ACCGC	5	8470	8474	ACAGC	4527	4531	1	4
8473	G	ACCGC	5	8470	8474	AGCGC	4529	4533	1	4
8473	G	ACCGC	5	8470	8474	ACCCC	4833	4837	1	4
8473	G	ACCGC	5	8470	8474	ACCAC	5142	5146	1	4
8473	G	ACCGC	5	8470	8474	CCCGC	5234	5238	1	4
8473	G	ACCGC	5	8470	8474	ACCTC	5335	5339	1	4
8473	G	ACCGC	5	8470	8474	ACCTC	5367	5371	1	4
8473	G	ACCGC	5	8470	8474	ACCCC	5436	5440	1	4
8473	G	ACCGC	5	8470	8474	ACAGC	5582	5586	1	4
8473	G	ACCGC	5	8470	8474	GCCGC	2568	2572	1	4
8473	G	ACCGC	5	8470	8474	ACCTC	2512	2516	1	4
8473	G	ACCGC	5	8470	8474	TCCGC	2330	2334	1	4
8473	G	GCCCT	5	8473	8477	GTCCT	658	662	1	4
8473	G	GCCCT	5	8473	8477	GCCCA	2377	2381	1	4
8473	G	GCCCT	5	8473	8477	GGCCT	2173	2177	1	4
8473	G	GCCCT	5	8473	8477	GCTCT	2113	2117	1	4
8473	G	GCCCT	5	8473	8477	CCCCT	2076	2080	1	4
8473	G	GCCCT	5	8473	8477	CCCCT	1837	1841	1	4
8473	G	GCCCT	5	8473	8477	GCACT	1588	1592	1	4
8473	G	GCCCT	5	8473	8477	CCCCT	1531	1535	1	4
8473	G	GCCCT	5	8473	8477	GCCCA	1339	1343	1	4
8473	G	GCCCT	5	8473	8477	ACCCT	1277	1281	1	4
8473	G	GCCCT	5	8473	8477	GACCT	1170	1174	1	4
8473	G	GCCCT	5	8473	8477	GCTCT	676	680	1	4
8473	G	GCCCT	5	8473	8477	GCCTT	664	668	1	4
8473	G	GCCCT	5	8473	8477	GCACT	417	421	1	4
8473	G	ACCGC	5	8470	8474	ACAGC	2110	2114	1	4
8473	G	GCCCT	5	8473	8477	ACCCT	368	372	1	4
8473	G	GCCCT	5	8473	8477	GCACT	329	333	1	4
8473	G	ACCGC	5	8470	8474	ACCCC	866	870	1	4
8473	G	ACCGC	5	8470	8474	ACCTC	1104	1108	1	4
8473	G	ACCGC	5	8470	8474	ACTGC	1127	1131	1	4
8473	G	ACCGC	5	8470	8474	ACAGC	1152	1156	1	4
8473	G	ACCGC	5	8470	8474	ACCTC	1240	1244	1	4
8473	G	ACCGC	5	8470	8474	AGCGC	1300	1304	1	4
8473	G	ACCGC	5	8470	8474	AGCGC	1471	1475	1	4
8473	G	ACCGC	5	8470	8474	ACCCC	1530	1534	1	4
8473	G	ACCGC	5	8470	8474	ACCCC	1836	1840	1	4
8473	G	ACCGC	5	8470	8474	ACAGC	1929	1933	1	4
8473	G	ACCGC	5	8470	8474	ACTGC	5592	5596	1	4
8473	G	ACCGC	5	8470	8474	ACCCC	5600	5604	1	4
8473	G	ACCGC	5	8470	8474	AACGC	5620	5624	1	4
8473	G	ACCGC	5	8470	8474	ACCTC	11856	11860	1	4
8473	G	ACCGC	5	8470	8474	ACTGC	9692	9696	1	4
8473	G	ACCGC	5	8470	8474	ACGGC	9775	9779	1	4
8473	G	ACCGC	5	8470	8474	ACGGC	10141	10145	1	4
8473	G	ACCGC	5	8470	8474	ACCCC	10161	10165	1	4
8473	G	ACCGC	5	8470	8474	ACCGA	10398	10402	1	4
8473	G	ACCGC	5	8470	8474	ACCTC	10543	10547	1	4
8473	G	ACCGC	5	8470	8474	ACCAC	11020	11024	1	4
8473	G	ACCGC	5	8470	8474	ACCAC	11129	11133	1	4
8473	G	ACCGC	5	8470	8474	AACGC	11189	11193	1	4
8473	G	ACCGC	5	8470	8474	ATCGC	11243	11247	1	4
8473	G	ACCGC	5	8470	8474	ATCGC	11432	11436	1	4
8473	G	ACCGC	5	8470	8474	ATCGC	11608	11612	1	4
8473	G	ACCGC	5	8470	8474	ACCAC	11909	11913	1	4
8473	G	ACCGC	5	8470	8474	CCCGC	9572	9576	1	4
8473	G	ACCGC	5	8470	8474	ACCCC	12108	12112	1	4
8473	G	ACCGC	5	8470	8474	ACCCC	12193	12197	1	4
8473	G	ACCGC	5	8470	8474	ACTGC	12223	12227	1	4
8473	G	ACCGC	5	8470	8474	ACAGC	12280	12284	1	4
8473	G	ACCGC	5	8470	8474	ACAGC	12832	12836	1	4
8473	G	ACCGC	5	8470	8474	ACCGT	12860	12864	1	4
8473	G	ACCGC	5	8470	8474	AACGC	12949	12953	1	4
8473	G	ACCGC	5	8470	8474	ACCCC	12967	12971	1	4
8473	G	ACCGC	5	8470	8474	ACCCC	13025	13029	1	4
8473	G	ACCGC	5	8470	8474	ACCCC	13057	13061	1	4
8473	G	ACCGC	5	8470	8474	TCCGC	13118	13122	1	4
8473	G	ACCGC	5	8470	8474	ACCAC	13186	13190	1	4
8473	G	ACCGC	5	8470	8474	ACCGA	9670	9674	1	4
8473	G	ACCGC	5	8470	8474	ACCCC	9570	9574	1	4
8473	G	ACCGC	5	8470	8474	ACAGC	5695	5699	1	4
8473	G	ACCGC	5	8470	8474	ATCGC	6837	6841	1	4
8473	G	ACCGC	5	8470	8474	ACCTC	5816	5820	1	4
8473	G	ACCGC	5	8470	8474	ACCCC	5843	5847	1	4
8473	G	ACCGC	5	8470	8474	ACCGT	5914	5918	1	4
8473	G	ACCGC	5	8470	8474	ACCAC	5935	5939	1	4
8473	G	ACCGC	5	8470	8474	ACAGC	5994	5998	1	4
8473	G	ACCGC	5	8470	8474	ACCAC	6055	6059	1	4
8473	G	ACCGC	5	8470	8474	CCCGC	6187	6191	1	4
8473	G	ACCGC	5	8470	8474	ACAGC	6474	6478	1	4
8473	G	ACCGC	5	8470	8474	ACCTC	6544	6548	1	4
8473	G	ACCGC	5	8470	8474	ACCCC	6565	6569	1	4
8473	G	ACCGC	5	8470	8474	ACCCC	6583	6587	1	4
8473	G	ACCGC	5	8470	8474	TCCGC	6822	6826	1	4
8473	G	ACCGC	5	8470	8474	ACCGT	6948	6952	1	4
8473	G	ACCGC	5	8470	8474	ACCAC	9415	9419	1	4
8473	G	ACCGC	5	8470	8474	ACCAC	7245	7249	1	4
8473	G	ACCGC	5	8470	8474	ACAGC	7290	7294	1	4
8473	G	ACCGC	5	8470	8474	ACCCC	7490	7494	1	4
8473	G	ACCGC	5	8470	8474	AGCGC	7597	7601	1	4
8473	G	ACCGC	5	8470	8474	ACCAC	8129	8133	1	4
8473	G	ACCGC	5	8470	8474	ACCGG	8149	8153	1	4
8473	G	ACCGC	5	8470	8474	ACCAC	8193	8197	1	4
8473	G	ACCGC	5	8470	8474	ACCTC	8350	8354	1	4
8473	G	ACCGC	5	8470	8474	GCCGC	8581	8585	1	4
8473	G	ACCGC	5	8470	8474	ACCTC	8683	8687	1	4
8473	G	ACCGC	5	8470	8474	ATCGC	9136	9140	1	4
8473	G	ACCGC	5	8470	8474	ACCCC	9254	9258	1	4
8473	G	GCCCT	5	8473	8477	GCCCA	2546	2550	1	4
8473	G	GCCCT	5	8473	8477	ACCCT	2576	2580	1	4
8473	G	GCCCT	5	8473	8477	GACCT	2622	2626	1	4
8473	G	GCCCT	5	8473	8477	GCACT	9690	9694	1	4
8473	G	GCCCT	5	8473	8477	GCCCA	11306	11310	1	4
8473	G	GCCCT	5	8473	8477	CCCCT	11234	11238	1	4
8473	G	GCCCT	5	8473	8477	GGCCT	10725	10729	1	4
8473	G	GCCCT	5	8473	8477	GGCCT	10689	10693	1	4
8473	G	GCCCT	5	8473	8477	GCCAT	10653	10657	1	4
8473	G	GCCCT	5	8473	8477	GCCCC	10472	10476	1	4
8473	G	GCCCT	5	8473	8477	GGCCT	10364	10368	1	4
8473	G	GCCCT	5	8473	8477	CCCCT	10278	10282	1	4
8473	G	GCCCT	5	8473	8477	TCCCT	10204	10208	1	4
8473	G	GCCCT	5	8473	8477	ACCCT	10183	10187	1	4
8473	G	GCCCT	5	8473	8477	CCCCT	10162	10166	1	4
8473	G	GCCCT	5	8473	8477	GCCTT	10098	10102	1	4
8473	G	GCCCT	5	8473	8477	CCCCT	9582	9586	1	4
8473	G	GCCCT	5	8473	8477	CCCCT	11536	11540	1	4
8473	G	GCCCT	5	8473	8477	GCACT	9548	9552	1	4
8473	G	GCCCT	5	8473	8477	GCCTT	9504	9508	1	4
8473	G	GCCCT	5	8473	8477	GGCCT	9438	9442	1	4
8473	G	GCCCT	5	8473	8477	GGCCT	9342	9346	1	4
8473	G	GCCCT	5	8473	8477	GCCAT	9300	9304	1	4
8473	G	GCCCT	5	8473	8477	CCCCT	9255	9259	1	4
8473	G	GCCCT	5	8473	8477	GCCCA	9247	9251	1	4
8473	G	GCCCT	5	8473	8477	GCCGT	8995	8999	1	4
8473	G	GCCCT	5	8473	8477	CCCCT	8844	8848	1	4
8473	G	GCCCT	5	8473	8477	GCCAT	8833	8837	1	4
8473	G	GCCCT	5	8473	8477	GGCCT	8572	8576	1	4
8473	G	GCCCT	5	8473	8477	ACCCT	8512	8516	1	4
8473	G	GCCCT	5	8473	8477	GCCCA	11414	11418	1	4
8473	G	GCCCT	5	8473	8477	TCCCT	11552	11556	1	4
8473	G	GCCCT	5	8473	8477	GCCCC	8368	8372	1	4
8473	G	GCCCT	5	8473	8477	GCGCT	13178	13182	1	4
8473	G	GCCCT	5	8473	8477	GCACT	14905	14909	1	4
8473	G	GCCCT	5	8473	8477	GCCAT	14900	14904	1	4
8473	G	GCCCT	5	8473	8477	CCCCT	14418	14422	1	4
8473	G	GCCCT	5	8473	8477	ACCCT	14274	14278	1	4
8473	G	GCCCT	5	8473	8477	ACCCT	14128	14132	1	4
8473	G	GCCCT	5	8473	8477	GACCT	13996	14000	1	4
8473	G	GCCCT	5	8473	8477	CCCCT	13981	13985	1	4
8473	G	GCCCT	5	8473	8477	GCCCC	13980	13984	1	4
8473	G	GCCCT	5	8473	8477	GGCCT	13957	13961	1	4
8473	G	GCCCT	5	8473	8477	CCCCT	13947	13951	1	4
8473	G	GCCCT	5	8473	8477	ACCCT	13922	13926	1	4
8473	G	GCCCT	5	8473	8477	GCCAT	13345	13349	1	4
8473	G	GCCCT	5	8473	8477	GCACT	13085	13089	1	4
8473	G	GCCCT	5	8473	8477	GACCT	11600	11604	1	4
8473	G	GCCCT	5	8473	8477	GCCCC	13052	13056	1	4
8473	G	GCCCT	5	8473	8477	GCCAT	13042	13046	1	4
8473	G	GCCCT	5	8473	8477	CCCCT	13026	13030	1	4
8473	G	GCCCT	5	8473	8477	GCCCA	13009	13013	1	4
8473	G	GCCCT	5	8473	8477	GCCAT	12838	12842	1	4
8473	G	GCCCT	5	8473	8477	TCCCT	12605	12609	1	4
8473	G	GCCCT	5	8473	8477	ACCCT	12410	12414	1	4
8473	G	GCCCT	5	8473	8477	TCCCT	12376	12380	1	4
8473	G	GCCCT	5	8473	8477	ACCCT	12367	12371	1	4
8473	G	GCCCT	5	8473	8477	GCCCC	12301	12305	1	4
8473	G	GCCCT	5	8473	8477	CCCCT	12194	12198	1	4
8473	G	GCCCT	5	8473	8477	GCCAT	11657	11661	1	4
8473	G	GCCCT	5	8473	8477	GCCCA	8485	8489	1	4
8473	G	GCCCT	5	8473	8477	ACCCT	8261	8265	1	4
8473	G	GCCCT	5	8473	8477	GACCT	2681	2685	1	4
8473	G	GCCCT	5	8473	8477	GCCCA	3715	3719	1	4
8473	G	GCCCT	5	8473	8477	GCGCT	4530	4534	1	4
8473	G	GCCCT	5	8473	8477	GCCCA	4482	4486	1	4
8473	G	GCCCT	5	8473	8477	CCCCT	4476	4480	1	4
8473	G	GCCCT	5	8473	8477	ACCCT	4455	4459	1	4
8473	G	GCCCT	5	8473	8477	GCCCA	4429	4433	1	4
8473	G	GCCCT	5	8473	8477	TCCCT	4353	4357	1	4
8473	G	GCCCT	5	8473	8477	ACCCT	4093	4097	1	4
8473	G	GCCCT	5	8473	8477	CCCCT	4058	4062	1	4
8473	G	GCCCT	5	8473	8477	CCCCT	3960	3964	1	4
8473	G	GCCCT	5	8473	8477	GCCCC	3959	3963	1	4
8473	G	GCCCT	5	8473	8477	GCCAT	3850	3854	1	4
8473	G	GCCCT	5	8473	8477	ACCCT	3843	3847	1	4
8473	G	GCCCT	5	8473	8477	GCCGT	3640	3644	1	4
8473	G	GCCCT	5	8473	8477	ACCCT	5059	5063	1	4
8473	G	GCCCT	5	8473	8477	CCCCT	3484	3488	1	4
8473	G	GCCCT	5	8473	8477	GCCCC	3483	3487	1	4
8473	G	GCCCT	5	8473	8477	CCCCT	3429	3433	1	4
8473	G	GCCCT	5	8473	8477	GCCCC	3428	3432	1	4
8473	G	GCCCT	5	8473	8477	GCCCC	3413	3417	1	4
8473	G	GCCCT	5	8473	8477	GCCCG	3244	3248	1	4
8473	G	GCCCT	5	8473	8477	GGCCT	3146	3150	1	4
8473	G	GCCCT	5	8473	8477	GTCCT	3054	3058	1	4
8473	G	GCCCT	5	8473	8477	ACCCT	2926	2930	1	4
8473	G	GCCCT	5	8473	8477	GTCCT	2777	2781	1	4
8473	G	GCCCT	5	8473	8477	ACCCT	2725	2729	1	4
8473	G	GCCCT	5	8473	8477	GCCCG	2686	2690	1	4
8473	G	GCCCT	5	8473	8477	GGCCT	4563	4567	1	4
8473	G	GCCCT	5	8473	8477	ACCCT	5148	5152	1	4
8473	G	GCCCT	5	8473	8477	GCCCG	8251	8255	1	4
8473	G	GCCCT	5	8473	8477	GTCCT	6504	6508	1	4
8473	G	GCCCT	5	8473	8477	CCCCT	8228	8232	1	4
8473	G	GCCCT	5	8473	8477	GCCCA	8206	8210	1	4
8473	G	GCCCT	5	8473	8477	GCTCT	8172	8176	1	4
8473	G	GCCCT	5	8473	8477	TCCCT	7823	7827	1	4
8473	G	GCCCT	5	8473	8477	GTCCT	7697	7701	1	4
8473	G	GCCCT	5	8473	8477	CCCCT	7626	7630	1	4
8473	G	GCCCT	5	8473	8477	GTCCT	7347	7351	1	4
8473	G	GCCCT	5	8473	8477	GCCCC	7211	7215	1	4
8473	G	GCCCT	5	8473	8477	CCCCT	7095	7099	1	4
8473	G	GCCCT	5	8473	8477	GTCCT	7041	7045	1	4
8473	G	GCCCT	5	8473	8477	GGCCT	6957	6961	1	4
8473	G	GCCCT	5	8473	8477	GCTCT	6917	6921	1	4
8473	G	GCCCT	5	8473	8477	GTCCT	6480	6484	1	4
8473	G	GCCCT	5	8473	8477	GGCCT	5226	5230	1	4
8473	G	GCCCT	5	8473	8477	GCCAT	6426	6430	1	4
8473	G	GCCCT	5	8473	8477	CCCCT	6153	6157	1	4
8473	G	GCCCT	5	8473	8477	GCCCA	6081	6085	1	4
8473	G	GCCCT	5	8473	8477	GCTCT	5997	6001	1	4
8473	G	GCCCT	5	8473	8477	GTCCT	5985	5989	1	4
8473	G	GCCCT	5	8473	8477	GCCAT	5881	5885	1	4
8473	G	GCCCT	5	8473	8477	CCCCT	5844	5848	1	4
8473	G	GCCCT	5	8473	8477	GGCCT	5837	5841	1	4
8473	G	GCCCT	5	8473	8477	GCCCC	5763	5767	1	4
8473	G	GCCCT	5	8473	8477	CCCCT	5488	5492	1	4
8473	G	GCCCT	5	8473	8477	GCCAT	5262	5266	1	4
8473	G	GCCCT	5	8473	8477	GCCCA	5252	5256	1	4
8473	G	ACCGC	5	8470	8474	ACCCC	1222	1226	1	4
8473	G	TACCG	5	8469	8473	TACAG	16342	16346	1	4
