pos	nuc	motif.seq	motif.length	motif.start	motif.end	repeat.seq	repeat.start	repeat.end	repeat.hamming.distance	effective.length
8473	T	CTACCTCCCTCACCAAAGCC	20	8468	8487	CAACCTCCCTCACCATTGGC	13445	13464	4	16
8473	T	CTACCTCCCTCACCAAAGCC	20	8468	8487	CTACCTCCCTGACAAGCGCC	13580	13599	4	16
8473	T	ACTACCACCTACCTCCCTCA	20	8460	8479	AATACCAACTATCTCCCTAA	15841	15860	4	16
8473	T	CACCTACCTCCCTCACCA	18	8465	8482	CTTCAACCTCCCTCACCA	13442	13459	3	15
8473	T	CCTACCTCCCTCACCAA	17	8467	8483	TCAACCTCCCTCACCAT	13444	13460	3	14
8473	T	CCTACCTCCCTCACCAA	17	8467	8483	CCTACCTCCATCGCTAA	14372	14388	3	14
8473	T	ACTACCACCTACCTCCC	17	8460	8476	ACTCCTACCTATCTCCC	5474	5490	3	14
8473	T	CTACCACCTACCTCCC	16	8461	8476	CTAGCCCCTACCCCCC	9522	9537	3	13
8473	T	CACCTACCTCCCTCAC	16	8465	8480	CACCTTCCACCCTTAC	15400	15415	3	13
8473	T	CACCTACCTCCCTCAC	16	8465	8480	CTCTTACCTCCCTCTC	6213	6228	3	13
8473	T	CCTACCTCCCTCACCA	16	8467	8482	GCTACCTCCCTGACAA	13579	13594	3	13
8473	T	TACCTCCCTCACCAAA	16	8469	8484	TCTCTCCCTCACTAAA	4903	4918	3	13
8473	T	ACCTCCCTCACCAAA	15	8470	8484	ACCCCCCTCCCCATA	3565	3579	3	12
8473	T	CCTCCCTCACCAAAG	15	8471	8485	TCTCCCTCACTAAAC	4905	4919	3	12
8473	T	TACCTCCCTCACCA	14	8469	8482	TCCCTCCCTTACCA	7861	7874	2	12
8473	T	CTCCCTCACCAAAG	14	8472	8485	CTCCCTCACTAAAC	4906	4919	2	12
8473	T	TACCTCCCTCACCAA	15	8469	8483	TCCCTCCCTTACCAT	7861	7875	3	12
8473	T	CTCCCTCACCAAAGC	15	8472	8486	CTCCCTCACTAAACG	4906	4920	3	12
8473	T	CTACCTCCCTCACCA	15	8468	8482	ATCCCTCCCTTACCA	7860	7874	3	12
8473	T	CTACCTCCCTCACCA	15	8468	8482	CCACCTCCATCATCA	14051	14065	3	12
8473	T	CCTACCTCCCTCACC	15	8467	8481	CCTACCTATCTCCCC	5477	5491	3	12
8473	T	CCTACCTCCCTCACC	15	8467	8481	CTTACCTCCCTCTCT	6215	6229	3	12
8473	T	ACCTACCTCCCTCAC	15	8466	8480	CGCTACCTCCCTGAC	13578	13592	3	12
8473	T	ACCTACCTCCCTCAC	15	8466	8480	TCCTACCTCCATCGC	14371	14385	3	12
8473	T	CACCTACCTCCCTCA	15	8465	8479	CTCCTGCCTCACTCA	8785	8799	3	12
8473	T	CACCTACCTCCCTCA	15	8465	8479	CACCTACACCCCTTA	8924	8938	3	12
8473	T	CCACCTACCTCCCTC	15	8464	8478	ACTCTTACCTCCCTC	6212	6226	3	12
8473	T	ACCACCTACCTCCCT	15	8463	8477	ATCACCTTCCACCCT	15398	15412	3	12
8473	T	ACCACCTACCTCCCT	15	8463	8477	ACCACCATCCTCCGT	16399	16413	3	12
8473	T	ACTACCACCTACCTC	15	8460	8474	ACTTCAACCTCCCTC	13441	13455	3	12
8473	T	ACCTACCTCCCTC	13	8466	8478	ACCTCCCTCTCTC	6218	6230	2	11
8473	T	ACCTCCCTCACCA	13	8470	8482	AACACCCTCACCA	4009	4021	2	11
8473	T	CACCTACCTCCC	12	8465	8476	CATCGACCTCCC	14800	14811	2	10
8473	T	CTCCCTCACCAA	12	8472	8483	CTACCTAACCAA	13851	13862	2	10
8473	T	ACCACCTACCTC	12	8463	8474	ACCACCTTCTTC	6552	6563	2	10
8473	T	TACCACCTACCT	12	8462	8473	TACTAACTACCT	10959	10970	2	10
8473	T	CCTACCTCCCTC	12	8467	8478	CTTACCACCCTC	12394	12405	2	10
8473	T	TACCTCCCTCAC	12	8469	8480	TCCCACCCTCAC	15262	15273	2	10
8473	T	ACCTCCCTCACC	12	8470	8481	ACCACCCTAACC	12358	12369	2	10
8473	T	CCTCCCTCACCA	12	8471	8482	CCTCCCTTAGCA	6291	6302	2	10
8473	T	CTCCCTCACCAA	12	8472	8483	CCCCCGCACCAA	14244	14255	2	10
8473	T	CTCCCTCACCAA	12	8472	8483	CTCACTCACCCA	12010	12021	2	10
8473	T	CACCTACCTCCC	12	8465	8476	CACCTATCCCCC	12077	12088	2	10
8473	T	CTCCCTCACCAA	12	8472	8483	CACCCTCACCAC	4011	4022	2	10
8473	T	CTCCCTCACCAA	12	8472	8483	CCCCCTCCCCAA	956	967	2	10
8473	T	CACCTACCTCCC	12	8465	8476	CACCAACCACCC	8804	8815	2	10
8473	T	CCTCCCTCACC	11	8471	8481	CCTCCTTAACC	5327	5337	2	9
8473	T	CCTCCCTCACC	11	8471	8481	CCACCATCACC	5317	5327	2	9
8473	T	ACCTCCCTCA	10	8470	8479	ACCTCCCCCA	14527	14536	1	9
8473	T	ACCTCCCTCA	10	8470	8479	ACCCCCCTCA	16374	16383	1	9
8473	T	CTACCTCCCT	10	8468	8477	CTACCTCTCT	11041	11050	1	9
8473	T	TCCCTCACCAA	11	8473	8483	ACACTCACCAA	14399	14409	2	9
8473	T	TCCCTCACCAA	11	8473	8483	TCCCTAACAAA	15597	15607	2	9
8473	T	TCCCTCACCAA	11	8473	8483	CCCCTCACCCA	16259	16269	2	9
8473	T	CTCCCTCACCA	11	8472	8482	CAACCTCACCA	1230	1240	2	9
8473	T	CTCCCTCACCA	11	8472	8482	CTCCAGCACCA	5135	5145	2	9
8473	T	CTCCCTCACCA	11	8472	8482	CGCCCTTACCA	5459	5469	2	9
8473	T	CTCCCTCACCA	11	8472	8482	CTCCCTCTACA	11977	11987	2	9
8473	T	CTCCCTCACCA	11	8472	8482	CTCACCCACCA	12014	12024	2	9
8473	T	CTCCCTCACCA	11	8472	8482	CCCCCTCCCCA	16184	16194	2	9
8473	T	CCTCCCTCACC	11	8471	8481	CCTGCCTCATC	140	150	2	9
8473	T	CCTCCCTCACC	11	8471	8481	CCCCCCTCCCC	304	314	2	9
8473	T	CCTCCCTCACC	11	8471	8481	CCTCGCTAACC	11848	11858	2	9
8473	T	CCTCCCTCACC	11	8471	8481	CCTCCCACTCC	458	468	2	9
8473	T	CCTACCTCCCT	11	8467	8477	CTAACCTCCCT	4102	4112	2	9
8473	T	CTACCTCCCTC	11	8468	8478	CTACCTCTCTA	11041	11051	2	9
8473	T	CACCTACCTCC	11	8465	8475	ATCCTACCTCC	14370	14380	2	9
8473	T	CACCTACCTCC	11	8465	8475	CACATACTTCC	11197	11207	2	9
8473	T	CACCTACCTCC	11	8465	8475	CACCTACGTTC	164	174	2	9
8473	T	ACCTACCTCCC	11	8466	8476	ACCTACCCACC	16285	16295	2	9
8473	T	ACCTACCTCCC	11	8466	8476	ACATACTTCCC	7947	7957	2	9
8473	T	CCTACCTCCCT	11	8467	8477	TCTACCTCTCT	11040	11050	2	9
8473	T	CCTACCTCCCT	11	8467	8477	CCTACCCCCCA	9528	9538	2	9
8473	T	CCTCCCTCACC	11	8471	8481	CACCCCTCACC	16257	16267	2	9
8473	T	CTACCTCCCTC	11	8468	8478	CTACCTGACTC	10965	10975	2	9
8473	T	ACCTCCCTCAC	11	8470	8480	ACCTCAATCAC	5367	5377	2	9
8473	T	CTACCTCCCTC	11	8468	8478	CAACCCCCCTC	10944	10954	2	9
8473	T	TACCTCCCTCA	11	8469	8479	GACCCCCCTCA	16373	16383	2	9
8473	T	TACCTCCCTCA	11	8469	8479	AACCTCCCCCA	14526	14536	2	9
8473	T	TACCTCCCTCA	11	8469	8479	TACCACCCTCG	12396	12406	2	9
8473	T	TACCTCCCTCA	11	8469	8479	TACTTCCCCCA	7950	7960	2	9
8473	T	TACCTCCCTCA	11	8469	8479	TTCCTGCCTCA	138	148	2	9
8473	T	ACCTCCCTCAC	11	8470	8480	ACCCCCCTCAG	16374	16384	2	9
8473	T	ACCTCCCTCAC	11	8470	8480	ACCTCCCCCAA	14527	14537	2	9
8473	T	CCACCTACCTC	11	8464	8474	CCACCTATCAC	4379	4389	2	9
8473	T	CCACCTACCTC	11	8464	8474	CCACCCTCCTC	5206	5216	2	9
8473	T	ACCACCTACCT	11	8463	8473	ACGAGCTACCT	1914	1924	2	9
8473	T	CCTCCCTCACC	11	8471	8481	GCTCACTCACC	12009	12019	2	9
8473	T	ACCACCTACCT	11	8463	8473	ACCCACTACCT	2216	2226	2	9
8473	T	ACCTCCCTCAC	11	8470	8480	ACTTTCCTCAC	9843	9853	2	9
8473	T	CCTCCCTCACC	11	8471	8481	CCACCCTCACA	15264	15274	2	9
8473	T	ACCACCTACCT	11	8463	8473	ACCACCCAACT	8809	8819	2	9
8473	T	ACCTCCCTCA	10	8470	8479	ACCCTCCTCA	1492	1501	2	8
8473	T	ACCTCCCTCA	10	8470	8479	ACCCCCCACA	567	576	2	8
8473	T	TCCCTCACCA	10	8473	8482	CCCTTCACCA	9759	9768	2	8
8473	T	TCCCTCACC	9	8473	8481	TACCTCACC	5888	5896	1	8
8473	T	TCCCTCACCA	10	8473	8482	TTCCTCATCA	8426	8435	2	8
8473	T	TCCCTCACCA	10	8473	8482	TCCCACAACA	7180	7189	2	8
8473	T	TCCCTCACCA	10	8473	8482	TACCTCACCC	5888	5897	2	8
8473	T	TCCCTCACCA	10	8473	8482	TTCCTCCCCA	5442	5451	2	8
8473	T	TCCCTCACCA	10	8473	8482	GCTCTCACCA	3538	3547	2	8
8473	T	CACCTACCT	9	8465	8473	CAACTACCT	13848	13856	1	8
8473	T	CCTACCTCC	9	8467	8475	CCCACCTCC	8620	8628	1	8
8473	T	CCTACCTCC	9	8467	8475	CCAACCTCC	3317	3325	1	8
8473	T	CCTACCTCC	9	8467	8475	CCAACCTCC	2835	2843	1	8
8473	T	CCTACCTCC	9	8467	8475	CTTACCTCC	587	595	1	8
8473	T	CTACCTCCC	9	8468	8476	CTACTTCCC	7620	7628	1	8
8473	T	TACCTCCCT	9	8469	8477	TTCCTCCCT	3114	3122	1	8
8473	T	ACCTCCCTC	9	8470	8478	ACCTCCCTG	4105	4113	1	8
8473	T	CCTCCCTCA	9	8471	8479	CCTCTCTCA	11788	11796	1	8
8473	T	TCCCTCACC	9	8473	8481	TCCCTCAAC	12101	12109	1	8
8473	T	TCCCTCACCA	10	8473	8482	TCCCTCTACA	9084	9093	2	8
8473	T	TCCCTCACCA	10	8473	8482	TTCCTCACTA	9846	9855	2	8
8473	T	CCACCTACCT	10	8464	8473	CCATCTGCCT	11580	11589	2	8
8473	T	CCTACCTCCC	10	8467	8476	CATTCCTCCC	5440	5449	2	8
8473	T	CCTACCTCCC	10	8467	8476	CCTACTTCTC	6482	6491	2	8
8473	T	CCTACCTCCC	10	8467	8476	CCTATCTCTC	6491	6500	2	8
8473	T	CCTACCTCCC	10	8467	8476	GCTACTTCCC	7619	7628	2	8
8473	T	CCTACCTCCC	10	8467	8476	CCTACCCGCC	8574	8583	2	8
8473	T	CCTACCTCCC	10	8467	8476	CCCACCTCCA	8620	8629	2	8
8473	T	CCTACCTCCC	10	8467	8476	CCTATATCCC	10185	10194	2	8
8473	T	CCTACCTCCC	10	8467	8476	CCTACCCCTC	10975	10984	2	8
8473	T	CCTACCTCCC	10	8467	8476	CTTACCCCCC	11863	11872	2	8
8473	T	CCTACCTCCC	10	8467	8476	CCTAATTCCC	12378	12387	2	8
8473	T	CCTACCTCCC	10	8467	8476	CCTGACTCCC	13028	13037	2	8
8473	T	CCTACCTCCC	10	8467	8476	CATACCTCTC	13431	13440	2	8
8473	T	ACCTACCTCC	10	8466	8475	GCTTACCTCC	586	595	2	8
8473	T	ACCTACCTCC	10	8466	8475	ACCTAGCCCC	1676	1685	2	8
8473	T	ACCTACCTCC	10	8466	8475	CCCAACCTCC	2834	2843	2	8
8473	T	ACCTACCTCC	10	8466	8475	GCCAACCTCC	3316	3325	2	8
8473	T	ACCTACCTCC	10	8466	8475	CCCCACCTCC	8619	8628	2	8
8473	T	ACCTACCTCC	10	8466	8475	ACTAACCTCC	8770	8779	2	8
8473	T	ACCTACCTCC	10	8466	8475	ACCTGACTCC	10967	10976	2	8
8473	T	CACCTACCTC	10	8465	8474	CACCCTCCTC	1491	1500	2	8
8473	T	CACCTACCTC	10	8465	8474	CTCCTATCTC	6489	6498	2	8
8473	T	CACCTACCTC	10	8465	8474	CTCCTACCCC	10973	10982	2	8
8473	T	CACCTACCTC	10	8465	8474	CACCCACCAC	12016	12025	2	8
8473	T	CACCTACCTC	10	8465	8474	CAACTACCTA	13848	13857	2	8
8473	T	CCACCTACCT	10	8464	8473	GCACCTACGT	163	172	2	8
8473	T	CCACCTACCT	10	8464	8473	CCACCTTACT	1695	1704	2	8
8473	T	CCACCTACCT	10	8464	8473	CCAACTATCT	8814	8823	2	8
8473	T	CCTACCTCCC	10	8467	8476	CCTACCACTC	4185	4194	2	8
8473	T	CCTACCTCCC	10	8467	8476	CCAACCTCCT	3317	3326	2	8
8473	T	CCTACCTCCC	10	8467	8476	CCAACCTCCG	2835	2844	2	8
8473	T	TACCTCCCTC	10	8469	8478	TACCCCCCAC	11865	11874	2	8
8473	T	ACCTCCCTCA	10	8470	8479	ACCTCCCTGT	4105	4114	2	8
8473	T	ACCTCCCTCA	10	8470	8479	CCCTCCCTTA	6290	6299	2	8
8473	T	ACCTCCCTCA	10	8470	8479	ACCACCCACA	10841	10850	2	8
8473	T	ACCTCCCTCA	10	8470	8479	ACCCCCCTCC	10946	10955	2	8
8473	T	ACCTCCCTCA	10	8470	8479	TCCTCTCTCA	11787	11796	2	8
8473	T	ACCTCCCTCA	10	8470	8479	AACACCCTCA	12059	12068	2	8
8473	T	ACCTCCCTCA	10	8470	8479	ACTTCCCTAA	12373	12382	2	8
8473	T	ACCTCCCTCA	10	8470	8479	ACTCCCCTCA	13032	13041	2	8
8473	T	TCCCTCACCA	10	8473	8482	ACCCTCAACA	10611	10620	2	8
8473	T	TACCTCCCTC	10	8469	8478	TTCCTCCCTG	3114	3123	2	8
8473	T	TACCTCCCTC	10	8469	8478	AACCCCCCTC	3564	3573	2	8
8473	T	TACCTCCCTC	10	8469	8478	AACCTCCCTG	4104	4113	2	8
8473	T	TACCTCCCTC	10	8469	8478	TACCTCTCAC	13433	13442	2	8
8473	T	CCTACCTCCC	10	8467	8476	CTTACCTCCT	587	596	2	8
8473	T	TACCTCCCTC	10	8469	8478	TATCTGCCTC	15019	15028	2	8
8473	T	CTACCTCCCT	10	8468	8477	CTATCACCCT	11	20	2	8
8473	T	CTACCTCCCT	10	8468	8477	CTATCACCCT	2276	2285	2	8
8473	T	CTACCTCCCT	10	8468	8477	ATTCCTCCCT	3113	3122	2	8
8473	T	CTACCTCCCT	10	8468	8477	CTACAACCCT	3442	3451	2	8
8473	T	CTACCTCCCT	10	8468	8477	CTAACACCCT	5187	5196	2	8
8473	T	CTACCTCCCT	10	8468	8477	CTCCCACCCT	6311	6320	2	8
8473	T	CTACCTCCCT	10	8468	8477	CTACTTCCCC	7620	7629	2	8
8473	T	CTACCTCCCT	10	8468	8477	CAACCTCGCT	13636	13645	2	8
8473	T	CTACCTCCCT	10	8468	8477	CTTCCTCTCT	14097	14106	2	8
8473	T	CTACCTCCCT	10	8468	8477	CTAACCCCCT	14766	14775	2	8
8473	T	CTACCTCCCT	10	8468	8477	CGACCTCCCC	14803	14812	2	8
8473	T	CCACCTACCT	10	8464	8473	CCACCTACTC	9027	9036	2	8
8473	T	TACCTCCCTC	10	8469	8478	TACCGCCATC	1259	1268	2	8
8473	T	CCACCTACCT	10	8464	8473	CCCTCTACCT	13784	13793	2	8
8473	T	CCTCCCTCAC	10	8471	8480	CCTCCCCCGC	308	317	2	8
8473	T	TCCCTCACCA	10	8473	8482	TCCCGCACAA	16424	16433	2	8
8473	T	CTCCCTCACC	10	8472	8481	CTACATCACC	3516	3525	2	8
8473	T	CTCCCTCACC	10	8472	8481	TTACCTCACC	5887	5896	2	8
8473	T	CTCCCTCACC	10	8472	8481	CTCCCTTCCC	11227	11236	2	8
8473	T	CTCCCTCACC	10	8472	8481	ATCCCTCAAC	12100	12109	2	8
8473	T	CTCCCTCACC	10	8472	8481	CTCCCTAAGC	12564	12573	2	8
8473	T	CTCCCTCACC	10	8472	8481	CTTCCCCACC	13644	13653	2	8
8473	T	CTCCCTCACC	10	8472	8481	CTCTTTCACC	14350	14359	2	8
8473	T	CCTCCCTCAC	10	8471	8480	CCTACTTCAC	3148	3157	2	8
8473	T	TCCCTCACCA	10	8473	8482	TCCCTCAACC	12101	12110	2	8
8473	T	CCTCCCTCAC	10	8471	8480	CCTCACTCTC	4931	4940	2	8
8473	T	CCTCCCTCAC	10	8471	8480	CCTCACCCAC	16261	16270	2	8
8473	T	CCTCCCTCAC	10	8471	8480	CGTCCCTAAC	15595	15604	2	8
8473	T	CCTCCCTCAC	10	8471	8480	CCACCCTTAC	13649	13658	2	8
8473	T	CCTCCCTCAC	10	8471	8480	CTTTCCTCAC	13487	13496	2	8
8473	T	CCTCCCTCAC	10	8471	8480	CCTCATTCAC	12042	12051	2	8
8473	T	CCTCCCTCAC	10	8471	8480	CCTCTCTCAA	11788	11797	2	8
8473	T	CCTCCCTCAC	10	8471	8480	CCTCACTCAT	8791	8800	2	8
8473	T	TCCCTCACCA	10	8473	8482	CCCCTCCCCA	15537	15546	2	8
8473	T	TCCCTCACCA	10	8473	8482	CCCCTCACAA	10979	10988	2	8
8473	T	CCTCCCTCAC	10	8471	8480	CCTACCACAC	7405	7414	2	8
8473	T	CCACCTACCT	10	8464	8473	TCAACTACCT	13847	13856	2	8
8473	T	CCTCCCTCAC	10	8471	8480	CCTCCATGAC	7499	7508	2	8
8473	T	CTCCCTCA	8	8472	8479	CGCCCTCA	7663	7670	1	7
8473	T	CTCCCTCA	8	8472	8479	CCCCCTCA	4249	4256	1	7
8473	T	CCTCCCTC	8	8471	8478	CCTCCCTA	10552	10559	1	7
8473	T	CCTCCCTC	8	8471	8478	CTTCCCTC	9082	9089	1	7
8473	T	CTCCCTCA	8	8472	8479	CTCCTTCA	14286	14293	1	7
8473	T	CTCCCTCA	8	8472	8479	CTCCCTAA	11405	11412	1	7
8473	T	CTCCCTCA	8	8472	8479	CTCCCTCT	10625	10632	1	7
8473	T	CTCCCTCA	8	8472	8479	CTCTCTCA	4936	4943	1	7
8473	T	TCCCTCAC	8	8473	8480	TCGCTCAC	10535	10542	1	7
8473	T	CCTCCCTC	8	8471	8478	CATCCCTC	10867	10874	1	7
8473	T	TCCCTCAC	8	8473	8480	TTCCTCAC	4647	4654	1	7
8473	T	TCCCTCAC	8	8473	8480	ACCCTCAC	2412	2419	1	7
8473	T	ACCTCCC	7	8470	8476	ACCTCCC	15380	15386	0	7
8473	T	CCTCCCT	7	8471	8477	CCTCCCT	10552	10558	0	7
8473	T	CTCCCTC	7	8472	8478	CTCCCTC	10625	10631	0	7
8473	T	ACCTACCT	8	8466	8473	ACCTACCG	1995	2002	1	7
8473	T	CCTCCCTC	8	8471	8478	ACTCCCTC	10624	10631	1	7
8473	T	CCTCCCTC	8	8471	8478	CATCCCTC	10327	10334	1	7
8473	T	CCTCCCTC	8	8471	8478	ACTCCCTC	11976	11983	1	7
8473	T	CTACCTCC	8	8468	8475	CTACCTAC	5345	5352	1	7
8473	T	CCTACCTC	8	8467	8474	CCTACTTC	16507	16514	1	7
8473	T	CCTACCTC	8	8467	8474	CCTACCCC	11532	11539	1	7
8473	T	CCTACCTC	8	8467	8474	CCTACTTC	4095	4102	1	7
8473	T	CTACCTCC	8	8468	8475	CCACCTCC	15331	15338	1	7
8473	T	CTACCTCC	8	8468	8475	CTACCTTC	14986	14993	1	7
8473	T	CCTCCCTC	8	8471	8478	CCTCGCTC	16446	16453	1	7
8473	T	CTACCTCC	8	8468	8475	CTACCCCC	8278	8285	1	7
8473	T	CTACCTCC	8	8468	8475	CTACCTGC	9186	9193	1	7
8473	T	TACCTCCC	8	8469	8476	TACCACCC	16050	16057	1	7
8473	T	TACCTCCC	8	8469	8476	CACCTCCC	15379	15386	1	7
8473	T	ACCTCCCT	8	8470	8477	ACCTCCCA	15380	15387	1	7
8473	T	ACCTCCCT	8	8470	8477	ATCTCCCT	11057	11064	1	7
8473	T	ACCTCCCT	8	8470	8477	TCCTCCCT	10551	10558	1	7
8473	T	ACCTCCC	7	8470	8476	CCCTCCC	457	463	1	6
8473	T	ACCTCCC	7	8470	8476	ACCTTCC	9080	9086	1	6
8473	T	ACCTCCC	7	8470	8476	ACCTCCT	8774	8780	1	6
8473	T	ACCTCCC	7	8470	8476	ACCACCC	8656	8662	1	6
8473	T	ACCTCCC	7	8470	8476	CCCTCCC	7815	7821	1	6
8473	T	ACCTCCC	7	8470	8476	ACCCCCC	7465	7471	1	6
8473	T	ACCTCCC	7	8470	8476	ACCTCCG	6819	6825	1	6
8473	T	ACCTCCC	7	8470	8476	ATCTCCC	6663	6669	1	6
8473	T	ACCTCCC	7	8470	8476	ACCTCCT	4166	4172	1	6
8473	T	ACCTCCC	7	8470	8476	ACCTCTC	3788	3794	1	6
8473	T	ACCTCCC	7	8470	8476	ACCGCCC	3523	3529	1	6
8473	T	ACCTCCC	7	8470	8476	ACATCCC	3003	3009	1	6
8473	T	ACCTCCC	7	8470	8476	ACCTGCC	2682	2688	1	6
8473	T	ACCTCCC	7	8470	8476	ACCGCCC	1482	1488	1	6
8473	T	ACCTCCC	7	8470	8476	ACCCCCC	432	438	1	6
8473	T	ACCTCCC	7	8470	8476	ACCTGCC	10306	10312	1	6
8473	T	ACCTCCC	7	8470	8476	ACCCCCC	302	308	1	6
8473	T	CCTCCCT	7	8471	8477	CCACCCT	16291	16297	1	6
8473	T	CCTCCCT	7	8471	8477	CCTCCAT	15664	15670	1	6
8473	T	CCTCCCT	7	8471	8477	CCTCCCG	15142	15148	1	6
8473	T	CCTCCCT	7	8471	8477	CCTGCCT	14862	14868	1	6
8473	T	CCTCCCT	7	8471	8477	CCTCCCG	14262	14268	1	6
8473	T	CCTCCCT	7	8471	8477	CCTCGCT	13806	13812	1	6
8473	T	CCTCCCT	7	8471	8477	CCACCCT	13679	13685	1	6
8473	T	CCTCCCT	7	8471	8477	CATCCCT	12603	12609	1	6
8473	T	CCTCCCT	7	8471	8477	TCTCCCT	12563	12569	1	6
8473	T	CCTCCCT	7	8471	8477	CCTTCCT	11538	11544	1	6
8473	T	CCTCCCT	7	8471	8477	ACTCCCT	11404	11410	1	6
8473	T	CCTCCCT	7	8471	8477	GCTCCCT	11226	11232	1	6
8473	T	ACCTCCC	7	8470	8476	ACCTCCG	9288	9294	1	6
8473	T	ACCTCCC	7	8470	8476	ACCTCGC	11856	11862	1	6
8473	T	CTACCTC	7	8468	8474	CGACCTC	2982	2988	1	6
8473	T	TACCTCC	7	8469	8475	TACATCC	9887	9893	1	6
8473	T	CTACCTC	7	8468	8474	CTACCTA	2221	2227	1	6
8473	T	CTACCTC	7	8468	8474	CTACCTA	1919	1925	1	6
8473	T	CTACCTC	7	8468	8474	CTACCCC	1372	1378	1	6
8473	T	CTACCTC	7	8468	8474	CCACCTC	1238	1244	1	6
8473	T	TACCTCC	7	8469	8475	TAACTCC	15972	15978	1	6
8473	T	TACCTCC	7	8469	8475	GACCTCC	15737	15743	1	6
8473	T	TACCTCC	7	8469	8475	GACCTCC	15488	15494	1	6
8473	T	TACCTCC	7	8469	8475	TACTTCC	14095	14101	1	6
8473	T	TACCTCC	7	8469	8475	TACCCCC	12430	12436	1	6
8473	T	TACCTCC	7	8469	8475	TACATCC	11722	11728	1	6
8473	T	TACCTCC	7	8469	8475	TACCTCT	11379	11385	1	6
8473	T	TACCTCC	7	8469	8475	TTCCTCC	10927	10933	1	6
8473	T	TACCTCC	7	8469	8475	TACCTTC	10238	10244	1	6
8473	T	TACCTCC	7	8469	8475	GACCTCC	9287	9293	1	6
8473	T	ACCTCCC	7	8470	8476	ACCTGCC	13976	13982	1	6
8473	T	TACCTCC	7	8469	8475	TACCACC	8462	8468	1	6
8473	T	TACCTCC	7	8469	8475	TACCCCC	8404	8410	1	6
8473	T	TACCTCC	7	8469	8475	CACCTCC	6818	6824	1	6
8473	T	TACCTCC	7	8469	8475	CACCTCC	4165	4171	1	6
8473	T	TACCTCC	7	8469	8475	TACCCCC	4135	4141	1	6
8473	T	TACCTCC	7	8469	8475	TATCTCC	3864	3870	1	6
8473	T	TACCTCC	7	8469	8475	TACCTTC	1843	1849	1	6
8473	T	ACCTCCC	7	8470	8476	ACCTCCT	15738	15744	1	6
8473	T	ACCTCCC	7	8470	8476	ACCTCCT	15489	15495	1	6
8473	T	ACCTCCC	7	8470	8476	ACCTCCT	15333	15339	1	6
8473	T	ACCTCCC	7	8470	8476	TCCTCCC	15141	15147	1	6
8473	T	ACCTCCC	7	8470	8476	ACCACCC	14336	14342	1	6
8473	T	ACCTCCC	7	8470	8476	TCCTCCC	14261	14267	1	6
8473	T	CCTCCCT	7	8471	8477	CCTCCTT	10268	10274	1	6
8473	T	CCTCCCT	7	8471	8477	CGTCCCT	10202	10208	1	6
8473	T	CCTCCCT	7	8471	8477	TCTCCCT	9756	9762	1	6
8473	T	TCCCTCA	7	8473	8479	TCCCTGA	4353	4359	1	6
8473	T	TCCCTCA	7	8473	8479	TGCCTCA	14431	14437	1	6
8473	T	TCCCTCA	7	8473	8479	TCCATCA	13369	13375	1	6
8473	T	TCCCTCA	7	8473	8479	TCCATCA	12631	12637	1	6
8473	T	TCCCTCA	7	8473	8479	TCCCCCA	12083	12089	1	6
8473	T	TCCCTCA	7	8473	8479	ACCCTCA	12040	12046	1	6
8473	T	TCCCTCA	7	8473	8479	TCGCTCA	11609	11615	1	6
8473	T	TCCCTCA	7	8473	8479	TCCCTCT	10869	10875	1	6
8473	T	TCCCTCA	7	8473	8479	CCCCTCA	10473	10479	1	6
8473	T	TCCCTCA	7	8473	8479	TCCCTCT	10329	10335	1	6
8473	T	TCCCTCA	7	8473	8479	TACCTCA	9467	9473	1	6
8473	T	TCCCTCA	7	8473	8479	TCACTCA	5874	5880	1	6
8473	T	TCCCTCA	7	8473	8479	GCCCTCA	5549	5555	1	6
8473	T	TCCCTCA	7	8473	8479	TCCATCA	4950	4956	1	6
8473	T	TCCCTCA	7	8473	8479	TCCCTCT	1189	1195	1	6
8473	T	CCTCCCT	7	8471	8477	CCACCCT	9056	9062	1	6
8473	T	TACCTC	6	8469	8474	TACCTC	11379	11384	0	6
8473	T	TACCTC	6	8469	8474	TACCTC	9467	9472	0	6
8473	T	ACCTCC	6	8470	8475	ACCTCC	15738	15743	0	6
8473	T	ACCTCC	6	8470	8475	ACCTCC	15489	15494	0	6
8473	T	ACCTCC	6	8470	8475	ACCTCC	9288	9293	0	6
8473	T	ACCTCC	6	8470	8475	ACCTCC	6819	6824	0	6
8473	T	ACCTCC	6	8470	8475	ACCTCC	4166	4171	0	6
8473	T	CCTCCC	6	8471	8476	CCTCCC	15142	15147	0	6
8473	T	CCTCCC	6	8471	8476	CCTCCC	7816	7821	0	6
8473	T	CTCCCT	6	8472	8477	CTCCCT	9757	9762	0	6
8473	T	CTCCCT	6	8472	8477	CTCCCT	5216	5221	0	6
8473	T	TCCCTC	6	8473	8478	TCCCTC	1189	1194	0	6
8473	T	TCCCTCA	7	8473	8479	ACCCTCA	16220	16226	1	6
8473	T	CTCCCTC	7	8472	8478	CACCCTC	722	728	1	6
8473	T	CTCCCTC	7	8472	8478	ATCCCTC	1188	1194	1	6
8473	T	CTCCCTC	7	8472	8478	CACCCTC	3510	3516	1	6
8473	T	CCTCCCT	7	8471	8477	CATCCCT	7821	7827	1	6
8473	T	CCTCCCT	7	8471	8477	CCTCCCA	7816	7822	1	6
8473	T	CCTCCCT	7	8471	8477	CCACCCT	7401	7407	1	6
8473	T	CCTCCCT	7	8471	8477	CCTCCAT	7366	7372	1	6
8473	T	CCTCCCT	7	8471	8477	CCTCCGT	6325	6331	1	6
8473	T	CCTCCCT	7	8471	8477	CCTCCTT	6005	6011	1	6
8473	T	CCTCCCT	7	8471	8477	TCTCCCT	5215	5221	1	6
8473	T	CCTCCCT	7	8471	8477	CATCCCT	4351	4357	1	6
8473	T	CCTCCCT	7	8471	8477	CCACCCT	3794	3800	1	6
8473	T	CCTCCCT	7	8471	8477	CCTCACT	2414	2420	1	6
8473	T	CTCCCTC	7	8472	8478	CGCCCTC	15430	15436	1	6
8473	T	CTCCCTC	7	8472	8478	CTCACTC	14848	14854	1	6
8473	T	CTCCCTC	7	8472	8478	CCCCCTC	13782	13788	1	6
8473	T	CTCCCTC	7	8472	8478	CTCCCAC	11813	11819	1	6
8473	T	CTCCCTC	7	8472	8478	CTCCATC	11578	11584	1	6
8473	T	CTCCCTC	7	8472	8478	CTCACTC	11294	11300	1	6
8473	T	CTCCCTC	7	8472	8478	CTCCCTA	11059	11065	1	6
8473	T	CTCCCTC	7	8472	8478	CACCCTC	10088	10094	1	6
8473	T	CTCCCTC	7	8472	8478	CTCCATC	9968	9974	1	6
8473	T	CTCCCTC	7	8472	8478	CTCCCTT	9757	9763	1	6
8473	T	CTCCCTC	7	8472	8478	CCCCCTC	8605	8611	1	6
8473	T	CTCCCTC	7	8472	8478	CCCCCTC	8281	8287	1	6
8473	T	CTCCCTC	7	8472	8478	CCCCCTC	8272	8278	1	6
8473	T	CTCCCTC	7	8472	8478	CGCCCTC	7813	7819	1	6
8473	T	CTCCCTC	7	8472	8478	CTCCCGC	5733	5739	1	6
8473	T	CTCCCTC	7	8472	8478	CACCCTC	5324	5330	1	6
8473	T	CTCCCTC	7	8472	8478	CTCCCTA	5216	5222	1	6
8473	T	CTACCTC	7	8468	8474	CGACCTC	2818	2824	1	6
8473	T	CCTCCC	6	8471	8476	CCTCCC	14262	14267	0	6
8473	T	CTACCTC	7	8468	8474	CAACCTC	3594	3600	1	6
8473	T	CTACCTC	7	8468	8474	CCACCTC	3626	3632	1	6
8473	T	CTACCTC	7	8468	8474	TTACCTC	9466	9472	1	6
8473	T	CTACCTC	7	8468	8474	CTACCGC	5107	5113	1	6
8473	T	CTACCTC	7	8468	8474	CTACTTC	12585	12591	1	6
8473	T	CTACCTC	7	8468	8474	CTAACTC	12227	12233	1	6
8473	T	CTACCTC	7	8468	8474	ATACCTC	11378	11384	1	6
8473	T	CTACCTC	7	8468	8474	CTACCAC	10793	10799	1	6
8473	T	CTACCTC	7	8468	8474	CTACCAC	10128	10134	1	6
8473	T	CTACCTC	7	8468	8474	CTACCAC	8461	8467	1	6
8473	T	CTACCTC	7	8468	8474	CTACCCC	7229	7235	1	6
8473	T	CTACCTC	7	8468	8474	CAACCTC	6542	6548	1	6
8473	T	CTACCTC	7	8468	8474	CTACTTC	5727	5733	1	6
8473	T	CTACCTC	7	8468	8474	CCACCTC	5365	5371	1	6
8473	T	CCTACCT	7	8467	8473	CCTACCC	505	511	1	6
8473	T	CTACCTC	7	8468	8474	CTACTTC	5339	5345	1	6
8473	T	CTACCTC	7	8468	8474	CTATCTC	5157	5163	1	6
8473	T	CCTACCT	7	8467	8473	CCTACGT	3056	3062	1	6
8473	T	CCTACCT	7	8467	8473	CCGACCT	3529	3535	1	6
8473	T	CCTACCT	7	8467	8473	CCTAACT	5099	5105	1	6
8473	T	CCTACCT	7	8467	8473	TCTACCT	5344	5350	1	6
8473	T	CCTACCT	7	8467	8473	CCTAGCT	6506	6512	1	6
8473	T	CCTACCT	7	8467	8473	CCTACCA	6644	6650	1	6
8473	T	CCTACCT	7	8467	8473	CCTACAT	7944	7950	1	6
8473	T	CCTACCT	7	8467	8473	CCTACGT	9158	9164	1	6
8473	T	CCTACCT	7	8467	8473	TCTACCT	9185	9191	1	6
8473	T	CCTACCT	7	8467	8473	CCTACCA	10280	10286	1	6
8473	T	CCTACCT	7	8467	8473	CCAACCT	10919	10925	1	6
8473	T	CCTACCT	7	8467	8473	CCCACCT	11141	11147	1	6
8473	T	CCTACCT	7	8467	8473	CCTACTT	11938	11944	1	6
8473	T	CCTACCT	7	8467	8473	CCTATCT	13560	13566	1	6
8473	T	CCTACCT	7	8467	8473	CCTATCT	13949	13955	1	6
8473	T	CCTACCT	7	8467	8473	GCTACCT	14985	14991	1	6
8473	T	CTACCTC	7	8468	8474	CTACCTA	13788	13794	1	6
8473	T	ACCTCC	6	8470	8475	ACTTCC	7030	7035	1	5
8473	T	ACCTCC	6	8470	8475	ACCTCT	8350	8355	1	5
8473	T	ACCTCC	6	8470	8475	CCCTCC	10267	10272	1	5
8473	T	ACCTCC	6	8470	8475	CCCTCC	10090	10095	1	5
8473	T	ACCTCC	6	8470	8475	ACTTCC	10018	10023	1	5
8473	T	ACCTCC	6	8470	8475	CCCTCC	9727	9732	1	5
8473	T	ACCTCC	6	8470	8475	ACATCC	9606	9611	1	5
8473	T	ACCTCC	6	8470	8475	ACCACC	9422	9427	1	5
8473	T	ACCTCC	6	8470	8475	ACTTCC	9313	9318	1	5
8473	T	ACCTCC	6	8470	8475	CCCTCC	9277	9282	1	5
8473	T	ACCTCC	6	8470	8475	ACCTCA	8683	8688	1	5
8473	T	ACCTCC	6	8470	8475	ACCCCC	8271	8276	1	5
8473	T	ACCTCC	6	8470	8475	ATCTCC	10710	10715	1	5
8473	T	ACCTCC	6	8470	8475	ACCTGC	7980	7985	1	5
8473	T	ACCTCC	6	8470	8475	AACTCC	7940	7945	1	5
8473	T	ACCTCC	6	8470	8475	ACCTAC	7904	7909	1	5
8473	T	ACCTCC	6	8470	8475	GCCTCC	7498	7503	1	5
8473	T	ACCTCC	6	8470	8475	CCCTCC	7365	7370	1	5
8473	T	ACCTCC	6	8470	8475	ACATCC	7255	7260	1	5
8473	T	ACCTCC	6	8470	8475	ACCTAC	7125	7130	1	5
8473	T	ACCTCC	6	8470	8475	ACCTCA	6544	6549	1	5
8473	T	ACCTCC	6	8470	8475	ACCCCC	6419	6424	1	5
8473	T	ACCTCC	6	8470	8475	ACCTCA	10543	10548	1	5
8473	T	ACCTCC	6	8470	8475	ACCTAC	10750	10755	1	5
8473	T	CCTCCC	6	8471	8476	CCTCAC	12963	12968	1	5
8473	T	ACCTCC	6	8470	8475	ACCCCC	13127	13132	1	5
8473	T	ACCTCC	6	8470	8475	ATCTCC	14825	14830	1	5
8473	T	ACCTCC	6	8470	8475	ACCCCC	14587	14592	1	5
8473	T	ACCTCC	6	8470	8475	ACCCCC	14424	14429	1	5
8473	T	ACCTCC	6	8470	8475	ACCTCA	14411	14416	1	5
8473	T	ACCTCC	6	8470	8475	ACCACC	14333	14338	1	5
8473	T	ACCTCC	6	8470	8475	ACCTCA	14065	14070	1	5
8473	T	ACCTCC	6	8470	8475	ATCTCC	14047	14052	1	5
8473	T	ACCTCC	6	8470	8475	TCCTCC	13988	13993	1	5
8473	T	ACCTCC	6	8470	8475	ACCTCA	13844	13849	1	5
8473	T	ACCTCC	6	8470	8475	TCCTCC	12983	12988	1	5
8473	T	ACCTCC	6	8470	8475	ACCCCC	10935	10940	1	5
8473	T	ACCTCC	6	8470	8475	GCCTCC	12980	12985	1	5
8473	T	ACCTCC	6	8470	8475	AACTCC	12320	12325	1	5
8473	T	ACCTCC	6	8470	8475	TCCTCC	12093	12098	1	5
8473	T	ACCTCC	6	8470	8475	ACCTAC	11880	11885	1	5
8473	T	ACCTCC	6	8470	8475	ACCCCC	11672	11677	1	5
8473	T	ACCTCC	6	8470	8475	AGCTCC	11576	11581	1	5
8473	T	ACCTCC	6	8470	8475	ACCCCC	11511	11516	1	5
8473	T	ACCTCC	6	8470	8475	AACTCC	11321	11326	1	5
8473	T	ACCTCC	6	8470	8475	ATCTCC	11069	11074	1	5
8473	T	ACCTCC	6	8470	8475	GCCTCC	6324	6329	1	5
8473	T	ACCTCC	6	8470	8475	ACCTTC	6040	6045	1	5
8473	T	ACCTCC	6	8470	8475	GCCTCC	6004	6009	1	5
8473	T	CCTCCC	6	8471	8476	CCTCCA	14872	14877	1	5
8473	T	ACCTCC	6	8470	8475	ACCTCA	1104	1109	1	5
8473	T	ACCTCC	6	8470	8475	AACTCC	997	1002	1	5
8473	T	ACCTCC	6	8470	8475	ACCCCC	955	960	1	5
8473	T	ACCTCC	6	8470	8475	ACCCCC	801	806	1	5
8473	T	ACCTCC	6	8470	8475	ACCCCC	493	498	1	5
8473	T	CCTCCC	6	8471	8476	CGTCCC	16360	16365	1	5
8473	T	CCTCCC	6	8471	8476	CCACCC	16256	16261	1	5
8473	T	CCTCCC	6	8471	8476	CATCCC	15202	15207	1	5
8473	T	CCTCCC	6	8471	8476	CCTCCT	15100	15105	1	5
8473	T	CCTCCC	6	8471	8476	CCACCC	14811	14816	1	5
8473	T	ACCTCC	6	8470	8475	ACCCCC	5894	5899	1	5
8473	T	CCTCCC	6	8471	8476	CCTCTC	14283	14288	1	5
8473	T	CCTCCC	6	8471	8476	CTTCCC	14112	14117	1	5
8473	T	CCTCCC	6	8471	8476	CCTCCT	13989	13994	1	5
8473	T	CCTCCC	6	8471	8476	CCTTCC	13766	13771	1	5
8473	T	CCTCCC	6	8471	8476	CATCCC	13760	13765	1	5
8473	T	CCTCCC	6	8471	8476	CCACCC	13125	13130	1	5
8473	T	CCTCCC	6	8471	8476	CCACCC	13055	13060	1	5
8473	T	CCTCCC	6	8471	8476	CCACCC	13023	13028	1	5
8473	T	CCTCCC	6	8471	8476	CCTCCT	12984	12989	1	5
8473	T	ACCTCC	6	8470	8475	ACCACC	1237	1242	1	5
8473	T	ACCTCC	6	8470	8475	ACCTCT	1240	1245	1	5
8473	T	ACCTCC	6	8470	8475	ACCCCC	1900	1905	1	5
8473	T	ACCTCC	6	8470	8475	TCCTCC	2327	2332	1	5
8473	T	ACCTCC	6	8470	8475	ACCTCG	5816	5821	1	5
8473	T	ACCTCC	6	8470	8475	ACCTCT	5335	5340	1	5
8473	T	ACCTCC	6	8470	8475	CCCTCC	5326	5331	1	5
8473	T	ACCTCC	6	8470	8475	AACTCC	5133	5138	1	5
8473	T	ACCTCC	6	8470	8475	ACATCC	4842	4847	1	5
8473	T	ACCTCC	6	8470	8475	ACCCCC	4317	4322	1	5
8473	T	ACCTCC	6	8470	8475	ATCTCC	4237	4242	1	5
8473	T	ACCTCC	6	8470	8475	ACTTCC	4181	4186	1	5
8473	T	ACCTCC	6	8470	8475	ACCCCC	3892	3897	1	5
8473	T	ACCTCC	6	8470	8475	ACCTCT	3818	3823	1	5
8473	T	ACCTCC	6	8470	8475	ACCTCT	3628	3633	1	5
8473	T	ACCTCC	6	8470	8475	GCCTCC	3608	3613	1	5
8473	T	ACCTCC	6	8470	8475	ACCTCA	3596	3601	1	5
8473	T	ACCTCC	6	8470	8475	ACCCCC	3584	3589	1	5
8473	T	ACCTCC	6	8470	8475	ACCTCG	2984	2989	1	5
8473	T	ACCTCC	6	8470	8475	ACCTCG	2820	2825	1	5
8473	T	ACCTCC	6	8470	8475	ACCTGC	2792	2797	1	5
8473	T	ACCTCC	6	8470	8475	ACCGCC	2539	2544	1	5
8473	T	ACCTCC	6	8470	8475	ACCTCT	2512	2517	1	5
8473	T	ACCTCC	6	8470	8475	TCCTCC	14871	14876	1	5
8473	T	ACCTCC	6	8470	8475	ACCGCC	14927	14932	1	5
8473	T	ACCTCC	6	8470	8475	TCCTCC	15099	15104	1	5
8473	T	CTACCT	6	8468	8473	TTACCT	4552	4557	1	5
8473	T	CTACCT	6	8468	8473	CTACGT	7016	7021	1	5
8473	T	CTACCT	6	8468	8473	CTACCA	6826	6831	1	5
8473	T	CTACCT	6	8468	8473	CTATCT	6373	6378	1	5
8473	T	CTACCT	6	8468	8473	CTACCC	6287	6292	1	5
8473	T	CTACCT	6	8468	8473	CAACCT	6038	6043	1	5
8473	T	CTACCT	6	8468	8473	ATACCT	5957	5962	1	5
8473	T	CTACCT	6	8468	8473	CTACCG	5049	5054	1	5
8473	T	CTACCT	6	8468	8473	CTACCA	4735	4740	1	5
8473	T	CTACCT	6	8468	8473	CTAGCT	4581	4586	1	5
8473	T	CTACCT	6	8468	8473	CTACCA	4501	4506	1	5
8473	T	CTACCT	6	8468	8473	CTACAT	1363	1368	1	5
8473	T	CTACCT	6	8468	8473	CGACCT	3900	3905	1	5
8473	T	CTACCT	6	8468	8473	CAACCT	3600	3605	1	5
8473	T	CTACCT	6	8468	8473	CTACCA	3503	3508	1	5
8473	T	CTACCT	6	8468	8473	CTACNT	3103	3108	1	5
8473	T	CTACCT	6	8468	8473	CTATCT	3099	3104	1	5
8473	T	CTACCT	6	8468	8473	CTACCA	2785	2790	1	5
8473	T	CTACCT	6	8468	8473	GTACCT	2758	2763	1	5
8473	T	CTACCT	6	8468	8473	ATACCT	1842	1847	1	5
8473	T	CTACCT	6	8468	8473	CAACCT	1711	1716	1	5
8473	T	CTACCT	6	8468	8473	CTAACT	7170	7175	1	5
8473	T	CTACCT	6	8468	8473	CTAACT	7733	7738	1	5
8473	T	CTACCT	6	8468	8473	CGACCT	7978	7983	1	5
8473	T	CTACCT	6	8468	8473	CTAACT	8305	8310	1	5
8473	T	CTACCT	6	8468	8473	CCACCT	16147	16152	1	5
8473	T	CTACCT	6	8468	8473	CTACCC	15778	15783	1	5
8473	T	CTACCT	6	8468	8473	TTACCT	15282	15287	1	5
8473	T	CTACCT	6	8468	8473	TTACCT	14020	14025	1	5
8473	T	CTACCT	6	8468	8473	CTACCC	13920	13925	1	5
8473	T	CTACCT	6	8468	8473	ATACCT	13483	13488	1	5
8473	T	CTACCT	6	8468	8473	CAACCT	13380	13385	1	5
8473	T	CTACCT	6	8468	8473	CAACCT	12741	12746	1	5
8473	T	CTACCT	6	8468	8473	CCACCT	12461	12466	1	5
8473	T	CTACCT	6	8468	8473	CTACAT	11983	11988	1	5
8473	T	CTACCT	6	8468	8473	CTAGCT	11348	11353	1	5
8473	T	CTACCT	6	8468	8473	CAACCT	10900	10905	1	5
8473	T	CTACCT	6	8468	8473	CTACGT	10733	10738	1	5
8473	T	CTACCT	6	8468	8473	TTACCT	10237	10242	1	5
8473	T	CTACCT	6	8468	8473	CTACAT	10145	10150	1	5
8473	T	CTACCT	6	8468	8473	CTATCT	9853	9858	1	5
8473	T	CTACCT	6	8468	8473	CCACCT	9423	9428	1	5
8473	T	CTACCT	6	8468	8473	CTACCG	8382	8387	1	5
8473	T	CTACCT	6	8468	8473	CTACCA	1703	1708	1	5
8473	T	TACCTC	6	8469	8474	TACTTC	15818	15823	1	5
8473	T	ACCTCC	6	8470	8475	ACCCCC	15366	15371	1	5
8473	T	TACCTC	6	8469	8474	TACCCC	2486	2491	1	5
8473	T	TACCTC	6	8469	8474	TACCAC	5465	5470	1	5
8473	T	TACCTC	6	8469	8474	AACCTC	5334	5339	1	5
8473	T	TACCTC	6	8469	8474	TACCTG	4553	4558	1	5
8473	T	TACCTC	6	8469	8474	TACCCC	4434	4439	1	5
8473	T	TACCTC	6	8469	8474	CACCTC	3817	3822	1	5
8473	T	TACCTC	6	8469	8474	AACCTC	3787	3792	1	5
8473	T	TACCTC	6	8469	8474	TAGCTC	3536	3541	1	5
8473	T	TACCTC	6	8469	8474	TACCTA	2759	2764	1	5
8473	T	TACCTC	6	8469	8474	CACCTC	2511	2516	1	5
8473	T	TACCTC	6	8469	8474	TACCGC	1783	1788	1	5
8473	T	TACCTC	6	8469	8474	TACTTC	15441	15446	1	5
8473	T	TACCTC	6	8469	8474	TACTTC	1506	1511	1	5
8473	T	TACCTC	6	8469	8474	AACCTC	1103	1108	1	5
8473	T	TACCTC	6	8469	8474	TACCCC	1081	1086	1	5
8473	T	TACCTC	6	8469	8474	TAGCTC	674	679	1	5
8473	T	TACCTC	6	8469	8474	TACCCC	539	544	1	5
8473	T	ACCTCC	6	8470	8475	AACTCC	16246	16251	1	5
8473	T	ACCTCC	6	8470	8475	ACCCCC	16183	16188	1	5
8473	T	ACCTCC	6	8470	8475	ACCACC	16146	16151	1	5
8473	T	ACCTCC	6	8470	8475	TCCTCC	15663	15668	1	5
8473	T	TACCTC	6	8469	8474	CACCTC	5815	5820	1	5
8473	T	TACCTC	6	8469	8474	TACCTA	5958	5963	1	5
8473	T	TACCTC	6	8469	8474	TACATC	8047	8052	1	5
8473	T	TACCTC	6	8469	8474	CACCTC	8349	8354	1	5
8473	T	TACCTC	6	8469	8474	TACCTT	15283	15288	1	5
8473	T	TACCTC	6	8469	8474	TACATC	14666	14671	1	5
8473	T	TACCTC	6	8469	8474	GACCTC	14410	14415	1	5
8473	T	TACCTC	6	8469	8474	TACCAC	14326	14331	1	5
8473	T	TACCTC	6	8469	8474	CACCTC	14064	14069	1	5
8473	T	TACCTC	6	8469	8474	TACCTA	14021	14026	1	5
8473	T	TACCTC	6	8469	8474	GACCTC	13843	13848	1	5
8473	T	TACCTC	6	8469	8474	TACCTT	13484	13489	1	5
8473	T	TACCTC	6	8469	8474	TACCGC	12732	12737	1	5
8473	T	TACCTC	6	8469	8474	TATCTC	12522	12527	1	5
8473	T	TACCTC	6	8469	8474	TACCAC	11992	11997	1	5
8473	T	TACCTC	6	8469	8474	AACCTC	11855	11860	1	5
8473	T	TACCTC	6	8469	8474	CACCTC	10542	10547	1	5
8473	T	TACCTC	6	8469	8474	TACCCC	10276	10281	1	5
8473	T	TACCTC	6	8469	8474	TACTTC	9747	9752	1	5
8473	T	TACCTC	6	8469	8474	TACCAC	9510	9515	1	5
8473	T	TACCTC	6	8469	8474	TACCAC	8912	8917	1	5
8473	T	TACCTC	6	8469	8474	AACCTC	8682	8687	1	5
8473	T	TACCTC	6	8469	8474	TATCTC	8632	8637	1	5
8473	T	CCTCCC	6	8471	8476	CCTCCT	12981	12986	1	5
8473	T	ACCTCC	6	8470	8475	AACTCC	2250	2255	1	5
8473	T	CCTCCC	6	8471	8476	CCTCGC	12885	12890	1	5
8473	T	TCCCTC	6	8473	8478	TCCCTT	10204	10209	1	5
8473	T	TCCCTC	6	8473	8478	TCCCCC	13753	13758	1	5
8473	T	TCCCTC	6	8473	8478	TCCTTC	12787	12792	1	5
8473	T	TCCCTC	6	8473	8478	TCCCTG	12605	12610	1	5
8473	T	TCCCTC	6	8473	8478	TCCCCC	12384	12389	1	5
8473	T	TCCCTC	6	8473	8478	TTCCTC	12130	12135	1	5
8473	T	TCCCTC	6	8473	8478	TCACTC	11931	11936	1	5
8473	T	TCCCTC	6	8473	8478	GCCCTC	11642	11647	1	5
8473	T	TCCCTC	6	8473	8478	TCCCTA	11552	11557	1	5
8473	T	TCCCTC	6	8473	8478	GCCCTC	10266	10271	1	5
8473	T	TCCCTC	6	8473	8478	TCCCCC	10191	10196	1	5
8473	T	CCTCCC	6	8471	8476	CTTCCC	12480	12485	1	5
8473	T	TCCCTC	6	8473	8478	ACCCTC	9726	9731	1	5
8473	T	TCCCTC	6	8473	8478	TCCCAC	9592	9597	1	5
8473	T	TCCCTC	6	8473	8478	GCCCTC	9276	9281	1	5
8473	T	TCCCTC	6	8473	8478	GCCCTC	9267	9272	1	5
8473	T	TCCCTC	6	8473	8478	TCGCTC	8877	8882	1	5
8473	T	TCCCTC	6	8473	8478	TCCCCC	8604	8609	1	5
8473	T	TCCCTC	6	8473	8478	TCCCTA	7823	7828	1	5
8473	T	TCCCTC	6	8473	8478	ACCCTC	7364	7369	1	5
8473	T	TCCCTC	6	8473	8478	TCCGTC	6462	6467	1	5
8473	T	TCCCTC	6	8473	8478	TCCCCC	13762	13767	1	5
8473	T	TCCCTC	6	8473	8478	GCCCTC	13804	13809	1	5
8473	T	TCCCTC	6	8473	8478	ACCCTC	6289	6294	1	5
8473	T	CTCCCT	6	8472	8477	CTCCAT	41	46	1	5
8473	T	CTCCCT	6	8472	8477	CTTCCT	4029	4034	1	5
8473	T	CTCCCT	6	8472	8477	CGCCCT	3966	3971	1	5
8473	T	CTCCCT	6	8472	8477	CCCCCT	3893	3898	1	5
8473	T	CTCCCT	6	8472	8477	CTCCTT	3780	3785	1	5
8473	T	CTCCCT	6	8472	8477	CACCCT	3738	3743	1	5
8473	T	CTCCCT	6	8472	8477	CGCCCT	3687	3692	1	5
8473	T	CTCCCT	6	8472	8477	CCCCCT	3585	3590	1	5
8473	T	CTCCCT	6	8472	8477	CTCCCA	465	470	1	5
8473	T	CTCCCT	6	8472	8477	CACCCT	110	115	1	5
8473	T	TCCCTC	6	8473	8478	TCCCTT	16392	16397	1	5
8473	T	TCCCTC	6	8473	8478	TCCCAC	14114	14119	1	5
8473	T	TCCCTC	6	8473	8478	TCCCTT	16352	16357	1	5
8473	T	TCCCTC	6	8473	8478	TCCATC	15635	15640	1	5
8473	T	TCCCTC	6	8473	8478	TCCGTC	15593	15598	1	5
8473	T	TCCCTC	6	8473	8478	TCTCTC	15454	15459	1	5
8473	T	TCCCTC	6	8473	8478	TCCTTC	15450	15455	1	5
8473	T	TCCCTC	6	8473	8478	TCACTC	14952	14957	1	5
8473	T	TCCCTC	6	8473	8478	TCCCCC	14488	14493	1	5
8473	T	TCCCTC	6	8473	8478	CCCCTC	14281	14286	1	5
8473	T	TCCCTC	6	8473	8478	TCCCCC	14154	14159	1	5
8473	T	TCCCTC	6	8473	8478	CCCCTC	6447	6452	1	5
8473	T	TCCCTC	6	8473	8478	TCCATC	5201	5206	1	5
8473	T	CTCCCT	6	8472	8477	CTTCCT	4182	4187	1	5
8473	T	CCTCC	5	8471	8475	CCTCC	9278	9282	0	5
8473	T	ACCTC	5	8470	8474	ACCTC	1104	1108	0	5
8473	T	CCTCC	5	8471	8475	CCTCC	15100	15104	0	5
8473	T	CCTCC	5	8471	8475	CCTCC	14872	14876	0	5
8473	T	CCTCC	5	8471	8475	CCTCC	13989	13993	0	5
8473	T	CCTCC	5	8471	8475	CCTCC	12984	12988	0	5
8473	T	CCTCC	5	8471	8475	CCTCC	12981	12985	0	5
8473	T	CCTCC	5	8471	8475	CCTCC	12094	12098	0	5
8473	T	CCTCC	5	8471	8475	CCTCC	10091	10095	0	5
8473	T	CCTCC	5	8471	8475	CCTCC	9728	9732	0	5
8473	T	CCTCC	5	8471	8475	CCTCC	3609	3613	0	5
8473	T	ACCTC	5	8470	8474	ACCTC	3818	3822	0	5
8473	T	CCTCC	5	8471	8475	CCTCC	2328	2332	0	5
8473	T	CTCCC	5	8472	8476	CTCCC	8015	8019	0	5
8473	T	CTCCC	5	8472	8476	CTCCC	6498	6502	0	5
8473	T	CTCCC	5	8472	8476	CTCCC	5382	5386	0	5
8473	T	CTCCC	5	8472	8476	CTCCC	4056	4060	0	5
8473	T	CTCCC	5	8472	8476	CTCCC	465	469	0	5
8473	T	TCCCT	5	8473	8477	TCCCT	16392	16396	0	5
8473	T	TCCCT	5	8473	8477	TCCCT	16352	16356	0	5
8473	T	TCCCT	5	8473	8477	TCCCT	11552	11556	0	5
8473	T	ACCTC	5	8470	8474	ACCTC	2512	2516	0	5
8473	T	ACCTC	5	8470	8474	ACCTC	5335	5339	0	5
8473	T	TCCCTC	6	8473	8478	CCCCTC	4834	4839	1	5
8473	T	TACCT	5	8469	8473	TACCT	14021	14025	0	5
8473	T	TCCCTC	6	8473	8478	TCCTTC	4675	4680	1	5
8473	T	TCCCTC	6	8473	8478	ACCCTC	4615	4620	1	5
8473	T	TCCCTC	6	8473	8478	TCCCCC	4248	4253	1	5
8473	T	TCCCTC	6	8473	8478	TCGCTC	3548	3553	1	5
8473	T	TCCCTC	6	8473	8478	TTCCTC	3290	3295	1	5
8473	T	TCCCTC	6	8473	8478	TCCCCC	3167	3172	1	5
8473	T	TCCCTC	6	8473	8478	ACCCTC	2065	2070	1	5
8473	T	TCCCTC	6	8473	8478	CCCCTC	456	461	1	5
8473	T	TACCT	5	8469	8473	TACCT	15283	15287	0	5
8473	T	TACCT	5	8469	8473	TACCT	13484	13488	0	5
8473	T	ACCTC	5	8470	8474	ACCTC	5816	5820	0	5
8473	T	TACCT	5	8469	8473	TACCT	5958	5962	0	5
8473	T	TACCT	5	8469	8473	TACCT	4553	4557	0	5
8473	T	TACCT	5	8469	8473	TACCT	2759	2763	0	5
8473	T	ACCTC	5	8470	8474	ACCTC	14411	14415	0	5
8473	T	ACCTC	5	8470	8474	ACCTC	14065	14069	0	5
8473	T	ACCTC	5	8470	8474	ACCTC	13844	13848	0	5
8473	T	ACCTC	5	8470	8474	ACCTC	10543	10547	0	5
8473	T	ACCTC	5	8470	8474	ACCTC	8683	8687	0	5
8473	T	ACCTC	5	8470	8474	ACCTC	8350	8354	0	5
8473	T	CTCCCT	6	8472	8477	CTCCCC	4056	4061	1	5
8473	T	TCCCTC	6	8473	8478	TCCCCC	13781	13786	1	5
8473	T	CTCCCT	6	8472	8477	CACCCT	4194	4199	1	5
8473	T	CCTCCC	6	8471	8476	CCACCC	3211	3216	1	5
8473	T	CCTCCC	6	8471	8476	ACTCCC	5381	5386	1	5
8473	T	CCTCCC	6	8471	8476	CATCCC	5300	5305	1	5
8473	T	CCTCCC	6	8471	8476	CCTGCC	5228	5233	1	5
8473	T	CCTCCC	6	8471	8476	CCTCTC	5213	5218	1	5
8473	T	CCTCCC	6	8471	8476	CTTCCC	4458	4463	1	5
8473	T	CCTCCC	6	8471	8476	CCTTCC	4457	4462	1	5
8473	T	CCTCCC	6	8471	8476	TCTCCC	4055	4060	1	5
8473	T	CCTCCC	6	8471	8476	CCTGCC	3831	3836	1	5
8473	T	CCTCCC	6	8471	8476	CCTCCT	3609	3614	1	5
8473	T	CCTCCC	6	8471	8476	CTTCCC	3165	3170	1	5
8473	T	CTCCCT	6	8472	8477	CTTCCT	15448	15453	1	5
8473	T	CCTCCC	6	8471	8476	CCTTCC	3164	3169	1	5
8473	T	CCTCCC	6	8471	8476	CCTGCC	2543	2548	1	5
8473	T	CCTCCC	6	8471	8476	CCTCCG	2328	2333	1	5
8473	T	CCTCCC	6	8471	8476	CCTCAC	2254	2259	1	5
8473	T	CCTCCC	6	8471	8476	CATCCC	702	707	1	5
8473	T	CCTCCC	6	8471	8476	CCGCCC	497	502	1	5
8473	T	CCTCCC	6	8471	8476	ACTCCC	464	469	1	5
8473	T	CTCCCT	6	8472	8477	GTCCCT	16391	16396	1	5
8473	T	CTCCCT	6	8472	8477	ATCCCT	16351	16356	1	5
8473	T	CCTCCC	6	8471	8476	CCACCC	5434	5439	1	5
8473	T	CTCCCT	6	8472	8477	CTCCAT	4221	4226	1	5
8473	T	CCTCCC	6	8471	8476	ACTCCC	6310	6315	1	5
8473	T	CCTCCC	6	8471	8476	CCTGCC	6423	6428	1	5
8473	T	CCTCCC	6	8471	8476	CCCCCC	12385	12390	1	5
8473	T	CCTCCC	6	8471	8476	CCTCCT	12094	12099	1	5
8473	T	CCTCCC	6	8471	8476	ACTCCC	11812	11817	1	5
8473	T	CCTCCC	6	8471	8476	CCTCAC	11494	11499	1	5
8473	T	CCTCCC	6	8471	8476	CCTCCT	10951	10956	1	5
8473	T	CCTCCC	6	8471	8476	CCTCCG	10929	10934	1	5
8473	T	CCTCCC	6	8471	8476	CGTCCC	10774	10779	1	5
8473	T	CCTCCC	6	8471	8476	CCGCCC	10195	10200	1	5
8473	T	CCTCCC	6	8471	8476	CCACCC	10159	10164	1	5
8473	T	CCTCCC	6	8471	8476	CCTCCT	10091	10096	1	5
8473	T	CCTCCC	6	8471	8476	CCTCCT	9728	9733	1	5
8473	T	CCTCCC	6	8471	8476	CCTCCT	9278	9283	1	5
8473	T	CCTCCC	6	8471	8476	CCTCTC	9269	9274	1	5
8473	T	CCTCCC	6	8471	8476	CATCCC	8841	8846	1	5
8473	T	CCTCCC	6	8471	8476	ACTCCC	8014	8019	1	5
8473	T	CCTCCC	6	8471	8476	CCTGCC	7786	7791	1	5
8473	T	CCTCCC	6	8471	8476	CCCCCC	7397	7402	1	5
8473	T	CCTCCC	6	8471	8476	CTTCCC	7178	7183	1	5
8473	T	CCTCCC	6	8471	8476	TCTCCC	6497	6502	1	5
8473	T	CTCCCT	6	8472	8477	CTCCTT	15457	15462	1	5
8473	T	CCTCCC	6	8471	8476	TCTCCC	5732	5737	1	5
8473	T	CTCCCT	6	8472	8477	CCCCCT	15367	15372	1	5
8473	T	CTCCCT	6	8472	8477	CTCCCA	6665	6670	1	5
8473	T	CTCCCT	6	8472	8477	CCCCCT	10936	10941	1	5
8473	T	CTCCCT	6	8472	8477	CTCACT	10511	10516	1	5
8473	T	CTCCCT	6	8472	8477	CTCCAT	10211	10216	1	5
8473	T	CTCCCT	6	8472	8477	CTCCAT	9320	9325	1	5
8473	T	CTCCCT	6	8472	8477	CTCCTT	8414	8419	1	5
8473	T	CTCCCT	6	8472	8477	CTCCCG	8015	8020	1	5
8473	T	CTCCCT	6	8472	8477	CTCCTT	7988	7993	1	5
8473	T	CTCCCT	6	8472	8477	CTTCCT	7690	7695	1	5
8473	T	CTCCCT	6	8472	8477	CTTCCT	6746	6751	1	5
8473	T	CTCCCT	6	8472	8477	CACCCT	6621	6626	1	5
8473	T	CTCCCT	6	8472	8477	CTTCCT	11203	11208	1	5
8473	T	CTCCCT	6	8472	8477	CTCCCA	6498	6503	1	5
8473	T	CTCCCT	6	8472	8477	CCCCCT	6420	6425	1	5
8473	T	CTCCCT	6	8472	8477	CTCCTT	6347	6352	1	5
8473	T	CTCCCT	6	8472	8477	CACCCT	5704	5709	1	5
8473	T	CTCCCT	6	8472	8477	CTCCCC	5382	5387	1	5
8473	T	CTCCCT	6	8472	8477	CCCCCT	4795	4800	1	5
8473	T	CTCCCT	6	8472	8477	CTCCGT	4372	4377	1	5
8473	T	CTCCCT	6	8472	8477	CTTCCT	15028	15033	1	5
8473	T	CTCCCT	6	8472	8477	CCCCCT	4318	4323	1	5
8473	T	CTCCCT	6	8472	8477	CTCCTT	11071	11076	1	5
8473	T	CTCCCT	6	8472	8477	CACCCT	7112	7117	1	5
8473	T	CTCCCT	6	8472	8477	CACCCT	11215	11220	1	5
8473	T	CTCCCT	6	8472	8477	CTCCAT	12591	12596	1	5
8473	T	CTCCCT	6	8472	8477	CTCCTT	14852	14857	1	5
8473	T	CTCCCT	6	8472	8477	CCCCCT	14489	14494	1	5
8473	T	CTCCCT	6	8472	8477	CTTCCT	14306	14311	1	5
8473	T	CTCCCT	6	8472	8477	CCCCCT	13763	13768	1	5
8473	T	CTCCCT	6	8472	8477	CACCCT	13623	13628	1	5
8473	T	CTCCCT	6	8472	8477	CGCCCT	13209	13214	1	5
8473	T	CTCCCT	6	8472	8477	CCCCCT	13128	13133	1	5
8473	T	CTCCCT	6	8472	8477	CTTCCT	12705	12710	1	5
8473	T	CTCCCT	6	8472	8477	CTCACT	12645	12650	1	5
8473	T	CTCCCT	6	8472	8477	CTCACT	13438	13443	1	5
8473	T	CTCCCT	6	8472	8477	CTGCCT	11740	11745	1	5
8473	T	CTCCCT	6	8472	8477	CCCCCT	11673	11678	1	5
8473	T	CTCCCT	6	8472	8477	ATCCCT	11551	11556	1	5
8473	T	CTCCCT	6	8472	8477	CCCCCT	11512	11517	1	5
8473	T	CTCCCT	6	8472	8477	CTCACT	11300	11305	1	5
8473	T	CTCCCT	6	8472	8477	CTCTCT	11894	11899	1	5
8473	T	CTCCCT	6	8472	8477	CACCCT	11266	11271	1	5
8473	T	CTCCCT	6	8472	8477	CTCACT	11275	11280	1	5
8473	T	ACCTC	5	8470	8474	AACTC	11806	11810	1	4
8473	T	TACCT	5	8469	8473	TAGCT	16475	16479	1	4
8473	T	CTCCC	5	8472	8476	CTCCA	13248	13252	1	4
8473	T	CTCCC	5	8472	8476	ATCCC	13945	13949	1	4
8473	T	CTCCC	5	8472	8476	CTCCA	13902	13906	1	4
8473	T	CTCCC	5	8472	8476	ATCCC	13878	13882	1	4
8473	T	CTCCC	5	8472	8476	CTCAC	13798	13802	1	4
8473	T	CTCCC	5	8472	8476	ATCCC	13780	13784	1	4
8473	T	CTCCC	5	8472	8476	TTCCC	13752	13756	1	4
8473	T	CTCCC	5	8472	8476	CTCAC	13621	13625	1	4
8473	T	CTCCC	5	8472	8476	CTCTC	13571	13575	1	4
8473	T	CTCCC	5	8472	8476	CTCCA	13506	13510	1	4
8473	T	CTCCC	5	8472	8476	CTCCG	13362	13366	1	4
8473	T	CTCCC	5	8472	8476	CTTCC	13122	13126	1	4
8473	T	CTCCC	5	8472	8476	CTCCA	14049	14053	1	4
8473	T	CTCCC	5	8472	8476	CTCCA	13075	13079	1	4
8473	T	CTCCC	5	8472	8476	CTCCA	13021	13025	1	4
8473	T	CTCCC	5	8472	8476	CACCC	12966	12970	1	4
8473	T	CTCCC	5	8472	8476	CTCCA	12912	12916	1	4
8473	T	CTCCC	5	8472	8476	CGCCC	12813	12817	1	4
8473	T	CTCCC	5	8472	8476	CTCTC	12562	12566	1	4
8473	T	CTCCC	5	8472	8476	CTCCA	12322	12326	1	4
8473	T	CTCCC	5	8472	8476	CCCCC	12237	12241	1	4
8473	T	CTCCC	5	8472	8476	CTCAC	12214	12218	1	4
8473	T	CTCCC	5	8472	8476	CTCCT	12092	12096	1	4
8473	T	CTCCC	5	8472	8476	CTCCT	13987	13991	1	4
8473	T	CTCCC	5	8472	8476	CTCCT	14134	14138	1	4
8473	T	CTCCC	5	8472	8476	CTCTC	11934	11938	1	4
8473	T	CTCCC	5	8472	8476	CTCAC	15481	15485	1	4
8473	T	CTCCC	5	8472	8476	CTGCC	16104	16108	1	4
8473	T	CTCCC	5	8472	8476	CACCC	16069	16073	1	4
8473	T	CTCCC	5	8472	8476	CTCAC	16067	16071	1	4
8473	T	CTCCC	5	8472	8476	CACCC	15987	15991	1	4
8473	T	CTCCC	5	8472	8476	CTCCA	15975	15979	1	4
8473	T	CTCCC	5	8472	8476	CTCCT	15725	15729	1	4
8473	T	CTCCC	5	8472	8476	CGCCC	15698	15702	1	4
8473	T	CTCCC	5	8472	8476	ATCCC	15656	15660	1	4
8473	T	CTCCC	5	8472	8476	CTCCG	15587	15591	1	4
8473	T	CTCCC	5	8472	8476	CACCC	15535	15539	1	4
8473	T	CTCCC	5	8472	8476	CTCCA	15329	15333	1	4
8473	T	CTCCC	5	8472	8476	TTCCC	14153	14157	1	4
8473	T	CTCCC	5	8472	8476	GTCCC	15261	15265	1	4
8473	T	CTCCC	5	8472	8476	CGCCC	14944	14948	1	4
8473	T	CTCCC	5	8472	8476	CTCAC	14911	14915	1	4
8473	T	CTCCC	5	8472	8476	CTCCG	14827	14831	1	4
8473	T	CTCCC	5	8472	8476	CTCGC	14678	14682	1	4
8473	T	CTCCC	5	8472	8476	CACCC	14555	14559	1	4
8473	T	CTCCC	5	8472	8476	TTCCC	14487	14491	1	4
8473	T	CTCCC	5	8472	8476	CTCCT	14443	14447	1	4
8473	T	CTCCC	5	8472	8476	CACCC	14356	14360	1	4
8473	T	CTCCC	5	8472	8476	CGCCC	14225	14229	1	4
8473	T	CTCCC	5	8472	8476	CTCCT	11936	11940	1	4
8473	T	CTCCC	5	8472	8476	CTCCT	11917	11921	1	4
8473	T	CTCCC	5	8472	8476	ATCCC	16423	16427	1	4
8473	T	CTCCC	5	8472	8476	TTCCC	7093	7097	1	4
8473	T	CTCCC	5	8472	8476	TTCCC	8603	8607	1	4
8473	T	CTCCC	5	8472	8476	CCCCC	8558	8562	1	4
8473	T	CTCCC	5	8472	8476	CACCC	8434	8438	1	4
8473	T	CTCCC	5	8472	8476	CACCC	8270	8274	1	4
8473	T	CTCCC	5	8472	8476	TTCCC	8226	8230	1	4
8473	T	CTCCC	5	8472	8476	TTCCC	8109	8113	1	4
8473	T	CTCCC	5	8472	8476	GTCCC	8078	8082	1	4
8473	T	CTCCC	5	8472	8476	CCCCC	8028	8032	1	4
8473	T	CTCCC	5	8472	8476	CTCCT	7942	7946	1	4
8473	T	CTCCC	5	8472	8476	CTCAC	7721	7725	1	4
8473	T	CTCCC	5	8472	8476	CTCCA	6882	6886	1	4
8473	T	CTCCC	5	8472	8476	ATCCC	8938	8942	1	4
8473	T	CTCCC	5	8472	8476	CTCGC	6873	6877	1	4
8473	T	CTCCC	5	8472	8476	ATCCC	6843	6847	1	4
8473	T	CTCCC	5	8472	8476	CTCCG	6686	6690	1	4
8473	T	CTCCC	5	8472	8476	CGCCC	6445	6449	1	4
8473	T	CTCCC	5	8472	8476	CTCCT	6368	6372	1	4
8473	T	CTCCC	5	8472	8476	CTCGC	6240	6244	1	4
8473	T	CTCCC	5	8472	8476	CTCCT	6234	6238	1	4
8473	T	CTCCC	5	8472	8476	CTCCT	6228	6232	1	4
8473	T	CTCCC	5	8472	8476	TTCCC	6184	6188	1	4
8473	T	CTCCC	5	8472	8476	CCCCC	6169	6173	1	4
8473	T	CTCCC	5	8472	8476	ATCCC	8617	8621	1	4
8473	T	CTCCC	5	8472	8476	CTCCT	9330	9334	1	4
8473	T	CTCCC	5	8472	8476	CTCAC	11769	11773	1	4
8473	T	CTCCC	5	8472	8476	CTCCA	10755	10759	1	4
8473	T	CTCCC	5	8472	8476	CGCCC	11710	11714	1	4
8473	T	CTCCC	5	8472	8476	CCCCC	11427	11431	1	4
8473	T	CTCCC	5	8472	8476	CTCCA	11393	11397	1	4
8473	T	CTCCC	5	8472	8476	CTCCT	11323	11327	1	4
8473	T	CTCCC	5	8472	8476	CTGCC	11304	11308	1	4
8473	T	CTCCC	5	8472	8476	CTCTC	11298	11302	1	4
8473	T	CTCCC	5	8472	8476	CTCAC	11259	11263	1	4
8473	T	CTCCC	5	8472	8476	CACCC	11158	11162	1	4
8473	T	CTCCC	5	8472	8476	ATCCC	11138	11142	1	4
8473	T	CTCCC	5	8472	8476	TTCCC	10915	10919	1	4
8473	T	CTCCC	5	8472	8476	CTCCA	10712	10716	1	4
8473	T	CTCCC	5	8472	8476	CTCCA	9515	9519	1	4
8473	T	CTCCC	5	8472	8476	CACCC	10619	10623	1	4
8473	T	CTCCC	5	8472	8476	CTCTC	10603	10607	1	4
8473	T	CTCCC	5	8472	8476	CTTCC	9812	9816	1	4
8473	T	CTCCC	5	8472	8476	CTCAC	9646	9650	1	4
8473	T	CTCCC	5	8472	8476	CTCGC	9618	9622	1	4
8473	T	CTCCC	5	8472	8476	CTCCT	9597	9601	1	4
8473	T	CTCCC	5	8472	8476	GTCCC	9591	9595	1	4
8473	T	CTCCC	5	8472	8476	ATCCC	9580	9584	1	4
8473	T	CTCCC	5	8472	8476	CACCC	9569	9573	1	4
8473	T	CTCCC	5	8472	8476	CCCCC	9555	9559	1	4
8473	T	CTCCC	5	8472	8476	CTCCA	16248	16252	1	4
8473	T	CTCCC	5	8472	8476	CTCTC	16442	16446	1	4
8473	T	CTCCC	5	8472	8476	CTCCA	5363	5367	1	4
8473	T	CCTCC	5	8471	8475	CCGCC	6568	6572	1	4
8473	T	CCTCC	5	8471	8475	CCACC	7888	7892	1	4
8473	T	CCTCC	5	8471	8475	CATCC	7831	7835	1	4
8473	T	CCTCC	5	8471	8475	CCTAC	7825	7829	1	4
8473	T	CCTCC	5	8471	8475	CCTCA	7807	7811	1	4
8473	T	CCTCC	5	8471	8475	CATCC	7798	7802	1	4
8473	T	CCTCC	5	8471	8475	CCGCC	7791	7795	1	4
8473	T	CCTCC	5	8471	8475	CCTTC	7327	7331	1	4
8473	T	CCTCC	5	8471	8475	ACTCC	6881	6885	1	4
8473	T	CCTCC	5	8471	8475	CCACC	6847	6851	1	4
8473	T	CCTCC	5	8471	8475	ACTCC	6685	6689	1	4
8473	T	CCTCC	5	8471	8475	TCTCC	6488	6492	1	4
8473	T	CCTCC	5	8471	8475	CGTCC	8212	8216	1	4
8473	T	CCTCC	5	8471	8475	CGTCC	6464	6468	1	4
8473	T	CCTCC	5	8471	8475	CCTCT	6449	6453	1	4
8473	T	CCTCC	5	8471	8475	CCTCT	6370	6374	1	4
8473	T	CCTCC	5	8471	8475	TCTCC	6367	6371	1	4
8473	T	CCTCC	5	8471	8475	TCTCC	6346	6350	1	4
8473	T	CCTCC	5	8471	8475	CCTGC	6236	6240	1	4
8473	T	CCTCC	5	8471	8475	ACTCC	6233	6237	1	4
8473	T	CCTCC	5	8471	8475	CCTAC	6230	6234	1	4
8473	T	CCTCC	5	8471	8475	TCTCC	6227	6231	1	4
8473	T	CCTCC	5	8471	8475	CCGCC	5739	5743	1	4
8473	T	CCTCC	5	8471	8475	ACTCC	7987	7991	1	4
8473	T	CCTCC	5	8471	8475	CCTCT	8275	8279	1	4
8473	T	CCTCC	5	8471	8475	CCTTC	5541	5545	1	4
8473	T	CCTCC	5	8471	8475	CCTAC	9344	9348	1	4
8473	T	CCTCC	5	8471	8475	CCGCC	9919	9923	1	4
8473	T	CCTCC	5	8471	8475	CCGCC	9916	9920	1	4
8473	T	CCTCC	5	8471	8475	CCGCC	9866	9870	1	4
8473	T	CCTCC	5	8471	8475	CATCC	9863	9867	1	4
8473	T	CCTCC	5	8471	8475	CCTCA	9739	9743	1	4
8473	T	CCTCC	5	8471	8475	CCTAC	9731	9735	1	4
8473	T	CCTCC	5	8471	8475	ACTCC	9596	9600	1	4
8473	T	CCTCC	5	8471	8475	ACTCC	9514	9518	1	4
8473	T	CCTCC	5	8471	8475	CCTTC	9440	9444	1	4
8473	T	CCTCC	5	8471	8475	CCACC	9413	9417	1	4
8473	T	CCTCC	5	8471	8475	CCTCA	9332	9336	1	4
8473	T	CCTCC	5	8471	8475	CCTCT	8284	8288	1	4
8473	T	CCTCC	5	8471	8475	GCTCC	9329	9333	1	4
8473	T	CCTCC	5	8471	8475	ACTCC	9319	9323	1	4
8473	T	CCTCC	5	8471	8475	CCACC	9212	9216	1	4
8473	T	CCTCC	5	8471	8475	CCTCT	9183	9187	1	4
8473	T	CCTCC	5	8471	8475	CCTAC	8970	8974	1	4
8473	T	CCTCC	5	8471	8475	ACTCC	8784	8788	1	4
8473	T	CCTCC	5	8471	8475	CCTCG	8778	8782	1	4
8473	T	CCTCC	5	8471	8475	CCTCT	8608	8612	1	4
8473	T	CCTCC	5	8471	8475	ACTCC	8413	8417	1	4
8473	T	CCTCC	5	8471	8475	CCACC	8394	8398	1	4
8473	T	CCTCC	5	8471	8475	CCGCC	5736	5740	1	4
8473	T	CCTCC	5	8471	8475	ACTCC	5362	5366	1	4
8473	T	CTCCC	5	8472	8476	CTCCT	16444	16448	1	4
8473	T	CCTCC	5	8471	8475	CCTCT	2067	2071	1	4
8473	T	CCTCC	5	8471	8475	CCTAC	3431	3435	1	4
8473	T	CCTCC	5	8471	8475	CCTCA	3330	3334	1	4
8473	T	CCTCC	5	8471	8475	ACTCC	3327	3331	1	4
8473	T	CCTCC	5	8471	8475	CCTAC	3324	3328	1	4
8473	T	CCTCC	5	8471	8475	CCTCT	3292	3296	1	4
8473	T	CCTCC	5	8471	8475	GCTCC	2636	2640	1	4
8473	T	CCTCC	5	8471	8475	CCGCC	2490	2494	1	4
8473	T	CCTCC	5	8471	8475	CCTGC	2340	2344	1	4
8473	T	CCTCC	5	8471	8475	TCTCC	2325	2329	1	4
8473	T	CCTCC	5	8471	8475	CCACC	2186	2190	1	4
8473	T	CCTCC	5	8471	8475	ACTCC	1692	1696	1	4
8473	T	CCTCC	5	8471	8475	CCGCC	3494	3498	1	4
8473	T	CCTCC	5	8471	8475	CCTAC	1533	1537	1	4
8473	T	CCTCC	5	8471	8475	CCACC	894	898	1	4
8473	T	CCTCC	5	8471	8475	CCTCT	725	729	1	4
8473	T	CCTCC	5	8471	8475	CCTCA	594	598	1	4
8473	T	CCTCC	5	8471	8475	CATCC	502	506	1	4
8473	T	CCTCC	5	8471	8475	CCACC	295	299	1	4
8473	T	CCTCC	5	8471	8475	CATCC	147	151	1	4
8473	T	CCTCC	5	8471	8475	TCTCC	40	44	1	4
8473	T	CTCCC	5	8472	8476	TTCCC	16544	16548	1	4
8473	T	CTCCC	5	8472	8476	CTCCG	16451	16455	1	4
8473	T	CCTCC	5	8471	8475	CCTTC	3449	3453	1	4
8473	T	CCTCC	5	8471	8475	CCTCT	3513	3517	1	4
8473	T	CCTCC	5	8471	8475	CCACC	5305	5309	1	4
8473	T	CCTCC	5	8471	8475	TCTCC	4708	4712	1	4
8473	T	CCTCC	5	8471	8475	CCTCA	5294	5298	1	4
8473	T	CCTCC	5	8471	8475	CATCC	5203	5207	1	4
8473	T	CCTCC	5	8471	8475	CCTAC	5150	5154	1	4
8473	T	CCTCC	5	8471	8475	CCTAC	5117	5121	1	4
8473	T	CCTCC	5	8471	8475	CCTCA	5014	5018	1	4
8473	T	CCTCC	5	8471	8475	ACTCC	5011	5015	1	4
8473	T	CCTCC	5	8471	8475	TCTCC	4928	4932	1	4
8473	T	CCTCC	5	8471	8475	CCTTC	4925	4929	1	4
8473	T	CCTCC	5	8471	8475	CCTGC	4850	4854	1	4
8473	T	CCTCC	5	8471	8475	CCTCT	4836	4840	1	4
8473	T	CCTCC	5	8471	8475	CCTCT	4691	4695	1	4
8473	T	CCTCC	5	8471	8475	CCTCT	3654	3658	1	4
8473	T	CCTCC	5	8471	8475	CATCC	4666	4670	1	4
8473	T	CCTCC	5	8471	8475	CCTCG	4617	4621	1	4
8473	T	CCTCC	5	8471	8475	CATCC	4394	4398	1	4
8473	T	CCTCC	5	8471	8475	TCTCC	4371	4375	1	4
8473	T	CCTCC	5	8471	8475	TCTCC	4220	4224	1	4
8473	T	CCTCC	5	8471	8475	CCTTC	3962	3966	1	4
8473	T	CCTCC	5	8471	8475	CCTTC	3896	3900	1	4
8473	T	CCTCC	5	8471	8475	ACTCC	3828	3832	1	4
8473	T	CCTCC	5	8471	8475	TCTCC	3791	3795	1	4
8473	T	CCTCC	5	8471	8475	GCTCC	3779	3783	1	4
8473	T	CTCCC	5	8472	8476	TTCCC	6151	6155	1	4
8473	T	CTCCC	5	8472	8476	CCCCC	5232	5236	1	4
8473	T	CCTCC	5	8471	8475	TCTCC	10210	10214	1	4
8473	T	TCCCT	5	8473	8477	GCCCT	7706	7710	1	4
8473	T	TCCCT	5	8473	8477	TCGCT	8543	8547	1	4
8473	T	TCCCT	5	8473	8477	ACCCT	8512	8516	1	4
8473	T	TCCCT	5	8473	8477	ACCCT	8261	8265	1	4
8473	T	TCCCT	5	8473	8477	CCCCT	8228	8232	1	4
8473	T	TCCCT	5	8473	8477	TCCCC	8227	8231	1	4
8473	T	TCCCT	5	8473	8477	TCCCG	8110	8114	1	4
8473	T	TCCCT	5	8473	8477	TCCCC	8079	8083	1	4
8473	T	TCCCT	5	8473	8477	TTCCT	7964	7968	1	4
8473	T	TCCCT	5	8473	8477	TCCTT	7833	7837	1	4
8473	T	TCCCT	5	8473	8477	TTCCT	7712	7716	1	4
8473	T	TCCCT	5	8473	8477	TCCTT	7680	7684	1	4
8473	T	TCCCT	5	8473	8477	TCTCT	8731	8735	1	4
8473	T	TCCCT	5	8473	8477	TTCCT	7679	7683	1	4
8473	T	TCCCT	5	8473	8477	CCCCT	7626	7630	1	4
8473	T	TCCCT	5	8473	8477	TCGCT	7330	7334	1	4
8473	T	TCCCT	5	8473	8477	TCTCT	7284	7288	1	4
8473	T	TCCCT	5	8473	8477	TCACT	7144	7148	1	4
8473	T	TCCCT	5	8473	8477	TCCAT	7138	7142	1	4
8473	T	TCCCT	5	8473	8477	CCCCT	7095	7099	1	4
8473	T	TCCCT	5	8473	8477	TCCCC	7094	7098	1	4
8473	T	TCCCT	5	8473	8477	TCACT	7085	7089	1	4
8473	T	TCCCT	5	8473	8477	TCACT	6987	6991	1	4
8473	T	TCCCT	5	8473	8477	TCCCC	8618	8622	1	4
8473	T	TCCCT	5	8473	8477	TCCTT	8746	8750	1	4
8473	T	TCCCT	5	8473	8477	TCCCC	6844	6848	1	4
8473	T	TCCCT	5	8473	8477	TCTCT	9716	9720	1	4
8473	T	TCCCT	5	8473	8477	TGCCT	10645	10649	1	4
8473	T	TCCCT	5	8473	8477	TCGCT	10584	10588	1	4
8473	T	TCCCT	5	8473	8477	TGCCT	10563	10567	1	4
8473	T	TCCCT	5	8473	8477	GCCCT	10353	10357	1	4
8473	T	TCCCT	5	8473	8477	GCCCT	10290	10294	1	4
8473	T	TCCCT	5	8473	8477	CCCCT	10278	10282	1	4
8473	T	TCCCT	5	8473	8477	ACCCT	10183	10187	1	4
8473	T	TCCCT	5	8473	8477	CCCCT	10162	10166	1	4
8473	T	TCCCT	5	8473	8477	TCACT	9899	9903	1	4
8473	T	TCCCT	5	8473	8477	TCACT	9881	9885	1	4
8473	T	TCCCT	5	8473	8477	TCCGT	9609	9613	1	4
8473	T	TCCCT	5	8473	8477	TCCCC	8843	8847	1	4
8473	T	TCCCT	5	8473	8477	CCCCT	9582	9586	1	4
8473	T	TCCCT	5	8473	8477	TCCCC	9581	9585	1	4
8473	T	TCCCT	5	8473	8477	TCACT	9311	9315	1	4
8473	T	TCCCT	5	8473	8477	CCCCT	9255	9259	1	4
8473	T	TCCCT	5	8473	8477	TGCCT	9224	9228	1	4
8473	T	TCCCT	5	8473	8477	TCGCT	9137	9141	1	4
8473	T	TCCCT	5	8473	8477	GCCCT	8989	8993	1	4
8473	T	TCCCT	5	8473	8477	TCCCC	8939	8943	1	4
8473	T	TCCCT	5	8473	8477	GCCCT	8896	8900	1	4
8473	T	TCCCT	5	8473	8477	CCCCT	8844	8848	1	4
8473	T	TCCCT	5	8473	8477	GCCCT	6924	6928	1	4
8473	T	TCCCT	5	8473	8477	TCGCT	6838	6842	1	4
8473	T	TCCCT	5	8473	8477	TCCCA	10776	10780	1	4
8473	T	TCCCT	5	8473	8477	CCCCT	2076	2080	1	4
8473	T	TCCCT	5	8473	8477	TCCCG	3006	3010	1	4
8473	T	TCCCT	5	8473	8477	TCCAT	2960	2964	1	4
8473	T	TCCCT	5	8473	8477	ACCCT	2926	2930	1	4
8473	T	TCCCT	5	8473	8477	ACCCT	2725	2729	1	4
8473	T	TCCCT	5	8473	8477	TCTCT	2656	2660	1	4
8473	T	TCCCT	5	8473	8477	TCCTT	2610	2614	1	4
8473	T	TCCCT	5	8473	8477	TTCCT	2609	2613	1	4
8473	T	TCCCT	5	8473	8477	TCACT	2602	2606	1	4
8473	T	TCCCT	5	8473	8477	ACCCT	2576	2580	1	4
8473	T	TCCCT	5	8473	8477	TCCCA	2233	2237	1	4
8473	T	TCCCT	5	8473	8477	TCCCC	2075	2079	1	4
8473	T	TCCCT	5	8473	8477	CCCCT	3429	3433	1	4
8473	T	TCCCT	5	8473	8477	CCCCT	1837	1841	1	4
8473	T	TCCCT	5	8473	8477	CCCCT	1531	1535	1	4
8473	T	TCCCT	5	8473	8477	GCCCT	1464	1468	1	4
8473	T	TCCCT	5	8473	8477	GCCCT	1393	1397	1	4
8473	T	TCCCT	5	8473	8477	ACCCT	1277	1281	1	4
8473	T	TCCCT	5	8473	8477	GCCCT	1097	1101	1	4
8473	T	TCCCT	5	8473	8477	TCCCC	704	708	1	4
8473	T	TCCCT	5	8473	8477	TCCCC	455	459	1	4
8473	T	TCCCT	5	8473	8477	ACCCT	368	372	1	4
8473	T	TCCCT	5	8473	8477	TCTCT	342	346	1	4
8473	T	TCCCT	5	8473	8477	TTCCT	3361	3365	1	4
8473	T	TCCCT	5	8473	8477	TCGCT	3452	3456	1	4
8473	T	TCCCT	5	8473	8477	TCACT	6520	6524	1	4
8473	T	TCCCT	5	8473	8477	ACCCT	5059	5063	1	4
8473	T	TCCCT	5	8473	8477	TCCCC	6185	6189	1	4
8473	T	TCCCT	5	8473	8477	CCCCT	6153	6157	1	4
8473	T	TCCCT	5	8473	8477	TCCCC	6152	6156	1	4
8473	T	TCCCT	5	8473	8477	TCTCT	5926	5930	1	4
8473	T	TCCCT	5	8473	8477	CCCCT	5844	5848	1	4
8473	T	TCCCT	5	8473	8477	GCCCT	5650	5654	1	4
8473	T	TCCCT	5	8473	8477	CCCCT	5488	5492	1	4
8473	T	TCCCT	5	8473	8477	TCCCC	5302	5306	1	4
8473	T	TCCCT	5	8473	8477	ACCCT	5148	5152	1	4
8473	T	TCCCT	5	8473	8477	TTCCT	5115	5119	1	4
8473	T	TCCCT	5	8473	8477	TCCCA	4813	4817	1	4
8473	T	TCCCT	5	8473	8477	CCCCT	3484	3488	1	4
8473	T	TCCCT	5	8473	8477	TCACT	4802	4806	1	4
8473	T	TCCCT	5	8473	8477	TCCAT	4668	4672	1	4
8473	T	TCCCT	5	8473	8477	CCCCT	4476	4480	1	4
8473	T	TCCCT	5	8473	8477	TCCCC	4475	4479	1	4
8473	T	TCCCT	5	8473	8477	TCCCG	4460	4464	1	4
8473	T	TCCCT	5	8473	8477	ACCCT	4455	4459	1	4
8473	T	TCCCT	5	8473	8477	ACCCT	4093	4097	1	4
8473	T	TCCCT	5	8473	8477	CCCCT	4058	4062	1	4
8473	T	TCCCT	5	8473	8477	CCCCT	3960	3964	1	4
8473	T	TCCCT	5	8473	8477	ACCCT	3843	3847	1	4
8473	T	TCCCT	5	8473	8477	GCCCT	10695	10699	1	4
8473	T	TCCCT	5	8473	8477	TCCCC	10916	10920	1	4
8473	T	CTCCC	5	8472	8476	CTCGC	5161	5165	1	4
8473	T	CTCCC	5	8472	8476	CACCC	800	804	1	4
8473	T	CTCCC	5	8472	8476	CACCC	2215	2219	1	4
8473	T	CTCCC	5	8472	8476	CACCC	2162	2166	1	4
8473	T	CTCCC	5	8472	8476	ATCCC	2074	2078	1	4
8473	T	CTCCC	5	8472	8476	CACCC	1944	1948	1	4
8473	T	CTCCC	5	8472	8476	CTCCA	1693	1697	1	4
8473	T	CTCCC	5	8472	8476	CACCC	1624	1628	1	4
8473	T	CTCCC	5	8472	8476	CTCGC	1131	1135	1	4
8473	T	CTCCC	5	8472	8476	CTCCA	999	1003	1	4
8473	T	CTCCC	5	8472	8476	CTCAC	979	983	1	4
8473	T	CTCCC	5	8472	8476	CACCC	954	958	1	4
8473	T	CTCCC	5	8472	8476	CACCC	635	639	1	4
8473	T	CTCCC	5	8472	8476	CTCCT	2252	2256	1	4
8473	T	CTCCC	5	8472	8476	CTCAC	628	632	1	4
8473	T	CTCCC	5	8472	8476	CACCC	566	570	1	4
8473	T	CTCCC	5	8472	8476	TTCCC	454	458	1	4
8473	T	CTCCC	5	8472	8476	CACCC	431	435	1	4
8473	T	CTCCC	5	8472	8476	CTGCC	345	349	1	4
8473	T	CTCCC	5	8472	8476	CTCTC	39	43	1	4
8473	T	CTCCC	5	8472	8476	CTCAC	29	33	1	4
8473	T	TCCCT	5	8473	8477	CCCCT	16546	16550	1	4
8473	T	TCCCT	5	8473	8477	TCCCC	16545	16549	1	4
8473	T	TCCCT	5	8473	8477	TTCCT	16505	16509	1	4
8473	T	CTCCC	5	8472	8476	ATCCC	2232	2236	1	4
8473	T	CTCCC	5	8472	8476	CACCC	2259	2263	1	4
8473	T	TCCCT	5	8473	8477	TCTCT	16018	16022	1	4
8473	T	CTCCC	5	8472	8476	ATCCC	4474	4478	1	4
8473	T	CTCCC	5	8472	8476	CTCCT	5012	5016	1	4
8473	T	CTCCC	5	8472	8476	CTCCT	4929	4933	1	4
8473	T	CTCCC	5	8472	8476	CCCCC	4879	4883	1	4
8473	T	CTCCC	5	8472	8476	CTCAC	4860	4864	1	4
8473	T	CTCCC	5	8472	8476	CACCC	4832	4836	1	4
8473	T	CTCCC	5	8472	8476	GTCCC	4812	4816	1	4
8473	T	CTCCC	5	8472	8476	CTCCG	4709	4713	1	4
8473	T	CTCCC	5	8472	8476	CTCTC	4707	4711	1	4
8473	T	CTCCC	5	8472	8476	CTGCC	4633	4637	1	4
8473	T	CTCCC	5	8472	8476	CTCGC	4538	4542	1	4
8473	T	CTCCC	5	8472	8476	CACCC	4389	4393	1	4
8473	T	CTCCC	5	8472	8476	CTCCT	2326	2330	1	4
8473	T	CTCCC	5	8472	8476	TTCCC	4247	4251	1	4
8473	T	CTCCC	5	8472	8476	CTCCA	4239	4243	1	4
8473	T	CTCCC	5	8472	8476	CTCAC	4192	4196	1	4
8473	T	CTCCC	5	8472	8476	CTCTC	4054	4058	1	4
8473	T	CTCCC	5	8472	8476	CTCCA	3867	3871	1	4
8473	T	CTCCC	5	8472	8476	CTCCT	3829	3833	1	4
8473	T	CTCCC	5	8472	8476	CTCCA	3792	3796	1	4
8473	T	CTCCC	5	8472	8476	CTCCT	3328	3332	1	4
8473	T	CTCCC	5	8472	8476	CACCC	3208	3212	1	4
8473	T	CTCCC	5	8472	8476	CTCCA	2637	2641	1	4
8473	T	TCCCT	5	8473	8477	TCCCC	16362	16366	1	4
8473	T	TCCCT	5	8473	8477	TCCTT	15889	15893	1	4
8473	T	TCCCT	5	8473	8477	TCCCC	11139	11143	1	4
8473	T	TCCCT	5	8473	8477	TCCAT	12448	12452	1	4
8473	T	TCCCT	5	8473	8477	TCACT	13814	13818	1	4
8473	T	TCCCT	5	8473	8477	TCGCT	13577	13581	1	4
8473	T	TCCCT	5	8473	8477	GCCCT	13558	13562	1	4
8473	T	TCCCT	5	8473	8477	TTCCT	13312	13316	1	4
8473	T	TCCCT	5	8473	8477	GCCCT	13069	13073	1	4
8473	T	TCCCT	5	8473	8477	CCCCT	13026	13030	1	4
8473	T	TCCCT	5	8473	8477	GCCCT	12940	12944	1	4
8473	T	TCCCT	5	8473	8477	TGCCT	12502	12506	1	4
8473	T	TCCCT	5	8473	8477	TCCCC	12482	12486	1	4
8473	T	TCCCT	5	8473	8477	TCTCT	12477	12481	1	4
8473	T	TCCCT	5	8473	8477	ACCCT	12410	12414	1	4
8473	T	TCCCT	5	8473	8477	GCCCT	13837	13841	1	4
8473	T	TCCCT	5	8473	8477	TCCTT	12392	12396	1	4
8473	T	TCCCT	5	8473	8477	ACCCT	12367	12371	1	4
8473	T	TCCCT	5	8473	8477	TCCAT	12287	12291	1	4
8473	T	TCCCT	5	8473	8477	CCCCT	12194	12198	1	4
8473	T	TCCCT	5	8473	8477	GCCCT	11969	11973	1	4
8473	T	TCCCT	5	8473	8477	TCCTT	11541	11545	1	4
8473	T	TCCCT	5	8473	8477	CCCCT	11536	11540	1	4
8473	T	TCCCT	5	8473	8477	TCGCT	11433	11437	1	4
8473	T	TCCCT	5	8473	8477	CCCCT	11234	11238	1	4
8473	T	TCCCT	5	8473	8477	TCCCC	11233	11237	1	4
8473	T	TCCCT	5	8473	8477	TTCCT	13819	13823	1	4
8473	T	TCCCT	5	8473	8477	TCCCC	13879	13883	1	4
8473	T	TCCCT	5	8473	8477	TCCGT	15809	15813	1	4
8473	T	TCCCT	5	8473	8477	GCCCT	15301	15305	1	4
8473	T	TCCCT	5	8473	8477	ACCCT	15780	15784	1	4
8473	T	TCCCT	5	8473	8477	TCACT	15713	15717	1	4
8473	T	TCCCT	5	8473	8477	TCCCC	15657	15661	1	4
8473	T	TCCCT	5	8473	8477	GCCCT	15623	15627	1	4
8473	T	TCCCT	5	8473	8477	TCCTT	15618	15622	1	4
8473	T	TCCCT	5	8473	8477	TTCCT	15566	15570	1	4
8473	T	TCCCT	5	8473	8477	CCCCT	15526	15530	1	4
8473	T	TCCCT	5	8473	8477	ACCCT	15515	15519	1	4
8473	T	TCCCT	5	8473	8477	TCTCT	15445	15449	1	4
8473	T	TCCCT	5	8473	8477	GCCCT	15317	15321	1	4
8473	T	TCCCT	5	8473	8477	TCACT	15289	15293	1	4
8473	T	TCCCT	5	8473	8477	ACCCT	13922	13926	1	4
8473	T	TCCCT	5	8473	8477	TCCCA	15204	15208	1	4
8473	T	TCCCT	5	8473	8477	TCTCT	15067	15071	1	4
8473	T	TCCCT	5	8473	8477	TTCCT	14894	14898	1	4
8473	T	TCCCT	5	8473	8477	TCGCT	14457	14461	1	4
8473	T	TCCCT	5	8473	8477	CCCCT	14418	14422	1	4
8473	T	TCCCT	5	8473	8477	ACCCT	14274	14278	1	4
8473	T	TCCCT	5	8473	8477	ACCCT	14128	14132	1	4
8473	T	TCCCT	5	8473	8477	CCCCT	13981	13985	1	4
8473	T	TCCCT	5	8473	8477	CCCCT	13947	13951	1	4
8473	T	TCCCT	5	8473	8477	TCCCC	13946	13950	1	4
8473	T	CCTCC	5	8471	8475	TCTCC	9967	9971	1	4
8473	T	CCTCC	5	8471	8475	CCTAC	10292	10296	1	4
8473	T	TACCT	5	8469	8473	TACAT	16330	16334	1	4
8473	T	ACCTC	5	8470	8474	TCCTC	15639	15643	1	4
8473	T	ACCTC	5	8470	8474	ACATC	16559	16563	1	4
8473	T	ACCTC	5	8470	8474	ACATC	16497	16501	1	4
8473	T	ACCTC	5	8470	8474	TCCTC	16445	16449	1	4
8473	T	ACCTC	5	8470	8474	ACATC	16235	16239	1	4
8473	T	ACCTC	5	8470	8474	ACATC	16175	16179	1	4
8473	T	ACCTC	5	8470	8474	ACCTG	16149	16153	1	4
8473	T	ACCTC	5	8470	8474	ACCGC	16081	16085	1	4
8473	T	ACCTC	5	8470	8474	ACCTT	15937	15941	1	4
8473	T	ACCTC	5	8470	8474	ACCTG	15752	15756	1	4
8473	T	ACCTC	5	8470	8474	TCCTC	15741	15745	1	4
8473	T	ACCTC	5	8470	8474	ACATC	15546	15550	1	4
8473	T	TACCT	5	8469	8473	TACTT	192	196	1	4
8473	T	ACCTC	5	8470	8474	ACCCC	15536	15540	1	4
8473	T	ACCTC	5	8470	8474	ACCCC	15525	15529	1	4
8473	T	ACCTC	5	8470	8474	ACTTC	15291	15295	1	4
8473	T	ACCTC	5	8470	8474	ACCTA	15222	15226	1	4
8473	T	ACCTC	5	8470	8474	ACATC	15087	15091	1	4
8473	T	ACCTC	5	8470	8474	ACCTG	15080	15084	1	4
8473	T	ACCTC	5	8470	8474	ACATC	15036	15040	1	4
8473	T	ACCTC	5	8470	8474	GCCTC	15005	15009	1	4
8473	T	ACCTC	5	8470	8474	ACATC	14949	14953	1	4
8473	T	ACCTC	5	8470	8474	GCCTC	14921	14925	1	4
8473	T	TACCT	5	8469	8473	TATCT	125	129	1	4
8473	T	TACCT	5	8469	8473	TATCT	401	405	1	4
8473	T	ACCTC	5	8470	8474	ACTTC	14841	14845	1	4
8473	T	TACCT	5	8469	8473	TACCC	1730	1734	1	4
8473	T	TACCT	5	8469	8473	TACCC	2411	2415	1	4
8473	T	TACCT	5	8469	8473	TATCT	2383	2387	1	4
8473	T	TACCT	5	8469	8473	TAACT	2244	2248	1	4
8473	T	TACCT	5	8469	8473	AACCT	2134	2138	1	4
8473	T	TACCT	5	8469	8473	TAACT	2089	2093	1	4
8473	T	TACCT	5	8469	8473	TAGCT	2013	2017	1	4
8473	T	TACCT	5	8469	8473	AACCT	1994	1998	1	4
8473	T	TACCT	5	8469	8473	TAACT	1872	1876	1	4
8473	T	TACCT	5	8469	8473	TAACT	1862	1866	1	4
8473	T	TACCT	5	8469	8473	AACCT	1762	1766	1	4
8473	T	TACCT	5	8469	8473	AACCT	1675	1679	1	4
8473	T	TACCT	5	8469	8473	TAGCT	584	588	1	4
8473	T	TACCT	5	8469	8473	TAACT	1654	1658	1	4
8473	T	TACCT	5	8469	8473	TAGCT	1609	1613	1	4
8473	T	TACCT	5	8469	8473	TAACT	1522	1526	1	4
8473	T	TACCT	5	8469	8473	TACCC	1308	1312	1	4
8473	T	TACCT	5	8469	8473	GACCT	1170	1174	1	4
8473	T	TACCT	5	8469	8473	TAGCT	1055	1059	1	4
8473	T	TACCT	5	8469	8473	TATCT	1040	1044	1	4
8473	T	TACCT	5	8469	8473	CACCT	981	985	1	4
8473	T	TACCT	5	8469	8473	TAACT	850	854	1	4
8473	T	TACCT	5	8469	8473	AACCT	826	830	1	4
8473	T	ACCTC	5	8470	8474	ACCAC	14882	14886	1	4
8473	T	ACCTC	5	8470	8474	ACATC	14823	14827	1	4
8473	T	TACCT	5	8469	8473	TACCC	2575	2579	1	4
8473	T	ACCTC	5	8470	8474	AACTC	12916	12920	1	4
8473	T	ACCTC	5	8470	8474	ACCTA	13304	13308	1	4
8473	T	ACCTC	5	8470	8474	ACCAC	13299	13303	1	4
8473	T	ACCTC	5	8470	8474	ACTTC	13252	13256	1	4
8473	T	ACCTC	5	8470	8474	ACATC	13226	13230	1	4
8473	T	ACCTC	5	8470	8474	ACCAC	13186	13190	1	4
8473	T	ACCTC	5	8470	8474	AACTC	13158	13162	1	4
8473	T	ACCTC	5	8470	8474	ACCCC	13057	13061	1	4
8473	T	ACCTC	5	8470	8474	ACCCC	13025	13029	1	4
8473	T	ACCTC	5	8470	8474	ACCCC	12967	12971	1	4
8473	T	ACCTC	5	8470	8474	GCCTC	12962	12966	1	4
8473	T	ACCTC	5	8470	8474	TCCTC	12884	12888	1	4
8473	T	ACCTC	5	8470	8474	ACCTT	13382	13386	1	4
8473	T	ACCTC	5	8470	8474	ACCTA	12743	12747	1	4
8473	T	ACCTC	5	8470	8474	AACTC	12661	12665	1	4
8473	T	ACCTC	5	8470	8474	AGCTC	12560	12564	1	4
8473	T	ACCTC	5	8470	8474	ACCTT	12463	12467	1	4
8473	T	ACCTC	5	8470	8474	AACTC	12424	12428	1	4
8473	T	ACCTC	5	8470	8474	AGCTC	12212	12216	1	4
8473	T	ACCTC	5	8470	8474	ACCCC	12193	12197	1	4
8473	T	ACCTC	5	8470	8474	ACATC	12158	12162	1	4
8473	T	ACCTC	5	8470	8474	ACATC	12114	12118	1	4
8473	T	ACCTC	5	8470	8474	ACCCC	12108	12112	1	4
8473	T	ACCTC	5	8470	8474	ACATC	13319	13323	1	4
8473	T	ACCTC	5	8470	8474	ACCAC	13514	13518	1	4
8473	T	ACCTC	5	8470	8474	ACCCC	14813	14817	1	4
8473	T	ACCTC	5	8470	8474	ACCCC	14339	14343	1	4
8473	T	ACCTC	5	8470	8474	ACCAC	14790	14794	1	4
8473	T	ACCTC	5	8470	8474	ACCCC	14750	14754	1	4
8473	T	ACCTC	5	8470	8474	ACCAC	14693	14697	1	4
8473	T	ACCTC	5	8470	8474	ACCCC	14628	14632	1	4
8473	T	ACCTC	5	8470	8474	ACCCC	14619	14623	1	4
8473	T	ACCTC	5	8470	8474	ACCGC	14566	14570	1	4
8473	T	ACCTC	5	8470	8474	ACCAC	14561	14565	1	4
8473	T	ACCTC	5	8470	8474	TCCTC	14444	14448	1	4
8473	T	ACCTC	5	8470	8474	ACCCC	14417	14421	1	4
8473	T	ACCTC	5	8470	8474	ACCCC	14388	14392	1	4
8473	T	ACCTC	5	8470	8474	ACCCC	14280	14284	1	4
8473	T	ACCTC	5	8470	8474	ACATC	13517	13521	1	4
8473	T	ACCTC	5	8470	8474	ATCTC	14165	14169	1	4
8473	T	ACCTC	5	8470	8474	ACCTA	14148	14152	1	4
8473	T	ACCTC	5	8470	8474	ACCTG	14002	14006	1	4
8473	T	ACCTC	5	8470	8474	ACCTA	13997	14001	1	4
8473	T	ACCTC	5	8470	8474	ACCGC	13937	13941	1	4
8473	T	ACCTC	5	8470	8474	ACTTC	13827	13831	1	4
8473	T	ACCTC	5	8470	8474	AACTC	13796	13800	1	4
8473	T	ACCTC	5	8470	8474	ACCCC	13691	13695	1	4
8473	T	ACCTC	5	8470	8474	ACCCC	13676	13680	1	4
8473	T	ACCTC	5	8470	8474	ACCGC	13528	13532	1	4
8473	T	TACCT	5	8469	8473	TACCA	2499	2503	1	4
8473	T	TACCT	5	8469	8473	GACCT	2622	2626	1	4
8473	T	ACCTC	5	8470	8474	AACTC	11892	11896	1	4
8473	T	TACCT	5	8469	8473	AACCT	10743	10747	1	4
8473	T	TACCT	5	8469	8473	TACCG	12203	12207	1	4
8473	T	TACCT	5	8469	8473	TACCG	12121	12125	1	4
8473	T	TACCT	5	8469	8473	AACCT	11879	11883	1	4
8473	T	TACCT	5	8469	8473	TAGCT	11823	11827	1	4
8473	T	TACCT	5	8469	8473	GACCT	11600	11604	1	4
8473	T	TACCT	5	8469	8473	TACTT	11448	11452	1	4
8473	T	TACCT	5	8469	8473	TAGCT	11361	11365	1	4
8473	T	TACCT	5	8469	8473	TATCT	11116	11120	1	4
8473	T	TACCT	5	8469	8473	TAGCT	10909	10913	1	4
8473	T	TACCT	5	8469	8473	AACCT	10749	10753	1	4
8473	T	TACCT	5	8469	8473	TACAT	10738	10742	1	4
8473	T	TACCT	5	8469	8473	TATCT	12694	12698	1	4
8473	T	TACCT	5	8469	8473	TAGCT	10597	10601	1	4
8473	T	TACCT	5	8469	8473	TACCA	10505	10509	1	4
8473	T	TACCT	5	8469	8473	TACAT	10482	10486	1	4
8473	T	TACCT	5	8469	8473	TACCA	10464	10468	1	4
8473	T	TACCT	5	8469	8473	AACCT	10305	10309	1	4
8473	T	TACCT	5	8469	8473	TAGCT	10231	10235	1	4
8473	T	TACCT	5	8469	8473	TACAT	10118	10122	1	4
8473	T	TACCT	5	8469	8473	TAACT	10027	10031	1	4
8473	T	TACCT	5	8469	8473	TAACT	10016	10020	1	4
8473	T	TACCT	5	8469	8473	TACCG	10010	10014	1	4
8473	T	TACCT	5	8469	8473	TACAT	12624	12628	1	4
8473	T	TACCT	5	8469	8473	TACCA	12714	12718	1	4
8473	T	TACCT	5	8469	8473	CACCT	9638	9642	1	4
8473	T	TACCT	5	8469	8473	TACCA	15787	15791	1	4
8473	T	TACCT	5	8469	8473	TACCG	16325	16329	1	4
8473	T	TACCT	5	8469	8473	TACAT	16311	16315	1	4
8473	T	TACCT	5	8469	8473	TACAT	16304	16308	1	4
8473	T	TACCT	5	8469	8473	AACCT	16284	16288	1	4
8473	T	TACCT	5	8469	8473	TACCA	16276	16280	1	4
8473	T	TACCT	5	8469	8473	TACAT	16157	16161	1	4
8473	T	TACCT	5	8469	8473	TACTT	16140	16144	1	4
8473	T	TACCT	5	8469	8473	TACCA	16131	16135	1	4
8473	T	TACCT	5	8469	8473	TACAT	16097	16101	1	4
8473	T	TACCT	5	8469	8473	AACCT	15936	15940	1	4
8473	T	TACCT	5	8469	8473	AACCT	15751	15755	1	4
8473	T	TACCT	5	8469	8473	CACCT	13303	13307	1	4
8473	T	TACCT	5	8469	8473	TACCC	15514	15518	1	4
8473	T	TACCT	5	8469	8473	GACCT	15221	15225	1	4
8473	T	TACCT	5	8469	8473	TACAT	15209	15213	1	4
8473	T	TACCT	5	8469	8473	AACCT	15079	15083	1	4
8473	T	TACCT	5	8469	8473	TAACT	14208	14212	1	4
8473	T	TACCT	5	8469	8473	AACCT	14147	14151	1	4
8473	T	TACCT	5	8469	8473	AACCT	14001	14005	1	4
8473	T	TACCT	5	8469	8473	GACCT	13996	14000	1	4
8473	T	TACCT	5	8469	8473	AACCT	13975	13979	1	4
8473	T	TACCT	5	8469	8473	TACCC	13326	13330	1	4
8473	T	TACCT	5	8469	8473	TACCC	9725	9729	1	4
8473	T	TACCT	5	8469	8473	TACCA	9405	9409	1	4
8473	T	TACCT	5	8469	8473	TACTT	2661	2665	1	4
8473	T	TACCT	5	8469	8473	TACCC	4226	4230	1	4
8473	T	TACCT	5	8469	8473	CACCT	5165	5169	1	4
8473	T	TACCT	5	8469	8473	TAACT	5083	5087	1	4
8473	T	TACCT	5	8469	8473	TACCC	5021	5025	1	4
8473	T	TACCT	5	8469	8473	TACCA	4896	4900	1	4
8473	T	TACCT	5	8469	8473	TACCC	4823	4827	1	4
8473	T	TACCT	5	8469	8473	TAGCT	4768	4772	1	4
8473	T	TACCT	5	8469	8473	TAGCT	4684	4688	1	4
8473	T	TACCT	5	8469	8473	TACCC	4454	4458	1	4
8473	T	TACCT	5	8469	8473	TACTT	4286	4290	1	4
8473	T	TACCT	5	8469	8473	AACCT	4257	4261	1	4
8473	T	TACCT	5	8469	8473	TACTT	4205	4209	1	4
8473	T	TACCT	5	8469	8473	TACTT	5567	5571	1	4
8473	T	TACCT	5	8469	8473	TACCC	3578	3582	1	4
8473	T	TACCT	5	8469	8473	TACCG	3372	3376	1	4
8473	T	TACCT	5	8469	8473	TACCC	3338	3342	1	4
8473	T	TACCT	5	8469	8473	TACCC	3308	3312	1	4
8473	T	TACCT	5	8469	8473	TACCC	3202	3206	1	4
8473	T	TACCT	5	8469	8473	TACCC	2925	2929	1	4
8473	T	TACCT	5	8469	8473	TAACT	2903	2907	1	4
8473	T	TACCT	5	8469	8473	TACAT	2850	2854	1	4
8473	T	TACCT	5	8469	8473	AACCT	2791	2795	1	4
8473	T	TACCT	5	8469	8473	GACCT	2681	2685	1	4
8473	T	TACCT	5	8469	8473	TATCT	5389	5393	1	4
8473	T	TACCT	5	8469	8473	TACCC	6115	6119	1	4
8473	T	TACCT	5	8469	8473	TACCA	9369	9373	1	4
8473	T	TACCT	5	8469	8473	TATCT	7579	7583	1	4
8473	T	TACCT	5	8469	8473	AACCT	9079	9083	1	4
8473	T	TACCT	5	8469	8473	CACCT	9040	9044	1	4
8473	T	TACCT	5	8469	8473	AACCT	8827	8831	1	4
8473	T	TACCT	5	8469	8473	AACCT	8724	8728	1	4
8473	T	TACCT	5	8469	8473	AACCT	8318	8322	1	4
8473	T	TACCT	5	8469	8473	TACCC	8260	8264	1	4
8473	T	TACCT	5	8469	8473	AACCT	7903	7907	1	4
8473	T	TACCT	5	8469	8473	TACAT	7838	7842	1	4
8473	T	TACCT	5	8469	8473	TATCT	7684	7688	1	4
8473	T	TACCT	5	8469	8473	CACCT	7648	7652	1	4
8473	T	TACCT	5	8469	8473	TAACT	7541	7545	1	4
8473	T	TACCT	5	8469	8473	GACCT	6333	6337	1	4
8473	T	TACCT	5	8469	8473	TACAT	7431	7435	1	4
8473	T	TACCT	5	8469	8473	AACCT	7374	7378	1	4
8473	T	TACCT	5	8469	8473	AACCT	7124	7128	1	4
8473	T	TACCT	5	8469	8473	TAGCT	6866	6870	1	4
8473	T	TACCT	5	8469	8473	TACAT	6711	6715	1	4
8473	T	TACCT	5	8469	8473	TAACT	6676	6680	1	4
8473	T	TACCT	5	8469	8473	CACCT	6600	6604	1	4
8473	T	TACCT	5	8469	8473	TACCA	6594	6598	1	4
8473	T	TACCT	5	8469	8473	TACCA	6438	6442	1	4
8473	T	TACCT	5	8469	8473	CACCT	6354	6358	1	4
8473	T	ACCTC	5	8470	8474	ACCAC	11909	11913	1	4
8473	T	ACCTC	5	8470	8474	GCCTC	11847	11851	1	4
8473	T	CCTCC	5	8471	8475	CATCC	10346	10350	1	4
8473	T	CCTCC	5	8471	8475	CATCC	15637	15641	1	4
8473	T	CCTCC	5	8471	8475	TCTCC	16443	16447	1	4
8473	T	CCTCC	5	8471	8475	CCTTC	16354	16358	1	4
8473	T	CCTCC	5	8471	8475	CCACC	16111	16115	1	4
8473	T	CCTCC	5	8471	8475	CCACC	15977	15981	1	4
8473	T	CCTCC	5	8471	8475	CATCC	15807	15811	1	4
8473	T	CCTCC	5	8471	8475	CCTCA	15742	15746	1	4
8473	T	CCTCC	5	8471	8475	ACTCC	15724	15728	1	4
8473	T	CCTCC	5	8471	8475	CATCC	15661	15665	1	4
8473	T	CCTCC	5	8471	8475	CATCC	15643	15647	1	4
8473	T	CCTCC	5	8471	8475	CCTCA	15640	15644	1	4
8473	T	CCTCC	5	8471	8475	CGTCC	15616	15620	1	4
8473	T	ACCTC	5	8470	8474	ACCAC	25	29	1	4
8473	T	CCTCC	5	8471	8475	TCTCC	15586	15590	1	4
8473	T	CCTCC	5	8471	8475	CCTAC	15576	15580	1	4
8473	T	CCTCC	5	8471	8475	TCTCC	15456	15460	1	4
8473	T	CCTCC	5	8471	8475	CCTCG	15433	15437	1	4
8473	T	CCTCC	5	8471	8475	ACTCC	15328	15332	1	4
8473	T	CCTCC	5	8471	8475	CCTTC	15303	15307	1	4
8473	T	CCTCC	5	8471	8475	CCGCC	15198	15202	1	4
8473	T	CCTCC	5	8471	8475	CCTTC	15126	15130	1	4
8473	T	CCTCC	5	8471	8475	CCTGC	15103	15107	1	4
8473	T	CCTCC	5	8471	8475	CCTAC	15031	15035	1	4
8473	T	CCTCC	5	8471	8475	GCTCC	16450	16454	1	4
8473	T	ACCTC	5	8470	8474	AGCTC	37	41	1	4
8473	T	CCTCC	5	8471	8475	CCTCA	15006	15010	1	4
8473	T	ACCTC	5	8470	8474	AGCTC	776	780	1	4
8473	T	ACCTC	5	8470	8474	ACCGC	1661	1665	1	4
8473	T	ACCTC	5	8470	8474	ACCCC	1530	1534	1	4
8473	T	ACCTC	5	8470	8474	ACCCC	1222	1226	1	4
8473	T	ACCTC	5	8470	8474	ACCTG	1171	1175	1	4
8473	T	ACCTC	5	8470	8474	AACTC	1161	1165	1	4
8473	T	ACCTC	5	8470	8474	ACCTG	982	986	1	4
8473	T	ACCTC	5	8470	8474	AACTC	977	981	1	4
8473	T	ACCTC	5	8470	8474	ACCGC	896	900	1	4
8473	T	ACCTC	5	8470	8474	ACCCC	866	870	1	4
8473	T	ACCTC	5	8470	8474	ACCTT	827	831	1	4
8473	T	ACCTC	5	8470	8474	ACCAC	735	739	1	4
8473	T	ACCTC	5	8470	8474	ACATC	276	280	1	4
8473	T	ACCTC	5	8470	8474	ACCCC	636	640	1	4
8473	T	ACCTC	5	8470	8474	ACATC	631	635	1	4
8473	T	ACCTC	5	8470	8474	TCCTC	593	597	1	4
8473	T	ACCTC	5	8470	8474	ACCCC	556	560	1	4
8473	T	ACCTC	5	8470	8474	ACCCC	533	537	1	4
8473	T	ACCTC	5	8470	8474	ACCGC	523	527	1	4
8473	T	ACCTC	5	8470	8474	ATCTC	479	483	1	4
8473	T	ACCTC	5	8470	8474	ACCCC	352	356	1	4
8473	T	ACCTC	5	8470	8474	ATCTC	341	345	1	4
8473	T	ACCTC	5	8470	8474	ACATC	339	343	1	4
8473	T	CCTCC	5	8471	8475	CCTCT	15025	15029	1	4
8473	T	CCTCC	5	8471	8475	CATCC	14980	14984	1	4
8473	T	ACCTC	5	8470	8474	ACCTG	1763	1767	1	4
8473	T	CCTCC	5	8471	8475	CCTCA	11727	11731	1	4
8473	T	CCTCC	5	8471	8475	ACTCC	12911	12915	1	4
8473	T	CCTCC	5	8471	8475	CCTAC	12906	12910	1	4
8473	T	CCTCC	5	8471	8475	CATCC	12882	12886	1	4
8473	T	CCTCC	5	8471	8475	TCTCC	12590	12594	1	4
8473	T	CCTCC	5	8471	8475	CATCC	12458	12462	1	4
8473	T	CCTCC	5	8471	8475	CATCC	12390	12394	1	4
8473	T	CCTCC	5	8471	8475	CCTCT	12132	12136	1	4
8473	T	CCTCC	5	8471	8475	TCTCC	12091	12095	1	4
8473	T	CCTCC	5	8471	8475	TCTCC	11935	11939	1	4
8473	T	CCTCC	5	8471	8475	TCTCC	11916	11920	1	4
8473	T	CCTCC	5	8471	8475	CATCC	11665	11669	1	4
8473	T	CCTCC	5	8471	8475	TCTCC	13020	13024	1	4
8473	T	CCTCC	5	8471	8475	CCTCG	11644	11648	1	4
8473	T	CCTCC	5	8471	8475	CCTAC	11587	11591	1	4
8473	T	CCTCC	5	8471	8475	ACTCC	11392	11396	1	4
8473	T	CCTCC	5	8471	8475	CCTAC	11236	11240	1	4
8473	T	CCTCC	5	8471	8475	CCTAC	11062	11066	1	4
8473	T	CCTCC	5	8471	8475	ACTCC	10754	10758	1	4
8473	T	CCTCC	5	8471	8475	CCTAC	10697	10701	1	4
8473	T	CCTCC	5	8471	8475	CCTGC	10672	10676	1	4
8473	T	CCTCC	5	8471	8475	CCGCC	10669	10673	1	4
8473	T	CCTCC	5	8471	8475	CCTAC	10556	10560	1	4
8473	T	CCTCC	5	8471	8475	CCTTC	12942	12946	1	4
8473	T	CCTCC	5	8471	8475	CCTAC	13071	13075	1	4
8473	T	CCTCC	5	8471	8475	CCTCA	14922	14926	1	4
8473	T	CCTCC	5	8471	8475	CCTAC	13983	13987	1	4
8473	T	CCTCC	5	8471	8475	ACTCC	14851	14855	1	4
8473	T	CCTCC	5	8471	8475	CATCC	14817	14821	1	4
8473	T	CCTCC	5	8471	8475	CCTCA	14445	14449	1	4
8473	T	CCTCC	5	8471	8475	ACTCC	14442	14446	1	4
8473	T	CCTCC	5	8471	8475	CCTAC	14309	14313	1	4
8473	T	CCTCC	5	8471	8475	TCTCC	14285	14289	1	4
8473	T	CCTCC	5	8471	8475	ACTCC	14133	14137	1	4
8473	T	CCTCC	5	8471	8475	CCTAC	14130	14134	1	4
8473	T	CCTCC	5	8471	8475	CATCC	14121	14125	1	4
8473	T	CCTCC	5	8471	8475	ACTCC	13986	13990	1	4
8473	T	CCTCC	5	8471	8475	CCTTC	13959	13963	1	4
8473	T	CCTCC	5	8471	8475	ACTCC	13074	13078	1	4
8473	T	CCTCC	5	8471	8475	TCTCC	13901	13905	1	4
8473	T	CCTCC	5	8471	8475	CCTAC	13683	13687	1	4
8473	T	CCTCC	5	8471	8475	ACTCC	13505	13509	1	4
8473	T	CCTCC	5	8471	8475	CATCC	13374	13378	1	4
8473	T	CCTCC	5	8471	8475	GCTCC	13361	13365	1	4
8473	T	CCTCC	5	8471	8475	CCTTC	13334	13338	1	4
8473	T	CCTCC	5	8471	8475	CCTGC	13314	13318	1	4
8473	T	CCTCC	5	8471	8475	TCTCC	13247	13251	1	4
8473	T	CCTCC	5	8471	8475	CCTTC	13244	13248	1	4
8473	T	CCTCC	5	8471	8475	CATCC	13116	13120	1	4
8473	T	ACCTC	5	8470	8474	ACCTT	1713	1717	1	4
8473	T	ACCTC	5	8470	8474	ACCCC	1836	1840	1	4
8473	T	ACCTC	5	8470	8474	ACTTC	11836	11840	1	4
8473	T	ACCTC	5	8470	8474	ACCTG	8725	8729	1	4
8473	T	ACCTC	5	8470	8474	TCCTC	9331	9335	1	4
8473	T	ACCTC	5	8470	8474	ACCCC	9254	9258	1	4
8473	T	ACCTC	5	8470	8474	GCCTC	9182	9186	1	4
8473	T	ACCTC	5	8470	8474	ACTTC	9171	9175	1	4
8473	T	ACCTC	5	8470	8474	ACCTA	9041	9045	1	4
8473	T	ACCTC	5	8470	8474	ACCGC	9007	9011	1	4
8473	T	ACCTC	5	8470	8474	ACTTC	8906	8910	1	4
8473	T	ACCTC	5	8470	8474	ACCTA	8828	8832	1	4
8473	T	ACCTC	5	8470	8474	TCCTC	8777	8781	1	4
8473	T	ACCTC	5	8470	8474	ATCTC	8730	8734	1	4
8473	T	ACCTC	5	8470	8474	ACCTT	8319	8323	1	4
8473	T	ACCTC	5	8470	8474	ACCTG	9425	9429	1	4
8473	T	ACCTC	5	8470	8474	ACCAC	8193	8197	1	4
8473	T	ACCTC	5	8470	8474	ACCGC	8138	8142	1	4
8473	T	ACCTC	5	8470	8474	ACCAC	8129	8133	1	4
8473	T	ACCTC	5	8470	8474	ACGTC	8116	8120	1	4
8473	T	ACCTC	5	8470	8474	ACGTC	8058	8062	1	4
8473	T	ACCTC	5	8470	8474	TCCTC	7806	7810	1	4
8473	T	ACCTC	5	8470	8474	ATCTC	7748	7752	1	4
8473	T	ACCTC	5	8470	8474	ACATC	7746	7750	1	4
8473	T	ACCTC	5	8470	8474	ACCTT	7649	7653	1	4
8473	T	ACCTC	5	8470	8474	ACCCC	7490	7494	1	4
8473	T	ACCTC	5	8470	8474	ACCAC	9415	9419	1	4
8473	T	ACCTC	5	8470	8474	ACCCC	9570	9574	1	4
8473	T	ACCTC	5	8470	8474	ACCAC	7245	7249	1	4
8473	T	ACCTC	5	8470	8474	ACCTA	10902	10906	1	4
8473	T	ACCTC	5	8470	8474	ACTTC	11800	11804	1	4
8473	T	ACCTC	5	8470	8474	AACTC	11750	11754	1	4
8473	T	ACCTC	5	8470	8474	TCCTC	11726	11730	1	4
8473	T	ACCTC	5	8470	8474	ACCTA	11601	11605	1	4
8473	T	ACCTC	5	8470	8474	GCCTC	11493	11497	1	4
8473	T	ACCTC	5	8470	8474	ACCTT	11144	11148	1	4
8473	T	ACCTC	5	8470	8474	ACCAC	11129	11133	1	4
8473	T	ACCTC	5	8470	8474	AACTC	11037	11041	1	4
8473	T	ACCTC	5	8470	8474	ACCAC	11020	11024	1	4
8473	T	ACCTC	5	8470	8474	ACCTT	10922	10926	1	4
8473	T	ACCTC	5	8470	8474	ACCTA	10744	10748	1	4
8473	T	ACCTC	5	8470	8474	ACCTG	9639	9643	1	4
8473	T	ACCTC	5	8470	8474	ACTTC	10514	10518	1	4
8473	T	ACCTC	5	8470	8474	ATCTC	10509	10513	1	4
8473	T	ACCTC	5	8470	8474	ACCCC	10161	10165	1	4
8473	T	ACCTC	5	8470	8474	AACTC	10135	10139	1	4
8473	T	ACCTC	5	8470	8474	ACTTC	10063	10067	1	4
8473	T	ACCTC	5	8470	8474	ACATC	9896	9900	1	4
8473	T	ACCTC	5	8470	8474	ACGTC	9826	9830	1	4
8473	T	ACCTC	5	8470	8474	ACTTC	9821	9825	1	4
8473	T	ACCTC	5	8470	8474	GCCTC	9738	9742	1	4
8473	T	ACCTC	5	8470	8474	AGCTC	9644	9648	1	4
8473	T	ACCTC	5	8470	8474	ACCTG	7375	7379	1	4
8473	T	ACCTC	5	8470	8474	ACATC	6994	6998	1	4
8473	T	ACCTC	5	8470	8474	AGCTC	2112	2116	1	4
8473	T	ACCTC	5	8470	8474	ACCTT	3532	3536	1	4
8473	T	ACCTC	5	8470	8474	ACCCC	4390	4394	1	4
8473	T	ACCTC	5	8470	8474	ACCTA	4258	4262	1	4
8473	T	ACCTC	5	8470	8474	AACTC	4157	4161	1	4
8473	T	ACCTC	5	8470	8474	AACTC	4064	4068	1	4
8473	T	ACCTC	5	8470	8474	ACATC	3941	3945	1	4
8473	T	ACCTC	5	8470	8474	ACCTT	3902	3906	1	4
8473	T	ACCTC	5	8470	8474	ATCTC	3724	3728	1	4
8473	T	ACCTC	5	8470	8474	AACTC	3676	3680	1	4
8473	T	ACCTC	5	8470	8474	TCCTC	3653	3657	1	4
8473	T	ACCTC	5	8470	8474	ACCTA	3602	3606	1	4
8473	T	ACCTC	5	8470	8474	ACATC	3499	3503	1	4
8473	T	ACCTC	5	8470	8474	ACCGC	4662	4666	1	4
8473	T	ACCTC	5	8470	8474	AACTC	3467	3471	1	4
8473	T	ACCTC	5	8470	8474	TCCTC	3329	3333	1	4
8473	T	ACCTC	5	8470	8474	ATCTC	3185	3189	1	4
8473	T	ACCTC	5	8470	8474	ACTTC	2861	2865	1	4
8473	T	ACCTC	5	8470	8474	ACCTG	2623	2627	1	4
8473	T	ACCTC	5	8470	8474	ACATC	2507	2511	1	4
8473	T	ACCTC	5	8470	8474	AACTC	2472	2476	1	4
8473	T	ACCTC	5	8470	8474	TCCTC	2253	2257	1	4
8473	T	ACCTC	5	8470	8474	AGCTC	2208	2212	1	4
8473	T	ACCTC	5	8470	8474	ACCTT	2135	2139	1	4
8473	T	ACCTC	5	8470	8474	AGCTC	4536	4540	1	4
8473	T	ACCTC	5	8470	8474	TCCTC	4690	4694	1	4
8473	T	ACCTC	5	8470	8474	AACTC	6981	6985	1	4
8473	T	ACCTC	5	8470	8474	ACCAC	5935	5939	1	4
8473	T	ACCTC	5	8470	8474	ACCTA	6601	6605	1	4
8473	T	ACCTC	5	8470	8474	ACCCC	6583	6587	1	4
8473	T	ACCTC	5	8470	8474	ACCCC	6565	6569	1	4
8473	T	ACCTC	5	8470	8474	ACCGC	6538	6542	1	4
8473	T	ACCTC	5	8470	8474	TCCTC	6369	6373	1	4
8473	T	ACCTC	5	8470	8474	ACCTA	6355	6359	1	4
8473	T	ACCTC	5	8470	8474	ACCTA	6334	6338	1	4
8473	T	ACCTC	5	8470	8474	ACATC	6058	6062	1	4
8473	T	ACCTC	5	8470	8474	ACCAC	6055	6059	1	4
8473	T	ACCTC	5	8470	8474	AGCTC	5996	6000	1	4
8473	T	ACCTC	5	8470	8474	ACCCC	5843	5847	1	4
8473	T	ACCTC	5	8470	8474	ACTTC	4804	4808	1	4
8473	T	ACCTC	5	8470	8474	ACCCC	5600	5604	1	4
8473	T	ACCTC	5	8470	8474	ACCCC	5436	5440	1	4
8473	T	ACCTC	5	8470	8474	GCCTC	5293	5297	1	4
8473	T	ACCTC	5	8470	8474	ACCTG	5166	5170	1	4
8473	T	ACCTC	5	8470	8474	ACCAC	5142	5146	1	4
8473	T	ACCTC	5	8470	8474	TCCTC	5013	5017	1	4
8473	T	ACCTC	5	8470	8474	TCCTC	4930	4934	1	4
8473	T	ACCTC	5	8470	8474	ATCTC	4902	4906	1	4
8473	T	ACCTC	5	8470	8474	ATCTC	4884	4888	1	4
8473	T	ACCTC	5	8470	8474	ACCCC	4833	4837	1	4
